4 1 1 1 1 1
UNSAT
8: -2 -3
9: -2 -4
14: -2 -9
52: -12 -13
57: -12 -18
99: -22 -27
118: -28 -36
177: -41 -45
217: -51 -54
256: -61 -63
294: -71 -72
446: -109 -112
739: 172 173 174 175 176 177 178 179 180
787: -191 -194
788: -191 -195
789: -191 -196
814: -199 -200
825: -200 -204
826: -200 -205
827: -200 -206
851: -208 -209
855: -208 -213
861: -209 -212
863: -209 -214
864: -209 -215
888: -217 -218
898: -218 -221
899: -218 -222
901: -218 -224
925: -226 -227
935: -227 -230
936: -227 -231
937: -227 -232
969: -235 -243
972: -236 -239
973: -236 -240
974: -236 -241
975: -236 -242
1035: 244 245 246 247 248 249 250 251 252
1109: 262 263 264 265 266 267 268 269 270
2811: 676 677 678 679 680 681 682 683 684
3889: -84 -172 -2 91
3909: -84 -174 -22 109
3915: -84 -175 -28 82
3928: -84 -176 -41 118
3938: -84 -177 -51 127
3948: -84 -178 -61 136
3958: -84 -179 -71 145
3968: -84 -180 -81 154
4738: -166 -266 -41 199
4748: -166 -267 -51 208
4758: -166 -268 -61 217
4768: -166 -269 -71 226
4778: -166 -270 -81 235
5266: -245 -109 -2 253
11099: -173 -100 -84 182
11180: -174 -181 -84 182
18998: -270 -680 -207 318
19007: -270 -681 -216 318
19016: -270 -682 -225 318
19025: -270 -683 -234 318
22689: -28 -2 -253 4
23430: -109 -12 -265 112
23434: -109 -12 -269 148
23435: -109 -12 -270 157
30729: -199 -22 -355 194
30731: -199 -22 -357 212
30732: -199 -22 -358 221
30733: -199 -22 -359 230
30734: -199 -22 -360 239
37290: -208 -22 -436 195
37293: -208 -22 -439 222
37294: -208 -22 -440 231
37295: -208 -22 -441 240
43851: -217 -22 -517 196
43852: -217 -22 -518 205
43853: -217 -22 -519 214
43855: -217 -22 -521 232
43856: -217 -22 -522 241
50413: -226 -22 -599 206
50414: -226 -22 -600 215
50415: -226 -22 -601 224
50417: -226 -22 -603 242
56970: -235 -22 -676 171
56971: -235 -22 -677 180
56974: -235 -22 -680 207
56976: -235 -22 -682 225
56977: -235 -22 -683 234
56978: -235 -22 -684 243
63037: -109 -84 -173 13
68625: -2 -12 -163 82
68626: -2 -12 -164 91
68630: -2 -12 -168 127
68633: -2 -12 -171 154
75276: -12 -22 -244 164
75279: -12 -22 -247 191
75281: -12 -22 -249 209
75282: -12 -22 -250 218
75283: -12 -22 -251 227
75284: -12 -22 -252 236
77436: -255 -262 -28 164
77445: -255 -263 -109 164
77483: -255 -267 -435 182
77484: -255 -267 -436 191
77487: -255 -267 -439 218
77488: -255 -267 -440 227
77489: -255 -267 -441 236
77501: -255 -269 -597 182
77510: -255 -270 -678 182
77511: -255 -270 -679 191
81892: -22 -28 -2 255
83190: -166 -190 -22 271
96474: -186 -208 -22 435
96555: -195 -208 -22 436
96798: -222 -208 -22 439
96879: -231 -208 -22 440
96960: -240 -208 -22 441
109596: -188 -226 -22 597
116157: -189 -235 -22 678
116238: -198 -235 -22 679
116319: -207 -235 -22 680
116481: -225 -235 -22 682
116562: -234 -235 -22 683
121357: -28 -22 -2 84
122087: -109 -22 -84 174
122186: -118 -41 -84 176
122276: -127 -51 -84 177
122366: -136 -61 -84 178
122456: -145 -71 -84 179
122546: -154 -81 -84 180
122916: -199 -41 -166 266
123006: -208 -51 -166 267
123096: -217 -61 -166 268
123186: -226 -71 -166 269
123276: -235 -81 -166 270
127685: -2 -109 -12 166
127694: -2 -118 -12 167
127703: -2 -127 -12 168
127712: -2 -136 -12 169
127721: -2 -145 -12 170
127730: -2 -154 -12 171
129422: -191 -148 -174 188
129431: -191 -157 -174 189
134319: -12 -182 -22 246
136516: -255 -191 -266 355
136517: -255 -191 -267 436
136518: -255 -191 -268 517
136527: -255 -200 -268 518
136528: -255 -200 -269 599
136534: -255 -209 -266 357
136536: -255 -209 -268 519
136537: -255 -209 -269 600
136543: -255 -218 -266 358
136544: -255 -218 -267 439
136546: -255 -218 -269 601
136552: -255 -227 -266 359
136553: -255 -227 -267 440
136554: -255 -227 -268 521
136561: -255 -236 -266 360
136562: -255 -236 -267 441
136563: -255 -236 -268 522
136564: -255 -236 -269 603
140940: -22 -246 -28 1
140958: -22 -264 -28 3
141012: -22 -318 -28 9
180476: 9 18 27 36 45 54 63 72 81
180513: 82 91 100 109 118 127 136 145 154
180846: 163 172 181 190 199 208 217 226 235
180883: 164 173 182 191 200 209 218 227 236
180958: -167 -176
180995: -168 -177
181031: 168 177 186 195 204 213 222 231 240
181032: -169 -178
181069: -170 -179
181106: -171 -180
181142: 171 180 189 198 207 216 225 234 243
181292: -248 -266
196992: -2 -1 -1
197640: -2 -82
197642: -2 -91
199491: -271 -28
203184: 2
203185: 12
203186: 22
203187: 28
203188: 41
203189: 51
203190: 61
203191: 71