1 1 1 2 2
UNSAT
0: -1 -2
1: -1 -3
2: -1 -4
3: -1 -5
4: -1 -6
5: -1 -7
28: -9 -10
29: -9 -11
30: -9 -12
31: -9 -13
32: -9 -14
55: -17 -18
56: -17 -19
57: -17 -20
58: -17 -21
84: -26 -27
85: -26 -28
104: -32 -34
105: -32 -35
130: -41 -42
165: -52 -53
167: -52 -55
168: -52 -56
169: -53 -54
170: -53 -55
171: -53 -56
172: -54 -55
173: -54 -56
174: -55 -56
175: 50 51 52 53 54 55 56
188: -59 -61
190: -59 -63
191: -60 -61
192: -60 -62
193: -60 -63
194: -61 -62
195: -61 -63
197: 57 58 59 60 61 62 63
198: -64 -65
199: -64 -66
200: -64 -67
201: -64 -68
202: -64 -69
203: -64 -70
205: -65 -67
207: -65 -69
210: -66 -68
211: -66 -69
214: -67 -69
215: -67 -70
216: -68 -69
217: -68 -70
218: -69 -70
219: 64 65 66 67 68 69 70
220: -71 -72
221: -71 -73
222: -71 -74
223: -71 -75
229: -72 -76
230: -72 -77
231: -73 -74
236: -74 -76
237: -74 -77
240: -76 -77
241: 71 72 73 74 75 76 77
242: -78 -79
243: -78 -80
245: -78 -82
247: -78 -84
248: -79 -80
251: -79 -83
252: -79 -84
254: -80 -82
259: -81 -84
260: -82 -83
261: -82 -84
262: -83 -84
263: 78 79 80 81 82 83 84
264: -85 -86
265: -85 -87
266: -85 -88
267: -85 -89
268: -85 -90
269: -85 -91
270: -86 -87
271: -86 -88
274: -86 -91
277: -87 -90
285: 85 86 87 88 89 90 91
286: -92 -93
287: -92 -94
288: -92 -95
289: -92 -96
290: -92 -97
291: -92 -98
292: -93 -94
294: -93 -96
295: -93 -97
298: -94 -96
300: -94 -98
303: -95 -98
305: -96 -98
306: -97 -98
307: 92 93 94 95 96 97 98
315: -100 -102
324: -102 -104
325: -102 -105
329: 99 100 101 102 103 104 105
330: -106 -107
331: -106 -108
332: -106 -109
333: -106 -110
334: -106 -111
335: -106 -112
346: -109 -111
347: -109 -112
349: -110 -112
351: 106 107 108 109 110 111 112
373: 113 114 115 116 117 118 119
381: -121 -123
395: 120 121 122 123 124 125 126
397: -127 -129
402: -128 -129
404: -128 -131
413: -130 -133
417: 127 128 129 130 131 132 133
424: -135 -136
425: -135 -137
427: -135 -139
438: -139 -140
439: 134 135 136 137 138 139 140
440: -141 -142
443: -141 -145
446: -142 -143
447: -142 -144
450: -142 -147
451: -143 -144
453: -143 -146
461: 141 142 143 144 145 146 147
483: 148 149 150 151 152 153 154
484: -155 -156
485: -155 -157
486: -155 -158
487: -155 -159
488: -155 -160
489: -155 -161
505: 155 156 157 158 159 160 161
506: -162 -163
507: -162 -164
509: -162 -166
510: -162 -167
511: -162 -168
512: -163 -164
527: 162 163 164 165 166 167 168
549: 169 170 171 172 173 174 175
571: 176 177 178 179 180 181 182
593: 183 184 185 186 187 188 189
594: -190 -191
615: 190 191 192 193 194 195 196
637: 197 198 199 200 201 202 203
638: -204 -205
639: -204 -206
640: -204 -207
642: -204 -209
643: -204 -210
659: 204 205 206 207 208 209 210
660: -211 -212
666: -212 -213
681: 211 212 213 214 215 216 217
689: -219 -221
725: 225 226 227 228 229 230 231
735: -233 -237
748: -239 -240
777: -247 -249
779: -247 -251
781: -248 -249
791: 246 247 248 249 250 251 252
793: -253 -255
799: -254 -256
800: -254 -257
803: -255 -256
804: -255 -257
807: -256 -257
809: -256 -259
813: 253 254 255 256 257 258 259
814: -260 -261
815: -260 -262
835: 260 261 262 263 264 265 266
838: -267 -270
842: -268 -269
863: -274 -280
868: -275 -280
872: -276 -280
901: 281 282 283 284 285 286 287
912: -289 -294
923: 288 289 290 291 292 293 294
945: 295 296 297 298 299 300 301
948: -302 -305
949: -302 -306
961: -305 -306
967: 302 303 304 305 306 307 308
968: -309 -310
970: -309 -312
971: -309 -313
989: 309 310 311 312 313 314 315
1011: 316 317 318 319 320 321 322
1077: 337 338 339 340 341 342 343
1519: -52 -106 -1 50
1527: -52 -107 -9 57
1535: -52 -108 -17 64
1544: -52 -109 -26 78
1550: -52 -110 -32 71
1560: -52 -111 -42 92
1566: -52 -112 -48 85
1568: -53 -155 -1 50
1576: -53 -156 -9 57
1584: -53 -157 -17 64
1593: -53 -158 -26 78
1599: -53 -159 -32 71
1609: -53 -160 -42 92
1615: -53 -161 -48 85
1617: -54 -204 -1 50
1642: -54 -207 -26 78
1648: -54 -208 -32 71
1658: -54 -209 -42 92
1664: -54 -210 -48 85
1666: -55 -253 -1 50
1674: -55 -254 -9 57
1682: -55 -255 -17 64
1691: -55 -256 -26 78
1697: -55 -257 -32 71
1713: -55 -259 -48 85
1715: -56 -302 -1 50
1723: -56 -303 -9 57
1731: -56 -304 -17 64
1740: -56 -305 -26 78
1746: -56 -306 -32 71
1756: -56 -307 -42 92
1762: -56 -308 -48 85
1813: -100 -64 -1 99
1821: -100 -65 -9 106
1838: -100 -67 -26 127
1844: -100 -68 -32 120
1854: -100 -69 -42 141
1860: -100 -70 -48 134
1911: -102 -162 -1 99
1919: -102 -163 -9 106
1927: -102 -164 -17 113
1942: -102 -166 -32 120
1952: -102 -167 -42 141
1958: -102 -168 -48 134
1960: -103 -211 -1 99
1968: -103 -212 -9 106
1976: -103 -213 -17 113
1985: -103 -214 -26 127
1991: -103 -215 -32 120
2001: -103 -216 -42 141
2007: -103 -217 -48 134
2009: -104 -260 -1 99
2017: -104 -261 -9 106
2025: -104 -262 -17 113
2040: -104 -264 -32 120
2056: -104 -266 -48 134
2058: -105 -309 -1 99
2066: -105 -310 -9 106
2074: -105 -311 -17 113
2089: -105 -313 -32 120
2099: -105 -314 -42 141
2156: -149 -71 -1 148
2164: -149 -72 -9 155
2187: -149 -75 -32 169
2205: -150 -120 -1 148
2221: -150 -122 -17 162
2262: -151 -170 -9 155
2285: -151 -173 -32 169
2311: -152 -219 -9 155
2352: -153 -267 -1 148
2401: -154 -316 -1 148
2499: -198 -78 -1 197
2507: -198 -79 -9 204
2524: -198 -81 -26 225
2556: -199 -128 -9 204
2605: -200 -177 -9 204
2671: -201 -228 -26 225
2695: -202 -274 -1 197
2744: -203 -323 -1 197
2842: -247 -85 -1 246
2850: -247 -86 -9 253
2889: -247 -91 -48 281
2891: -248 -134 -1 246
2899: -248 -135 -9 253
2907: -248 -136 -17 260
2916: -248 -137 -26 274
2932: -248 -139 -42 288
2938: -248 -140 -48 281
2940: -249 -183 -1 246
2948: -249 -184 -9 253
2997: -250 -233 -9 253
3046: -251 -282 -9 253
3054: -251 -283 -17 260
3085: -251 -287 -48 281
3095: -252 -331 -9 253
3185: -296 -92 -1 295
3193: -296 -93 -9 302
3226: -296 -97 -42 337
3250: -297 -143 -17 309
3283: -298 -190 -1 295
3291: -298 -191 -9 302
3332: -299 -239 -1 295
3471: -301 -342 -42 337
3542: -9 -52 -64 2
3546: -9 -52 -68 30
3547: -9 -52 -69 37
3548: -9 -52 -70 44
3549: -9 -53 -71 2
3551: -9 -53 -73 16
3553: -9 -53 -75 30
3556: -9 -54 -78 2
3558: -9 -54 -80 16
3559: -9 -54 -81 23
3563: -9 -55 -85 2
3565: -9 -55 -87 16
3566: -9 -55 -88 23
3567: -9 -55 -89 30
3569: -9 -55 -91 44
3570: -9 -56 -92 2
3572: -9 -56 -94 16
3573: -9 -56 -95 23
3574: -9 -56 -96 30
3575: -9 -56 -97 37
3941: -59 -109 -71 51
4179: -106 -17 -64 100
4180: -106 -17 -65 107
4182: -106 -17 -67 121
4183: -106 -17 -68 128
4184: -106 -17 -69 135
4185: -106 -17 -70 142
4242: -107 -68 -78 100
4284: -108 -116 -71 100
4286: -108 -116 -73 114
4307: -108 -119 -94 114
4316: -109 -162 -54 128
4323: -109 -163 -61 128
4324: -109 -163 -62 135
4326: -109 -164 -64 100
4341: -109 -166 -79 107
4357: -109 -168 -95 121
4364: -110 -211 -53 121
4372: -110 -212 -61 128
4375: -110 -213 -64 100
4383: -110 -214 -72 107
4416: -111 -260 -56 142
4420: -111 -261 -60 121
4421: -111 -261 -61 128
4425: -111 -262 -65 107
4443: -111 -264 -83 135
4450: -111 -265 -90 135
4452: -111 -266 -92 100
4453: -111 -266 -93 107
4454: -111 -266 -94 114
4464: -112 -309 -55 135
4470: -112 -310 -61 128
4473: -112 -311 -64 100
4494: -112 -314 -85 100
4495: -112 -314 -86 107
4536: -155 -26 -78 149
4537: -155 -26 -79 156
4538: -155 -26 -80 163
4539: -155 -26 -81 170
4540: -155 -26 -82 177
4541: -155 -26 -83 184
4542: -155 -26 -84 191
4609: -157 -120 -53 170
4618: -157 -121 -62 184
4619: -157 -121 -63 191
4620: -157 -122 -64 149
4628: -157 -123 -72 156
4643: -157 -125 -87 163
4658: -158 -169 -53 170
4683: -158 -173 -78 149
4690: -158 -174 -85 149
4691: -158 -174 -86 156
4697: -158 -175 -92 149
4698: -158 -175 -93 156
4767: -160 -269 -64 149
4782: -160 -271 -79 156
4798: -160 -273 -95 170
4816: -161 -318 -64 149
4825: -161 -319 -73 163
4831: -161 -320 -79 156
4840: -161 -321 -88 170
4872: -204 -32 -71 198
4873: -204 -32 -72 205
4874: -204 -32 -73 212
4875: -204 -32 -74 219
4877: -204 -32 -76 233
4878: -204 -32 -77 240
4953: -206 -127 -54 226
4958: -206 -128 -59 212
4961: -206 -128 -62 233
4962: -206 -128 -63 240
4963: -206 -129 -64 198
4967: -206 -129 -68 226
4974: -206 -130 -75 226
4978: -206 -131 -79 205
4984: -206 -132 -85 198
4986: -206 -132 -87 212
4992: -206 -133 -93 205
5083: -208 -230 -86 205
5086: -208 -230 -89 226
5089: -208 -231 -92 198
5147: -210 -323 -52 212
5159: -210 -325 -64 198
5184: -210 -328 -89 226
5236: -253 -42 -92 247
5237: -253 -42 -93 254
5238: -253 -42 -94 261
5239: -253 -42 -95 268
5240: -253 -42 -96 275
5242: -253 -42 -98 289
5283: -254 -90 -90 282
5297: -255 -134 -55 282
5302: -255 -135 -60 268
5306: -255 -136 -64 247
5311: -255 -136 -69 282
5328: -255 -139 -86 254
5355: -256 -185 -64 247
5374: -256 -187 -83 282
5384: -256 -189 -93 254
5395: -257 -232 -55 282
5404: -257 -234 -64 247
5433: -257 -238 -93 254
5444: -258 -281 -55 282
5454: -258 -283 -65 254
5461: -258 -284 -72 254
5467: -258 -285 -78 247
5468: -258 -285 -79 254
5572: -302 -48 -85 296
5573: -302 -48 -86 303
5574: -302 -48 -87 310
5575: -302 -48 -88 317
5576: -302 -48 -89 324
5577: -302 -48 -90 331
5641: -304 -141 -56 338
5645: -304 -142 -60 317
5649: -304 -143 -64 296
5655: -304 -143 -70 338
5678: -304 -147 -93 303
5698: -305 -192 -64 296
5718: -305 -194 -84 338
5853: -308 -340 -72 303
5860: -308 -341 -79 303
5866: -308 -342 -85 296
5985: -17 -100 -106 3
5988: -17 -100 -109 24
5990: -17 -100 -111 38
5991: -17 -100 -112 45
5999: -17 -102 -120 3
6000: -17 -102 -121 10
6003: -17 -102 -124 31
6006: -17 -103 -127 3
6007: -17 -103 -128 10
6009: -17 -103 -130 24
6014: -17 -104 -135 10
6016: -17 -104 -137 24
6019: -17 -104 -140 45
6020: -17 -105 -141 3
6021: -17 -105 -142 10
6025: -17 -105 -146 38
6230: -64 -9 -106 52
6232: -64 -9 -108 66
6233: -64 -9 -109 73
6234: -64 -9 -110 80
6235: -64 -9 -111 87
6236: -64 -9 -112 94
6294: -65 -60 -121 59
6301: -65 -61 -128 59
6308: -65 -62 -135 59
6309: -65 -62 -136 66
6311: -65 -62 -138 80
6315: -65 -63 -142 59
6316: -65 -63 -143 66
6387: -67 -157 -116 73
6436: -68 -206 -116 73
6438: -68 -206 -118 87
6487: -69 -255 -118 87
6488: -69 -255 -119 94
6537: -70 -304 -119 94
6654: -114 -69 -138 129
6768: -117 -211 -105 143
6937: -162 -26 -127 150
6938: -162 -26 -128 157
6939: -162 -26 -129 164
6942: -162 -26 -132 185
6943: -162 -26 -133 192
6961: -163 -71 -102 171
6965: -163 -72 -106 150
6967: -163 -72 -108 164
6968: -163 -72 -109 171
6981: -163 -74 -122 164
6987: -163 -75 -128 157
7100: -165 -175 -143 164
7117: -166 -219 -111 185
7118: -166 -219 -112 192
7274: -211 -32 -121 206
7275: -211 -32 -122 213
7278: -211 -32 -125 234
7279: -211 -32 -126 241
7305: -212 -78 -103 227
7324: -212 -81 -122 213
7331: -212 -82 -129 213
7492: -215 -231 -143 213
7637: -260 -42 -141 248
7638: -260 -42 -142 255
7639: -260 -42 -143 262
7641: -260 -42 -145 276
7649: -261 -85 -104 283
7754: -263 -184 -111 283
7863: -265 -284 -122 262
7899: -266 -331 -109 269
7973: -309 -48 -134 297
7974: -309 -48 -135 304
7975: -309 -48 -136 311
7993: -310 -92 -105 339
7994: -310 -93 -106 297
8031: -310 -98 -143 311
8092: -312 -191 -106 297
8194: -314 -289 -110 325
8255: -315 -340 -122 311
8262: -315 -341 -129 311
8484: -26 -198 -155 4
8491: -26 -199 -162 4
8492: -26 -199 -163 11
8506: -26 -201 -177 11
8631: -71 -9 -155 53
8633: -71 -9 -157 67
8634: -71 -9 -158 74
8635: -71 -9 -159 81
8636: -71 -9 -160 88
8689: -72 -59 -164 67
8709: -72 -62 -184 60
8716: -72 -63 -191 60
8725: -73 -106 -151 74
8727: -73 -106 -153 88
8728: -73 -106 -154 95
8737: -73 -108 -163 60
8744: -73 -109 -170 60
8757: -73 -111 -183 53
8758: -73 -111 -184 60
8760: -73 -111 -186 74
8762: -73 -111 -188 88
8763: -73 -111 -189 95
8841: -75 -207 -169 53
8892: -76 -256 -171 67
8982: -120 -17 -163 109
9037: -121 -67 -169 102
9038: -121 -67 -170 109
9040: -121 -67 -172 123
9041: -121 -67 -173 130
9270: -126 -310 -157 116
9738: -219 -83 -184 207
9745: -219 -84 -191 207
10039: -267 -42 -191 256
10040: -267 -42 -192 263
10041: -267 -42 -193 270
10042: -267 -42 -194 277
10052: -268 -86 -155 249
10375: -316 -48 -184 305
10376: -316 -48 -185 312
10395: -317 -93 -155 298
10836: -32 -149 -204 5
10844: -32 -150 -212 12
10851: -32 -151 -219 12
10857: -32 -152 -225 5
10864: -32 -153 -232 5
10871: -32 -154 -239 5
11032: -78 -9 -204 54
11034: -78 -9 -206 68
11035: -78 -9 -207 75
11036: -78 -9 -208 82
11037: -78 -9 -209 89
11038: -78 -9 -210 96
11089: -79 -59 -212 61
11090: -79 -59 -213 68
11110: -79 -62 -233 61
11112: -79 -62 -235 75
11117: -79 -63 -240 61
11151: -80 -110 -225 54
11153: -80 -110 -227 68
11154: -80 -110 -228 75
11155: -80 -110 -229 82
11157: -80 -110 -231 96
11383: -127 -17 -212 110
11445: -128 -68 -225 103
11446: -128 -68 -226 110
11448: -128 -68 -228 124
11449: -128 -68 -229 131
11474: -129 -114 -205 110
11524: -130 -163 -206 117
11622: -132 -261 -206 117
11671: -133 -310 -206 117
11846: -178 -125 -234 166
11853: -178 -126 -241 166
12440: -274 -42 -240 257
12441: -274 -42 -241 264
12776: -323 -48 -233 306
12777: -323 -48 -234 313
13384: -42 -296 -253 6
13387: -42 -296 -256 27
13388: -42 -296 -257 34
13391: -42 -297 -260 6
13398: -42 -298 -267 6
13405: -42 -299 -274 6
13410: -42 -299 -279 41
13412: -42 -300 -281 6
13433: -85 -9 -253 55
13435: -85 -9 -255 69
13436: -85 -9 -256 76
13437: -85 -9 -257 83
13438: -85 -9 -258 90
13439: -85 -9 -259 97
13491: -86 -59 -262 69
13495: -86 -59 -266 97
13497: -86 -60 -268 62
13509: -86 -61 -280 97
13560: -87 -111 -282 62
13692: -90 -256 -267 55
13755: -91 -307 -281 55
13783: -134 -17 -260 104
13784: -134 -17 -261 111
13853: -135 -69 -281 104
13854: -135 -69 -282 111
13858: -135 -69 -286 139
13925: -137 -163 -255 118
13974: -138 -212 -255 118
14068: -140 -309 -251 139
14098: -140 -314 -281 104
14141: -183 -26 -275 160
14142: -183 -26 -276 167
14477: -232 -32 -268 209
14530: -233 -81 -272 237
15004: -285 -233 -256 272
15212: -331 -95 -268 307
15262: -332 -144 -269 314
15736: -48 -247 -302 7
15740: -48 -247 -306 35
15743: -48 -248 -309 7
15744: -48 -248 -310 14
15750: -48 -249 -316 7
15757: -48 -250 -323 7
15765: -48 -251 -331 14
15770: -48 -251 -336 49
15771: -48 -252 -337 7
15834: -92 -9 -302 56
15836: -92 -9 -304 70
15837: -92 -9 -305 77
15838: -92 -9 -306 84
15839: -92 -9 -307 91
15840: -92 -9 -308 98
15892: -93 -59 -311 70
15898: -93 -60 -317 63
15905: -93 -61 -324 63
15948: -94 -109 -318 70
15967: -94 -112 -337 56
15969: -94 -112 -339 70
15970: -94 -112 -340 77
15971: -94 -112 -341 84
15972: -94 -112 -342 91
15973: -94 -112 -343 98
16114: -97 -259 -337 56
16185: -141 -17 -310 112
16189: -141 -17 -314 140
16326: -144 -163 -304 119
16375: -145 -212 -304 119
16542: -190 -26 -324 161
16878: -239 -32 -317 210
16879: -239 -32 -318 217
17269: -289 -88 -316 252
17270: -289 -88 -317 259
17275: -289 -88 -322 294
18350: -64 -53 -158 24
18351: -64 -53 -159 31
18352: -64 -53 -160 38
18358: -64 -54 -208 31
18365: -64 -55 -257 31
18366: -64 -55 -258 38
18371: -64 -56 -305 24
18372: -64 -56 -306 31
18373: -64 -56 -307 38
18374: -64 -56 -308 45
18394: -71 -52 -111 39
18415: -71 -55 -258 39
18419: -71 -56 -304 18
18442: -78 -52 -110 33
18450: -78 -53 -160 40
18451: -78 -53 -161 47
18492: -85 -52 -111 41
18539: -92 -52 -109 28
18540: -92 -52 -110 35
18552: -92 -54 -206 21
18644: -106 -102 -165 23
18646: -106 -102 -167 37
18647: -106 -102 -168 44
18652: -106 -103 -215 30
18653: -106 -103 -216 37
18654: -106 -103 -217 44
18658: -106 -104 -263 23
18659: -106 -104 -264 30
18660: -106 -104 -265 37
18665: -106 -105 -312 23
18666: -106 -105 -313 30
18667: -106 -105 -314 37
18668: -106 -105 -315 44
18840: -134 -102 -165 27
18851: -134 -104 -260 6
18974: -155 -149 -75 30
18986: -155 -151 -171 16
18987: -155 -151 -172 23
18988: -155 -151 -173 30
18989: -155 -151 -174 37
18990: -155 -151 -175 44
19027: -162 -150 -121 10
19030: -162 -150 -124 31
19031: -162 -150 -125 38
19032: -162 -150 -126 45
19133: -176 -151 -171 19
19136: -176 -151 -174 40
19137: -176 -151 -175 47
19216: -190 -149 -72 14
19316: -204 -198 -81 23
19327: -204 -200 -176 2
19329: -204 -200 -178 16
19330: -204 -200 -179 23
19332: -204 -200 -181 37
19333: -204 -200 -182 44
19559: -239 -198 -79 14
19755: -267 -247 -86 11
19804: -274 -247 -86 12
19821: -274 -249 -187 33
19932: -288 -251 -284 28
19933: -288 -251 -285 35
20002: -302 -296 -95 23
20004: -302 -296 -97 37
20049: -309 -296 -93 10
20147: -323 -296 -93 12
20343: -9 -9 -51 58
20344: -9 -9 -52 65
20345: -9 -9 -53 72
20346: -9 -9 -54 79
20347: -9 -9 -55 86
20348: -9 -9 -56 93
20755: -65 -61 -204 52
20760: -65 -61 -209 87
20769: -65 -63 -302 52
20772: -65 -63 -305 73
20790: -72 -59 -106 53
20805: -72 -61 -205 60
20860: -79 -62 -253 54
20863: -79 -62 -256 75
20866: -79 -62 -259 96
20872: -79 -63 -307 89
20888: -86 -59 -106 55
20889: -86 -59 -107 62
20895: -86 -60 -155 55
20902: -86 -61 -204 55
20940: -93 -59 -109 77
20951: -93 -61 -204 56
20974: -100 -106 -17 64
21028: -107 -107 -64 51
21029: -107 -107 -65 58
21092: -114 -109 -163 59
21096: -114 -109 -167 87
21099: -114 -110 -212 59
21103: -114 -110 -216 87
21104: -114 -110 -217 94
21106: -114 -111 -261 59
21108: -114 -111 -263 73
21109: -114 -111 -264 80
21112: -114 -112 -309 52
21113: -114 -112 -310 59
21115: -114 -112 -312 73
21116: -114 -112 -313 80
21117: -114 -112 -314 87
21121: -121 -106 -17 67
21170: -128 -106 -17 68
21219: -135 -106 -17 69
21237: -135 -108 -119 97
21268: -142 -106 -17 70
21319: -149 -155 -26 78
21371: -156 -156 -71 51
21417: -163 -155 -26 80
21439: -163 -158 -174 87
21466: -170 -155 -26 81
21515: -177 -155 -26 82
21564: -184 -155 -26 83
21613: -191 -155 -26 84
21661: -198 -204 -32 71
21714: -205 -205 -78 51
21715: -205 -205 -79 58
21716: -205 -205 -80 65
21720: -205 -205 -84 93
21759: -212 -204 -32 73
21808: -219 -204 -32 74
21906: -233 -204 -32 76
21955: -240 -204 -32 77
22007: -247 -253 -42 92
22057: -254 -254 -85 51
22061: -254 -254 -89 79
22062: -254 -254 -90 86
22063: -254 -254 -91 93
22105: -261 -253 -42 94
22154: -268 -253 -42 95
22185: -268 -258 -283 67
22203: -275 -253 -42 96
22349: -296 -302 -48 85
22400: -303 -303 -92 51
22401: -303 -303 -93 58
22447: -310 -302 -48 87
22496: -317 -302 -48 88
22545: -324 -302 -48 89
22594: -331 -302 -48 90
22800: -17 -17 -100 108
22801: -17 -17 -101 115
22802: -17 -17 -102 122
22803: -17 -17 -103 129
22804: -17 -17 -104 136
22805: -17 -17 -105 143
23040: -52 -65 -60 120
23041: -52 -65 -61 127
23042: -52 -65 -62 134
23043: -52 -65 -63 141
23100: -59 -67 -155 100
23102: -59 -67 -157 114
23104: -59 -67 -159 128
23105: -59 -67 -160 135
23106: -59 -67 -161 142
23107: -59 -68 -204 100
23109: -59 -68 -206 114
23110: -59 -68 -207 121
23112: -59 -68 -209 135
23113: -59 -68 -210 142
23114: -59 -69 -253 100
23115: -59 -69 -254 107
23116: -59 -69 -255 114
23117: -59 -69 -256 121
23118: -59 -69 -257 128
23120: -59 -69 -259 142
23121: -59 -70 -302 100
23123: -59 -70 -304 114
23124: -59 -70 -305 121
23125: -59 -70 -306 128
23126: -59 -70 -307 135
23142: -66 -66 -106 101
23178: -73 -64 -9 109
23214: -73 -69 -255 116
23227: -80 -64 -9 110
23263: -80 -69 -255 117
23270: -80 -70 -304 117
23276: -87 -64 -9 111
23305: -87 -68 -206 118
23325: -94 -64 -9 112
23354: -94 -68 -206 119
23443: -108 -116 -162 100
23450: -108 -117 -211 100
23527: -122 -114 -64 102
23559: -122 -118 -264 130
23562: -122 -119 -309 102
23566: -122 -119 -313 130
23576: -129 -114 -64 103
23590: -129 -116 -162 103
23611: -129 -119 -309 103
23612: -129 -119 -310 110
23616: -129 -119 -314 138
23625: -136 -114 -64 104
23646: -136 -117 -211 104
23688: -143 -116 -162 105
23720: -150 -162 -26 127
23769: -157 -162 -26 128
23773: -157 -163 -72 107
23965: -185 -162 -26 132
24014: -192 -162 -26 133
24115: -206 -212 -78 100
24116: -206 -212 -79 107
24172: -213 -213 -128 108
24555: -269 -260 -42 144
24604: -276 -260 -42 145
24653: -283 -260 -42 146
24702: -290 -260 -42 147
24750: -297 -309 -48 134
24799: -304 -309 -48 135
24835: -304 -314 -294 142
24897: -318 -309 -48 137
24946: -325 -309 -48 138
25313: -32 -26 -198 159
25314: -32 -26 -199 166
25315: -32 -26 -200 173
25316: -32 -26 -201 180
25317: -32 -26 -202 187
25318: -32 -26 -203 194
25440: -53 -72 -59 162
25444: -53 -72 -63 190
25500: -60 -73 -112 191
25512: -60 -75 -208 177
25513: -60 -75 -209 184
25514: -60 -75 -210 191
25517: -60 -76 -255 163
25518: -60 -76 -256 170
25519: -60 -76 -257 177
25520: -60 -76 -258 184
25525: -60 -77 -305 170
25530: -67 -71 -9 157
25567: -67 -76 -256 171
25599: -74 -74 -155 151
25641: -81 -73 -106 152
25742: -95 -73 -109 175
25793: -102 -122 -118 183
25794: -102 -122 -119 190
25825: -109 -120 -17 163
25830: -109 -121 -64 149
25831: -109 -121 -65 156
25852: -109 -124 -212 156
25880: -116 -121 -65 157
25900: -116 -124 -211 150
25942: -123 -123 -162 151
26208: -158 -175 -316 149
26209: -158 -175 -317 156
26211: -158 -175 -319 170
26212: -158 -175 -320 177
26213: -158 -175 -321 184
26570: -214 -219 -83 185
26629: -221 -221 -177 158
26630: -221 -221 -178 165
26632: -221 -221 -180 179
26633: -221 -221 -181 186
26634: -221 -221 -182 193
26766: -242 -219 -83 189
26809: -249 -267 -42 190
26858: -256 -267 -42 191
27151: -298 -316 -48 183
27232: -305 -321 -290 163
27315: -319 -319 -191 158
27658: -26 -32 -149 207
27659: -26 -32 -150 214
27660: -26 -32 -151 221
27661: -26 -32 -152 228
27662: -26 -32 -153 235
27663: -26 -32 -154 242
27841: -54 -79 -59 211
27844: -54 -79 -62 232
27845: -54 -79 -63 239
27882: -61 -78 -9 205
27895: -61 -80 -106 198
27897: -61 -80 -108 212
27899: -61 -80 -110 226
27900: -61 -80 -111 233
27901: -61 -80 -112 240
27902: -61 -81 -155 198
27918: -61 -83 -255 212
27920: -61 -83 -257 226
27921: -61 -83 -258 233
27922: -61 -83 -259 240
27923: -61 -84 -302 198
27925: -61 -84 -304 212
27926: -61 -84 -305 219
27929: -61 -84 -308 240
27931: -68 -78 -9 206
27980: -75 -78 -9 207
28056: -82 -82 -204 201
28078: -89 -78 -9 209
28127: -96 -78 -9 210
28144: -96 -80 -110 231
28190: -103 -129 -114 204
28194: -103 -129 -118 232
28195: -103 -129 -119 239
28226: -110 -127 -17 212
28231: -110 -128 -64 198
28234: -110 -128 -67 219
28237: -110 -128 -70 240
28280: -117 -128 -64 199
28281: -117 -128 -65 206
28294: -117 -130 -162 199
28400: -131 -131 -212 208
28628: -166 -177 -76 234
28675: -173 -177 -74 221
28743: -180 -180 -219 208
28775: -187 -177 -76 237
28824: -194 -177 -76 238
28966: -215 -226 -78 199
29210: -250 -274 -42 239
29275: -257 -277 -184 205
29552: -299 -323 -48 232
29618: -306 -326 -191 205
30227: -48 -42 -296 259
30228: -48 -42 -297 266
30229: -48 -42 -298 273
30230: -48 -42 -299 280
30231: -48 -42 -300 287
30232: -48 -42 -301 294
30242: -55 -86 -59 260
30243: -55 -86 -60 267
30244: -55 -86 -61 274
30246: -55 -86 -63 288
30298: -62 -87 -108 261
30301: -62 -87 -111 282
30305: -62 -88 -157 261
30306: -62 -88 -158 268
30307: -62 -88 -159 275
30308: -62 -88 -160 282
30312: -62 -89 -206 261
30315: -62 -89 -209 282
30332: -69 -85 -9 255
30347: -69 -87 -108 262
30364: -69 -89 -209 283
30381: -76 -85 -9 256
30399: -76 -87 -111 284
30413: -76 -89 -209 284
30430: -83 -85 -9 257
30450: -83 -88 -155 250
30513: -90 -90 -253 251
30515: -90 -90 -255 265
30517: -90 -90 -257 279
30518: -90 -90 -258 286
30528: -97 -85 -9 259
30578: -104 -134 -17 260
30583: -104 -135 -64 246
30594: -104 -136 -117 274
30596: -104 -136 -119 288
30605: -104 -138 -212 253
30627: -111 -134 -17 261
30633: -111 -135 -65 254
30647: -111 -137 -163 254
30784: -132 -135 -69 285
30923: -153 -183 -26 274
31363: -216 -232 -32 269
31660: -258 -281 -42 289
32054: -314 -331 -93 255
32056: -314 -331 -95 269
32154: -328 -331 -95 271
32229: -335 -335 -289 258
32230: -335 -335 -290 265
32231: -335 -335 -291 272
32232: -335 -335 -292 279
32233: -335 -335 -293 286
32572: -42 -48 -247 307
32573: -42 -48 -248 314
32574: -42 -48 -249 321
32575: -42 -48 -250 328
32576: -42 -48 -251 335
32577: -42 -48 -252 342
32643: -56 -93 -59 309
32644: -56 -93 -60 316
32645: -56 -93 -61 323
32699: -63 -94 -108 310
32703: -63 -94 -112 338
32706: -63 -95 -157 310
32707: -63 -95 -158 317
32708: -63 -95 -159 324
32710: -63 -95 -161 338
32717: -63 -96 -210 338
32733: -70 -92 -9 304
32741: -70 -93 -59 311
32748: -70 -94 -108 311
32782: -77 -92 -9 305
32831: -84 -92 -9 306
32851: -84 -95 -155 299
32880: -91 -92 -9 307
32913: -91 -96 -210 342
32995: -105 -143 -117 323
33006: -105 -145 -212 302
33028: -112 -141 -17 310
33083: -119 -142 -65 304
33088: -119 -142 -70 339
33110: -119 -146 -260 297
33137: -126 -142 -70 340
33186: -133 -142 -70 341
33313: -147 -147 -309 301
33324: -154 -190 -26 323
33334: -154 -192 -120 295
33355: -154 -195 -267 295
33373: -161 -190 -26 324
33422: -168 -190 -26 325
33685: -203 -242 -177 302
33764: -217 -239 -32 318
34210: -280 -289 -86 306
34343: -294 -294 -331 308
34345: -294 -294 -333 322
34347: -294 -294 -335 336
34356: -301 -338 -92 295
34419: -308 -340 -190 296
34720: -9 -16
34721: -9 -23
34722: -9 -30
34723: -9 -37
34724: -9 -44
34747: -17 -24
34748: -17 -31
34749: -17 -38
34750: -17 -45
34776: -32 -39
34795: -26 -33
34796: -26 -40
34797: -26 -47
34823: 6 13 20 27 34 41 48
34844: -42 -49
34857: -64 -71
34858: -64 -78
34859: -64 -85
34860: -64 -92
34861: -71 -78
34862: -71 -85
34863: -71 -92
34864: -78 -85
34865: -78 -92
34866: -85 -92
34867: 50 57 64 71 78 85 92
34879: -65 -72
34880: -65 -79
34881: -65 -86
34882: -65 -93
34883: -72 -79
34884: -72 -86
34885: -72 -93
34886: -79 -86
34887: -79 -93
34889: 51 58 65 72 79 86 93
34890: -52 -59
34892: -52 -73
34893: -52 -80
34894: -52 -87
34896: -59 -66
34897: -59 -73
34898: -59 -80
34901: -66 -73
34911: 52 59 66 73 80 87 94
34912: -53 -60
34913: -53 -67
34916: -53 -88
34917: -53 -95
34919: -60 -74
34920: -60 -81
34923: -67 -74
34933: 53 60 67 74 81 88 95
34934: -54 -61
34935: -54 -68
34936: -54 -75
34938: -54 -89
34939: -54 -96
34940: -61 -68
34941: -61 -75
34942: -61 -82
34949: -75 -82
34955: 54 61 68 75 82 89 96
34956: -55 -62
34957: -55 -69
34958: -55 -76
34959: -55 -83
34961: -55 -97
34962: -62 -69
34965: -62 -90
34966: -62 -97
34976: -90 -97
34977: 55 62 69 76 83 90 97
34978: -56 -63
34979: -56 -70
34980: -56 -77
34981: -56 -84
34984: -63 -70
34987: -63 -91
34988: -63 -98
34993: -77 -84
34998: -91 -98
34999: 56 63 70 77 84 91 98
35007: -106 -120
35008: -106 -127
35009: -106 -134
35010: -106 -141
35016: -120 -134
35017: -120 -141
35018: -127 -134
35019: -127 -141
35020: -134 -141
35021: 99 106 113 120 127 134 141
35022: -100 -107
35023: -100 -114
35025: -100 -128
35028: -107 -114
35043: 100 107 114 121 128 135 142
35051: -108 -122
35052: -108 -129
35053: -108 -136
35054: -108 -143
35059: -122 -129
35061: -122 -143
35062: -129 -136
35063: -129 -143
35065: 101 108 115 122 129 136 143
35066: -102 -109
35067: -102 -116
35069: -102 -130
35071: -102 -144
35072: -109 -116
35076: -109 -144
35077: -116 -123
35087: 102 109 116 123 130 137 144
35088: -103 -110
35089: -103 -117
35090: -103 -124
35092: -103 -138
35093: -103 -145
35094: -110 -117
35097: -110 -138
35098: -110 -145
35099: -117 -124
35100: -117 -131
35101: -117 -138
35109: 103 110 117 124 131 138 145
35110: -104 -111
35111: -104 -118
35112: -104 -125
35113: -104 -132
35115: -104 -146
35116: -111 -118
35117: -111 -125
35118: -111 -132
35120: -111 -146
35124: -118 -146
35131: 104 111 118 125 132 139 146
35132: -105 -112
35133: -105 -119
35134: -105 -126
35135: -105 -133
35136: -105 -140
35138: -112 -119
35139: -112 -126
35140: -112 -133
35141: -112 -140
35146: -119 -147
35153: 105 112 119 126 133 140 147
35160: -155 -162
35161: -155 -169
35162: -155 -176
35163: -155 -183
35164: -155 -190
35167: -162 -183
35168: -162 -190
35174: -183 -190
35177: -149 -163
35182: -156 -163
35187: -163 -170
35188: -163 -177
35189: -163 -184
35195: -177 -191
35197: 149 156 163 170 177 184 191
35219: 150 157 164 171 178 185 192
35220: -151 -158
35221: -151 -165
35222: -151 -172
35223: -151 -179
35224: -151 -186
35225: -151 -193
35226: -158 -165
35227: -158 -172
35243: -152 -166
35246: -152 -187
35247: -152 -194
35252: -159 -194
35256: -166 -194
35261: -180 -194
35262: -187 -194
35291: -154 -196
35314: -204 -211
35315: -204 -218
35317: -204 -232
35318: -204 -239
35321: -211 -232
35322: -211 -239
35328: -232 -239
35341: -212 -219
35344: -212 -240
35351: 198 205 212 219 226 233 240
35352: -199 -206
35358: -206 -213
35377: -200 -228
35378: -200 -235
35380: -207 -214
35381: -207 -221
35383: -207 -235
35384: -207 -242
35422: -202 -237
35446: -210 -217
35468: -253 -260
35469: -253 -267
35470: -253 -274
35471: -253 -281
35472: -253 -288
35473: -260 -267
35474: -260 -274
35475: -260 -281
35476: -260 -288
35477: -267 -274
35478: -267 -281
35479: -267 -288
35481: -274 -288
35483: 246 253 260 267 274 281 288
35505: 247 254 261 268 275 282 289
35506: -248 -255
35527: 248 255 262 269 276 283 290
35528: -249 -256
35537: -256 -284
35550: -250 -257
35559: -257 -285
35572: -251 -258
35573: -251 -265
35574: -251 -272
35575: -251 -279
35576: -251 -286
35578: -258 -265
35581: -258 -286
35595: -252 -266
35596: -252 -273
35597: -252 -280
35600: -259 -266
35601: -259 -273
35602: -259 -280
35603: -259 -287
35604: -259 -294
35606: -266 -280
35609: -273 -280
35613: -280 -294
35622: -302 -309
35627: -309 -316
35628: -309 -323
35629: -309 -330
35630: -309 -337
35631: -316 -323
35639: -296 -310
35641: -296 -324
35659: 296 303 310 317 324 331 338
35660: -297 -304
35681: 297 304 311 318 325 332 339
35703: 298 305 312 319 326 333 340
35704: -299 -306
35709: -299 -341
35714: -306 -341
35727: -300 -314
35728: -300 -321
35729: -300 -328
35731: -300 -342
35732: -307 -314
35733: -307 -321
35734: -307 -328
35735: -307 -335
35736: -307 -342
35737: -314 -321
35738: -314 -328
35739: -314 -335
35740: -314 -342
35742: -321 -335
35744: -328 -335
35748: -301 -308
35750: -301 -322
35753: -301 -343
35758: -308 -343
35777: -50 -1 2
35784: -99 -1 3
35791: -148 -1 4
35798: -197 -1 5
35805: -246 -1 6
35812: -295 -1 7
35820: -9 -58 57
35821: -9 -59 106
35822: -9 -60 155
35823: -9 -61 204
35824: -9 -62 253
35825: -9 -63 302
35837: -107 -61 206
35838: -107 -62 255
35842: -156 -59 109
35844: -156 -61 207
35845: -156 -62 256
35846: -156 -63 305
35849: -205 -59 110
35850: -205 -60 159
35853: -205 -63 306
35856: -254 -59 111
35857: -254 -60 160
35858: -254 -61 209
35863: -303 -59 112
35864: -303 -60 161
35865: -303 -61 210
35869: -17 -114 64
35870: -17 -115 113
35871: -17 -116 162
35872: -17 -117 211
35873: -17 -118 260
35874: -17 -119 309
35878: -66 -116 163
35881: -66 -119 310
35895: -164 -119 312
35901: -213 -118 264
35902: -213 -119 313
35904: -262 -114 69
35906: -262 -116 167
35909: -262 -119 314
35913: -311 -116 168
36027: -90 -286 282
36059: -335 -283 140
36062: -335 -286 287
36101: -294 -339 146
36557: -59 -106 -53 162
36558: -59 -106 -54 211
36559: -59 -106 -55 260
36560: -59 -106 -56 309
36608: -60 -155 -55 267
36609: -60 -155 -56 316
36654: -61 -204 -52 127
36657: -61 -204 -55 274
36658: -61 -204 -56 323
36704: -62 -253 -53 183
36705: -62 -253 -54 232
36707: -62 -253 -56 330
36753: -63 -302 -53 190
36754: -63 -302 -54 239
36851: -114 -64 -102 155
36852: -114 -64 -103 204
36853: -114 -64 -104 253
36854: -114 -64 -105 302
36947: -116 -162 -100 71
36950: -116 -162 -103 218
36951: -116 -162 -104 267
36952: -116 -162 -105 316
36996: -117 -211 -100 78
36998: -117 -211 -102 176
37000: -117 -211 -104 274
37001: -117 -211 -105 323
37045: -118 -260 -100 85
37047: -118 -260 -102 183
37048: -118 -260 -103 232
37094: -119 -309 -100 92
37096: -119 -309 -102 190
37097: -119 -309 -103 239
37098: -119 -309 -104 288
37247: -171 -121 -155 16
37548: -226 -80 -211 10
37986: -284 -184 -257 219
38329: -340 -191 -306 219
38880: -57 -9
38941: -59 -107
38942: -59 -65
38982: -59 -64 -9
38990: -59 -67 -72
38993: -59 -68 -79
38996: -59 -69 -86
38998: -59 -69 -255
38999: -59 -70 -93
39002: -60 -156
39003: -60 -72
39004: -60 -170
39043: -60 -71 -9
39050: -60 -73 -109
39059: -60 -76 -256
39062: -60 -77 -305
39063: -61 -205
39064: -61 -79
39065: -61 -226
39066: -61 -208
39104: -61 -78 -9
39120: -61 -83 -257
39123: -61 -84 -306
39124: -62 -254
39125: -62 -86
39126: -62 -282
39127: -62 -258
39165: -62 -85 -9
39178: -62 -89 -209
39185: -63 -303
39186: -63 -93
39187: -63 -338
39188: -63 -308
39226: -63 -92 -9
39233: -63 -94 -112
39246: -113 -17
39307: -114 -66
39308: -114 -108
39310: -114 -65
39358: -114 -109 -163
39368: -116 -164
39369: -116 -122
39370: -116 -171
39409: -116 -120 -17
39413: -116 -121 -67
39423: -116 -125 -136
39429: -117 -213
39430: -117 -129
39470: -117 -127 -17
39474: -117 -128 -68
39490: -118 -262
39531: -118 -134 -17
39551: -119 -311
39552: -119 -143
39553: -119 -339
39592: -119 -141 -17
39596: -119 -142 -70
39613: -169 -151
39676: -170 -72
39691: -170 -73 -109
39706: -170 -76 -256
39711: -170 -77 -305
39737: -171 -122
39747: -171 -121 -67
39777: -171 -163 -158
39858: -174 -284
39920: -175 -322
40042: -226 -79
40057: -226 -80 -110
40103: -227 -129
40113: -227 -128 -68
40345: -281 -251
40405: -282 -90
40408: -282 -86
40423: -282 -87 -111
40469: -283 -136
40479: -283 -135 -69
40649: -287 -335
40651: -287 -342
40711: -337 -301
40774: -338 -93
40789: -338 -94 -112
40835: -339 -143
40845: -339 -142 -70
41076: 1
41077: 9
41078: 17
41079: 26
41080: 32
41081: 42