1 1 1 1 3
UNSAT
0: -1 -2
1: -1 -3
2: -1 -4
3: -1 -5
4: -1 -6
5: -1 -7
28: -9 -10
29: -9 -11
30: -9 -12
31: -9 -13
32: -9 -14
55: -17 -18
56: -17 -19
57: -17 -20
58: -17 -21
81: -25 -26
82: -25 -27
83: -25 -28
106: -33 -34
108: -34 -35
129: -40 -42
153: 43 44 45 46 47 48 49
168: -52 -56
171: -53 -56
173: -54 -56
175: 50 51 52 53 54 55 56
187: -59 -60
188: -59 -61
190: -59 -63
191: -60 -61
197: 57 58 59 60 61 62 63
199: -64 -66
203: -64 -70
204: -65 -66
209: -66 -67
219: 64 65 66 67 68 69 70
220: -71 -72
221: -71 -73
222: -71 -74
223: -71 -75
225: -71 -77
227: -72 -74
238: -75 -76
239: -75 -77
241: 71 72 73 74 75 76 77
243: -78 -80
249: -79 -81
257: -81 -82
258: -81 -83
259: -81 -84
263: 78 79 80 81 82 83 84
264: -85 -86
265: -85 -87
268: -85 -90
269: -85 -91
270: -86 -87
285: 85 86 87 88 89 90 91
286: -92 -93
287: -92 -94
292: -93 -94
305: -96 -98
307: 92 93 94 95 96 97 98
326: -103 -104
327: -103 -105
329: 99 100 101 102 103 104 105
332: -106 -109
334: -106 -111
335: -106 -112
348: -110 -111
351: 106 107 108 109 110 111 112
367: -116 -117
373: 113 114 115 116 117 118 119
374: -120 -121
378: -120 -125
379: -120 -126
392: -124 -125
395: 120 121 122 123 124 125 126
400: -127 -132
414: -131 -132
417: 127 128 129 130 131 132 133
421: -134 -138
439: 134 135 136 137 138 139 140
451: -143 -144
460: -146 -147
461: 141 142 143 144 145 146 147
470: -149 -152
472: -149 -154
480: -152 -153
481: -152 -154
483: 148 149 150 151 152 153 154
485: -155 -157
486: -155 -158
487: -155 -159
488: -155 -160
489: -155 -161
490: -156 -157
491: -156 -158
505: 155 156 157 158 159 160 161
506: -162 -163
507: -162 -164
508: -162 -165
509: -162 -166
511: -162 -168
512: -163 -164
516: -163 -168
517: -164 -165
527: 162 163 164 165 166 167 168
534: -170 -171
537: -170 -174
541: -171 -174
542: -171 -175
549: 169 170 171 172 173 174 175
558: -177 -180
571: 176 177 178 179 180 181 182
572: -183 -184
574: -183 -186
593: 183 184 185 186 187 188 189
594: -190 -191
599: -190 -196
601: -191 -193
615: 190 191 192 193 194 195 196
637: 197 198 199 200 201 202 203
639: -204 -206
640: -204 -207
642: -204 -209
649: -206 -207
658: -209 -210
659: 204 205 206 207 208 209 210
669: -212 -216
673: -213 -216
680: -216 -217
681: 211 212 213 214 215 216 217
684: -218 -221
687: -218 -224
702: -223 -224
703: 218 219 220 221 222 223 224
721: -228 -231
725: 225 226 227 228 229 230 231
737: -234 -235
747: 232 233 234 235 236 237 238
769: 239 240 241 242 243 244 245
776: -247 -248
791: 246 247 248 249 250 251 252
794: -253 -256
795: -253 -257
813: 253 254 255 256 257 258 259
821: -261 -263
825: -262 -263
835: 260 261 262 263 264 265 266
838: -267 -270
857: 267 268 269 270 271 272 273
864: -275 -276
879: 274 275 276 277 278 279 280
901: 281 282 283 284 285 286 287
921: -292 -294
941: -298 -301
942: -299 -300
943: -299 -301
945: 295 296 297 298 299 300 301
947: -302 -304
948: -302 -305
967: 302 303 304 305 306 307 308
989: 309 310 311 312 313 314 315
1011: 316 317 318 319 320 321 322
1033: 323 324 325 326 327 328 329
1077: 337 338 339 340 341 342 343
1519: -52 -106 -1 50
1527: -52 -107 -9 57
1535: -52 -108 -17 64
1543: -52 -109 -25 71
1552: -52 -110 -34 85
1560: -52 -111 -42 92
1565: -52 -112 -47 78
1568: -53 -155 -1 50
1576: -53 -156 -9 57
1584: -53 -157 -17 64
1592: -53 -158 -25 71
1601: -53 -159 -34 85
1609: -53 -160 -42 92
1614: -53 -161 -47 78
1617: -54 -204 -1 50
1625: -54 -205 -9 57
1633: -54 -206 -17 64
1641: -54 -207 -25 71
1650: -54 -208 -34 85
1658: -54 -209 -42 92
1663: -54 -210 -47 78
1666: -55 -253 -1 50
1674: -55 -254 -9 57
1682: -55 -255 -17 64
1690: -55 -256 -25 71
1699: -55 -257 -34 85
1707: -55 -258 -42 92
1715: -56 -302 -1 50
1723: -56 -303 -9 57
1731: -56 -304 -17 64
1739: -56 -305 -25 71
1748: -56 -306 -34 85
1756: -56 -307 -42 92
1761: -56 -308 -47 78
1813: -100 -64 -1 99
1821: -100 -65 -9 106
1829: -100 -66 -17 113
1837: -100 -67 -25 120
1846: -100 -68 -34 134
1854: -100 -69 -42 141
1859: -100 -70 -47 127
1911: -102 -162 -1 99
1919: -102 -163 -9 106
1927: -102 -164 -17 113
1935: -102 -165 -25 120
1944: -102 -166 -34 134
1952: -102 -167 -42 141
1960: -103 -211 -1 99
1968: -103 -212 -9 106
1976: -103 -213 -17 113
1984: -103 -214 -25 120
1993: -103 -215 -34 134
2001: -103 -216 -42 141
2006: -103 -217 -47 127
2009: -104 -260 -1 99
2017: -104 -261 -9 106
2025: -104 -262 -17 113
2033: -104 -263 -25 120
2042: -104 -264 -34 134
2050: -104 -265 -42 141
2055: -104 -266 -47 127
2058: -105 -309 -1 99
2082: -105 -312 -25 120
2091: -105 -313 -34 134
2099: -105 -314 -42 141
2156: -149 -71 -1 148
2164: -149 -72 -9 155
2172: -149 -73 -17 162
2180: -149 -74 -25 169
2189: -149 -75 -34 183
2197: -149 -76 -42 190
2202: -149 -77 -47 176
2213: -150 -121 -9 155
2221: -150 -122 -17 162
2238: -150 -124 -34 183
2246: -150 -125 -42 190
2251: -150 -126 -47 176
2303: -152 -218 -1 148
2311: -152 -219 -9 155
2319: -152 -220 -17 162
2327: -152 -221 -25 169
2344: -152 -223 -42 190
2349: -152 -224 -47 176
2352: -153 -267 -1 148
2360: -153 -268 -9 155
2368: -153 -269 -17 162
2376: -153 -270 -25 169
2385: -153 -271 -34 183
2393: -153 -272 -42 190
2398: -153 -273 -47 176
2401: -154 -316 -1 148
2409: -154 -317 -9 155
2417: -154 -318 -17 162
2425: -154 -319 -25 169
2442: -154 -321 -42 190
2447: -154 -322 -47 176
2499: -198 -78 -1 197
2507: -198 -79 -9 204
2523: -198 -81 -25 218
2532: -198 -82 -34 232
2540: -198 -83 -42 239
2545: -198 -84 -47 225
2548: -199 -127 -1 197
2564: -199 -129 -17 211
2572: -199 -130 -25 218
2594: -199 -133 -47 225
2597: -200 -176 -1 197
2605: -200 -177 -9 204
2654: -201 -226 -9 204
2692: -201 -231 -47 225
2728: -202 -278 -34 232
2842: -247 -85 -1 246
2850: -247 -86 -9 253
2891: -248 -134 -1 246
2899: -248 -135 -9 253
2907: -248 -136 -17 260
2915: -248 -137 -25 267
2924: -248 -138 -34 281
2940: -249 -183 -1 246
2964: -249 -186 -25 267
2989: -250 -232 -1 246
3054: -251 -283 -17 260
3071: -251 -285 -34 281
3087: -252 -330 -1 246
3185: -296 -92 -1 295
3193: -296 -93 -9 302
3201: -296 -94 -17 309
3218: -296 -96 -34 330
3226: -296 -97 -42 337
3231: -296 -98 -47 323
3234: -297 -141 -1 295
3250: -297 -143 -17 309
3267: -297 -145 -34 330
3275: -297 -146 -42 337
3283: -298 -190 -1 295
3299: -298 -192 -17 309
3307: -298 -193 -25 316
3316: -298 -194 -34 330
3324: -298 -195 -42 337
3329: -298 -196 -47 323
3332: -299 -239 -1 295
3340: -299 -240 -9 302
3348: -299 -241 -17 309
3356: -299 -242 -25 316
3365: -299 -243 -34 330
3373: -299 -244 -42 337
3378: -299 -245 -47 323
3381: -300 -288 -1 295
3446: -301 -339 -17 309
3463: -301 -341 -34 330
3471: -301 -342 -42 337
3542: -9 -52 -64 2
3545: -9 -52 -67 23
3546: -9 -52 -68 30
3548: -9 -52 -70 44
3549: -9 -53 -71 2
3551: -9 -53 -73 16
3556: -9 -54 -78 2
3559: -9 -54 -81 23
3561: -9 -54 -83 37
3562: -9 -54 -84 44
3563: -9 -55 -85 2
3566: -9 -55 -88 23
3570: -9 -56 -92 2
3572: -9 -56 -94 16
3573: -9 -56 -95 23
3574: -9 -56 -96 30
4179: -106 -17 -64 100
4180: -106 -17 -65 107
4184: -106 -17 -69 135
4291: -108 -117 -78 100
4298: -108 -118 -85 100
4314: -109 -162 -52 114
4324: -109 -163 -62 135
4327: -109 -164 -65 107
4363: -110 -211 -52 114
4371: -110 -212 -60 121
4376: -110 -213 -65 107
4396: -110 -216 -85 100
4412: -111 -260 -52 114
4416: -111 -260 -56 142
4420: -111 -261 -60 121
4425: -111 -262 -65 107
4436: -111 -263 -76 135
4452: -111 -266 -92 100
4530: -155 -25 -72 156
4531: -155 -25 -73 163
4533: -155 -25 -75 177
4534: -155 -25 -76 184
4535: -155 -25 -77 191
4672: -158 -171 -67 170
4688: -158 -173 -83 184
4691: -158 -174 -86 156
4693: -158 -174 -88 170
4698: -158 -175 -93 156
4750: -159 -224 -96 177
4786: -160 -271 -83 184
4886: -204 -34 -85 198
4887: -204 -34 -86 205
4888: -204 -34 -87 212
4889: -204 -34 -88 219
4890: -204 -34 -89 226
4954: -206 -127 -55 233
5002: -207 -176 -54 226
5019: -207 -179 -71 198
5062: -208 -227 -65 205
5236: -253 -42 -92 247
5237: -253 -42 -93 254
5239: -253 -42 -95 268
5242: -253 -42 -98 289
5363: -256 -186 -72 254
5392: -257 -232 -52 261
5565: -302 -47 -78 296
5566: -302 -47 -79 303
5571: -302 -47 -84 338
5646: -304 -142 -61 324
5690: -305 -190 -56 338
5701: -305 -192 -67 317
5721: -305 -195 -87 310
5727: -305 -196 -93 303
5775: -306 -245 -92 296
5811: -307 -292 -79 303
5985: -17 -100 -106 3
5988: -17 -100 -109 24
5989: -17 -100 -110 31
5990: -17 -100 -111 38
5991: -17 -100 -112 45
5999: -17 -102 -120 3
6003: -17 -102 -124 31
6004: -17 -102 -125 38
6005: -17 -102 -126 45
6006: -17 -103 -127 3
6007: -17 -103 -128 10
6009: -17 -103 -130 24
6011: -17 -103 -132 38
6012: -17 -103 -133 45
6013: -17 -104 -134 3
6014: -17 -104 -135 10
6016: -17 -104 -137 24
6020: -17 -105 -141 3
6021: -17 -105 -142 10
6230: -64 -9 -106 52
6232: -64 -9 -108 66
6234: -64 -9 -110 80
6235: -64 -9 -111 87
6236: -64 -9 -112 94
6294: -65 -60 -121 59
6295: -65 -60 -122 66
6298: -65 -60 -125 87
6301: -65 -61 -128 59
6302: -65 -61 -129 66
6305: -65 -61 -132 87
6308: -65 -62 -135 59
6315: -65 -63 -142 59
6318: -65 -63 -145 80
6342: -66 -109 -120 52
6387: -67 -157 -116 73
6465: -68 -210 -145 80
6714: -116 -162 -100 108
6817: -118 -260 -105 143
6930: -162 -25 -120 150
6932: -162 -25 -122 164
6934: -162 -25 -124 178
6935: -162 -25 -125 185
6936: -162 -25 -126 192
6973: -163 -73 -114 157
6976: -163 -73 -117 178
6977: -163 -73 -118 185
6978: -163 -73 -119 192
7065: -165 -170 -108 164
7066: -165 -170 -109 171
7089: -165 -173 -132 185
7093: -165 -174 -136 164
7094: -165 -174 -137 171
7096: -165 -174 -139 185
7100: -165 -175 -143 164
7101: -165 -175 -144 171
7151: -166 -224 -145 178
7164: -167 -268 -109 171
7287: -211 -34 -134 199
7288: -211 -34 -135 206
7289: -211 -34 -136 213
7292: -211 -34 -139 234
7410: -214 -177 -110 227
7425: -214 -179 -125 234
7527: -216 -278 -129 213
7528: -216 -278 -130 220
7529: -216 -278 -131 227
7530: -216 -278 -132 234
7531: -216 -278 -133 241
7547: -217 -323 -100 206
7549: -217 -323 -102 220
7551: -217 -323 -104 234
7637: -260 -42 -141 248
7639: -260 -42 -143 262
7640: -260 -42 -144 269
7800: -264 -233 -108 262
7809: -264 -234 -117 276
7850: -265 -282 -109 269
7882: -265 -287 -141 248
7924: -266 -335 -134 248
7966: -309 -47 -127 297
7968: -309 -47 -129 311
7972: -309 -47 -133 339
8435: -25 -149 -155 4
8456: -25 -152 -176 4
8457: -25 -152 -177 11
8458: -25 -152 -178 18
8461: -25 -152 -181 39
8463: -25 -153 -183 4
8464: -25 -153 -184 11
8465: -25 -153 -185 18
8467: -25 -153 -187 32
8469: -25 -153 -189 46
8470: -25 -154 -190 4
8471: -25 -154 -191 11
8472: -25 -154 -192 18
8474: -25 -154 -194 32
8631: -71 -9 -155 53
8633: -71 -9 -157 67
8634: -71 -9 -158 74
8636: -71 -9 -160 88
8637: -71 -9 -161 95
8688: -72 -59 -163 60
8702: -72 -61 -177 60
8704: -72 -61 -179 74
8723: -73 -106 -149 60
8748: -73 -109 -174 88
8753: -73 -110 -179 74
8760: -73 -111 -186 74
8919: -77 -302 -149 60
8928: -77 -303 -158 74
8944: -77 -305 -174 88
8946: -77 -306 -176 53
8984: -120 -17 -165 123
8987: -120 -17 -168 144
9208: -124 -217 -193 123
9556: -174 -267 -149 158
9688: -218 -34 -183 200
9689: -218 -34 -184 207
9690: -218 -34 -185 214
9691: -218 -34 -186 221
9692: -218 -34 -187 228
9706: -219 -78 -152 228
9733: -219 -82 -179 221
9746: -219 -84 -192 214
10038: -267 -42 -190 249
10039: -267 -42 -191 256
10040: -267 -42 -192 263
10041: -267 -42 -193 270
10050: -268 -85 -153 284
10060: -268 -87 -163 256
10075: -268 -89 -178 263
10083: -268 -90 -186 270
10111: -269 -136 -165 270
10193: -271 -232 -149 256
10235: -271 -238 -191 256
10246: -272 -281 -153 284
10256: -272 -283 -163 256
10275: -272 -285 -182 291
10283: -272 -287 -190 249
10367: -316 -47 -176 298
10368: -316 -47 -177 305
10369: -316 -47 -178 312
10370: -316 -47 -179 319
10373: -316 -47 -182 340
10394: -317 -92 -154 340
10395: -317 -93 -155 298
10413: -317 -95 -173 326
10424: -317 -97 -184 305
10433: -317 -98 -193 319
10443: -318 -141 -154 340
10451: -318 -143 -162 298
10934: -34 -247 -204 5
10936: -34 -247 -206 19
10937: -34 -247 -207 26
10944: -34 -248 -214 26
10946: -34 -248 -216 40
10948: -34 -249 -218 5
10962: -34 -251 -232 5
10967: -34 -251 -237 40
10970: -34 -252 -240 12
11034: -78 -9 -206 68
11035: -78 -9 -207 75
11038: -78 -9 -210 96
11098: -79 -60 -221 75
11179: -81 -156 -204 54
11383: -127 -17 -212 110
11385: -127 -17 -214 124
11424: -128 -65 -204 103
11430: -128 -65 -210 145
11442: -128 -67 -222 131
11474: -129 -114 -205 110
11641: -132 -264 -225 103
11642: -132 -264 -226 110
11644: -132 -264 -228 124
11645: -132 -264 -229 131
11646: -132 -264 -230 138
11647: -132 -264 -231 145
11669: -133 -310 -204 103
11737: -176 -25 -223 187
11773: -177 -72 -210 194
11788: -177 -75 -225 152
11789: -177 -75 -226 159
11791: -177 -75 -228 173
11792: -177 -75 -229 180
11793: -177 -75 -230 187
11794: -177 -75 -231 194
11874: -179 -171 -213 166
11895: -179 -174 -234 166
11898: -179 -174 -237 187
12439: -274 -42 -239 250
12605: -278 -233 -209 285
12606: -278 -233 -210 292
12612: -278 -234 -216 285
12613: -278 -234 -217 292
12615: -278 -235 -219 257
12616: -278 -235 -220 264
12619: -278 -235 -223 285
12620: -278 -235 -224 292
12633: -278 -237 -237 285
12771: -323 -47 -228 320
12796: -324 -93 -204 299
13384: -42 -296 -253 6
13391: -42 -297 -260 6
13393: -42 -297 -262 20
13394: -42 -297 -263 27
13396: -42 -297 -265 41
13397: -42 -297 -266 48
13398: -42 -298 -267 6
13406: -42 -299 -275 13
13407: -42 -299 -276 20
13408: -42 -299 -277 27
13419: -42 -301 -288 6
13420: -42 -301 -289 13
13421: -42 -301 -290 20
13422: -42 -301 -291 27
13425: -42 -301 -294 48
13436: -85 -9 -256 76
13437: -85 -9 -257 83
13499: -86 -60 -270 76
13661: -89 -209 -285 83
13724: -91 -302 -250 83
13784: -134 -17 -261 111
13786: -134 -17 -263 125
13787: -134 -17 -264 132
13788: -134 -17 -265 139
13875: -136 -114 -254 111
14004: -138 -216 -285 132
14036: -139 -263 -268 111
14044: -139 -264 -276 118
14085: -140 -312 -268 111
14267: -186 -170 -254 160
14268: -186 -170 -255 167
14269: -186 -170 -256 174
14270: -186 -170 -257 181
14274: -186 -171 -261 160
14275: -186 -171 -262 167
14495: -232 -34 -286 237
14754: -238 -323 -251 237
15687: -47 -198 -302 7
15725: -47 -203 -340 28
15837: -92 -9 -305 77
15892: -93 -59 -311 70
15900: -93 -60 -319 77
15967: -94 -112 -337 56
15975: -95 -155 -296 63
16045: -96 -207 -317 63
16078: -97 -253 -301 98
16443: -146 -264 -323 105
16444: -146 -264 -324 112
16446: -146 -264 -326 126
16447: -146 -264 -327 133
16449: -146 -264 -329 147
16466: -147 -309 -297 119
16534: -190 -25 -316 154
16565: -191 -71 -298 175
16691: -193 -173 -326 175
16948: -240 -84 -338 210
16958: -241 -127 -299 231
16998: -241 -133 -339 217
17048: -242 -182 -340 224
17131: -244 -278 -325 217
17132: -244 -278 -326 224
17134: -244 -278 -328 238
17135: -244 -278 -329 245
17401: -292 -232 -301 294
17574: -337 -47 -327 329
18352: -64 -53 -160 38
18357: -64 -54 -207 24
18393: -71 -52 -110 32
18394: -71 -52 -111 39
18395: -71 -52 -112 46
18407: -71 -54 -208 32
18414: -71 -55 -257 32
18419: -71 -56 -304 18
18442: -78 -52 -110 33
18539: -92 -52 -109 28
18540: -92 -52 -110 35
18545: -92 -53 -157 21
18563: -92 -55 -259 49
18658: -106 -104 -263 23
18753: -120 -104 -260 4
18775: -127 -100 -65 12
18806: -127 -104 -264 33
18810: -127 -105 -310 12
18828: -134 -100 -69 41
18838: -134 -102 -163 13
18843: -134 -102 -168 48
18849: -134 -103 -216 41
18899: -141 -103 -217 49
18981: -155 -150 -124 30
18983: -155 -150 -126 44
18993: -155 -152 -220 16
18995: -155 -152 -222 30
18997: -155 -152 -224 44
19000: -155 -153 -269 16
19002: -155 -153 -271 30
19003: -155 -153 -272 37
19004: -155 -153 -273 44
19009: -155 -154 -320 30
19055: -162 -154 -317 10
19149: -176 -153 -271 33
19206: -183 -154 -321 41
19242: -190 -152 -224 49
19244: -190 -153 -268 14
19245: -190 -153 -269 21
19247: -190 -153 -271 35
19249: -190 -153 -273 49
19315: -204 -198 -80 16
19316: -204 -198 -81 23
19337: -204 -201 -228 23
19339: -204 -201 -230 37
19370: -211 -199 -128 10
19474: -225 -200 -176 5
19531: -232 -201 -226 13
19532: -232 -201 -227 20
19658: -253 -247 -87 16
19659: -253 -247 -88 23
19660: -253 -247 -89 30
19661: -253 -247 -90 37
19662: -253 -247 -91 44
19686: -253 -251 -283 16
19713: -260 -248 -135 10
19715: -260 -248 -137 24
19718: -260 -248 -140 45
20001: -302 -296 -94 16
20002: -302 -296 -95 23
20003: -302 -296 -96 30
20004: -302 -296 -97 37
20005: -302 -296 -98 44
20016: -302 -298 -193 23
20036: -302 -301 -339 16
20037: -302 -301 -340 23
20038: -302 -301 -341 30
20056: -309 -297 -142 10
20058: -309 -297 -144 24
20059: -309 -297 -145 31
20060: -309 -297 -146 38
20097: -316 -296 -92 4
20098: -316 -296 -93 11
20099: -316 -296 -94 18
20101: -316 -296 -96 32
20102: -316 -296 -97 39
20103: -316 -296 -98 46
20112: -316 -298 -191 11
20113: -316 -298 -192 18
20115: -316 -298 -194 32
20116: -316 -298 -195 39
20172: -323 -299 -244 40
20182: -323 -301 -338 12
20183: -323 -301 -339 19
20186: -323 -301 -342 40
20208: -330 -297 -147 48
20266: -337 -299 -240 14
20267: -337 -299 -241 21
20343: -9 -9 -51 58
20344: -9 -9 -52 65
20345: -9 -9 -53 72
20346: -9 -9 -54 79
20347: -9 -9 -55 86
20348: -9 -9 -56 93
20748: -65 -60 -155 52
20755: -65 -61 -204 52
20804: -72 -61 -204 53
20812: -72 -62 -254 60
20817: -72 -62 -259 95
20818: -72 -63 -302 53
20820: -72 -63 -304 67
20822: -72 -63 -306 81
20823: -72 -63 -307 88
20839: -79 -59 -106 54
20846: -79 -60 -155 54
20847: -79 -60 -156 61
20848: -79 -60 -157 68
20849: -79 -60 -158 75
20863: -79 -62 -256 75
20864: -79 -62 -257 82
20888: -86 -59 -106 55
20892: -86 -59 -110 83
20896: -86 -60 -156 62
20897: -86 -60 -157 69
20898: -86 -60 -158 76
20909: -86 -62 -253 55
20916: -86 -63 -302 55
20944: -93 -60 -155 56
20945: -93 -60 -156 63
20946: -93 -60 -157 70
20947: -93 -60 -158 77
20951: -93 -61 -204 56
20994: -100 -109 -163 57
21092: -114 -109 -163 59
21094: -114 -109 -165 73
21095: -114 -109 -166 80
21096: -114 -109 -167 87
21097: -114 -109 -168 94
21109: -114 -111 -264 80
21170: -128 -106 -17 68
21268: -142 -106 -17 70
21340: -149 -158 -173 78
21342: -149 -158 -175 92
21416: -163 -155 -25 73
21476: -170 -157 -120 53
21477: -170 -157 -121 60
21480: -170 -157 -124 81
21481: -170 -157 -125 88
21482: -170 -157 -126 95
21514: -177 -155 -25 75
21526: -177 -157 -121 61
21563: -184 -155 -25 76
21612: -191 -155 -25 77
21663: -198 -204 -34 85
21673: -198 -206 -128 57
21697: -198 -209 -278 78
21701: -198 -210 -324 57
21761: -212 -204 -34 87
21772: -212 -206 -129 66
21810: -219 -204 -34 88
21838: -219 -208 -230 88
21859: -226 -204 -34 89
21936: -233 -208 -230 90
21985: -240 -208 -230 91
21991: -240 -209 -278 84
22007: -247 -253 -42 92
22023: -247 -256 -184 57
22154: -268 -253 -42 95
22172: -268 -256 -186 74
22252: -282 -253 -42 97
22348: -296 -302 -47 78
22446: -310 -302 -47 80
22495: -317 -302 -47 81
22515: -317 -305 -193 74
22800: -17 -17 -100 108
22801: -17 -17 -101 115
22802: -17 -17 -102 122
22803: -17 -17 -103 129
22804: -17 -17 -104 136
22805: -17 -17 -105 143
23040: -52 -65 -60 120
23041: -52 -65 -61 127
23042: -52 -65 -62 134
23102: -59 -67 -157 114
23103: -59 -67 -158 121
23107: -59 -68 -204 100
23113: -59 -68 -210 142
23114: -59 -69 -253 100
23123: -59 -70 -304 114
23142: -66 -66 -106 101
23178: -73 -64 -9 109
23227: -80 -64 -9 110
23249: -80 -67 -157 117
23276: -87 -64 -9 111
23325: -94 -64 -9 112
23354: -94 -68 -206 119
23464: -108 -119 -309 100
23555: -122 -118 -260 102
23576: -129 -114 -64 103
23579: -129 -114 -67 124
23581: -129 -114 -69 138
23591: -129 -116 -163 110
23604: -129 -118 -260 103
23613: -129 -119 -311 117
23625: -136 -114 -64 104
23639: -136 -116 -162 104
23695: -143 -117 -211 105
23738: -150 -165 -170 106
23741: -150 -165 -173 127
23742: -150 -165 -174 134
23743: -150 -165 -175 141
23768: -157 -162 -25 121
23773: -157 -163 -72 107
23829: -164 -164 -121 108
23870: -171 -163 -71 102
23871: -171 -163 -72 109
23872: -171 -163 -73 116
23915: -178 -162 -25 124
23921: -178 -163 -73 117
23964: -185 -162 -25 125
23970: -185 -163 -73 118
24019: -192 -163 -73 119
24098: -199 -216 -278 127
24103: -199 -217 -325 113
24176: -213 -213 -132 136
24211: -220 -211 -34 137
24392: -241 -216 -278 133
24408: -248 -260 -42 141
24426: -248 -263 -186 120
24457: -255 -260 -42 142
24555: -269 -260 -42 144
24573: -269 -263 -186 123
24749: -297 -309 -47 127
24787: -297 -315 -337 99
24896: -318 -309 -47 130
25257: -25 -25 -149 158
25258: -25 -25 -150 165
25259: -25 -25 -151 172
25260: -25 -25 -152 179
25261: -25 -25 -153 186
25262: -25 -25 -154 193
25432: -53 -71 -9 155
25440: -53 -72 -59 162
25443: -53 -72 -62 183
25444: -53 -72 -63 190
25448: -53 -73 -109 169
25481: -60 -71 -9 156
25494: -60 -73 -106 149
25497: -60 -73 -109 170
25498: -60 -73 -110 177
25499: -60 -73 -111 184
25500: -60 -73 -112 191
25508: -60 -75 -204 149
25510: -60 -75 -206 163
25511: -60 -75 -207 170
25513: -60 -75 -209 184
25514: -60 -75 -210 191
25515: -60 -76 -253 149
25517: -60 -76 -255 163
25518: -60 -76 -256 170
25519: -60 -76 -257 177
25521: -60 -76 -259 191
25525: -60 -77 -305 170
25530: -67 -71 -9 157
25573: -67 -77 -304 164
25602: -74 -74 -158 172
25628: -81 -71 -9 159
25726: -95 -71 -9 161
25831: -109 -121 -65 156
25880: -116 -121 -65 157
25911: -116 -125 -264 178
25915: -116 -126 -310 157
25917: -116 -126 -312 171
25919: -116 -126 -314 185
25945: -123 -123 -165 172
25989: -130 -122 -118 187
26180: -158 -171 -120 149
26199: -158 -173 -223 184
26207: -158 -174 -273 191
26212: -158 -175 -320 177
26226: -165 -170 -75 178
26227: -165 -170 -76 185
26228: -165 -170 -77 192
26246: -165 -173 -221 171
26248: -165 -173 -223 185
26253: -165 -174 -270 171
26256: -165 -174 -273 192
26260: -165 -175 -319 171
26261: -165 -175 -320 178
26262: -165 -175 -321 185
26320: -179 -170 -71 152
26321: -179 -170 -72 159
26322: -179 -170 -73 166
26323: -179 -170 -74 173
26327: -179 -171 -120 152
26352: -179 -174 -271 180
26354: -179 -174 -273 194
26358: -179 -175 -319 173
26371: -186 -170 -73 167
26375: -186 -170 -77 195
26425: -193 -171 -120 154
26440: -193 -173 -219 161
26441: -193 -173 -220 168
26499: -200 -223 -278 176
26514: -207 -218 -34 184
26563: -214 -218 -34 185
26574: -214 -220 -129 164
26629: -221 -221 -177 158
26759: -242 -218 -34 189
26793: -242 -223 -278 182
26858: -256 -267 -42 191
26907: -263 -267 -42 192
27150: -298 -316 -47 176
27203: -305 -317 -93 156
27248: -312 -316 -47 178
27819: -47 -34 -247 210
27820: -47 -34 -248 217
27821: -47 -34 -249 224
27822: -47 -34 -250 231
27823: -47 -34 -251 238
27824: -47 -34 -252 245
27842: -54 -79 -60 218
27844: -54 -79 -62 232
27895: -61 -80 -106 198
27898: -61 -80 -109 219
27904: -61 -81 -157 212
27905: -61 -81 -158 219
27906: -61 -81 -159 226
27927: -61 -84 -306 226
27946: -68 -80 -108 213
27980: -75 -78 -9 207
27993: -75 -80 -106 200
28003: -75 -81 -158 221
28056: -82 -82 -204 201
28078: -89 -78 -9 209
28127: -96 -78 -9 210
28151: -96 -81 -159 231
28190: -103 -129 -114 204
28192: -103 -129 -116 218
28194: -103 -129 -118 232
28195: -103 -129 -119 239
28297: -117 -130 -165 220
28324: -124 -127 -17 214
28346: -124 -130 -165 221
28400: -131 -131 -212 208
28422: -138 -127 -17 216
28508: -145 -132 -264 231
28521: -152 -176 -25 218
28526: -152 -177 -72 204
28540: -152 -179 -170 204
28541: -152 -179 -171 211
28544: -152 -179 -174 232
28545: -152 -179 -175 239
28574: -159 -177 -71 198
28575: -159 -177 -72 205
28632: -166 -178 -122 213
28668: -173 -176 -25 221
28673: -173 -177 -72 207
28742: -180 -180 -218 201
28887: -201 -228 -181 232
28946: -208 -230 -275 205
28947: -208 -230 -276 212
28948: -208 -230 -277 219
28950: -208 -230 -279 233
28951: -208 -230 -280 240
29181: -243 -228 -181 238
29338: -264 -279 -282 206
29340: -264 -279 -284 220
29428: -278 -278 -232 201
29429: -278 -278 -233 208
29430: -278 -278 -234 215
29431: -278 -278 -235 222
29432: -278 -278 -236 229
29434: -278 -278 -238 243
29473: -285 -277 -186 223
29522: -292 -277 -186 224
29600: -306 -323 -47 226
29668: -313 -326 -192 213
29698: -320 -323 -47 228
30129: -34 -42 -296 257
30130: -34 -42 -297 264
30131: -34 -42 -298 271
30132: -34 -42 -299 278
30133: -34 -42 -300 285
30134: -34 -42 -301 292
30243: -55 -86 -60 267
30246: -55 -86 -63 288
30283: -62 -85 -9 254
30299: -62 -87 -109 268
30359: -69 -89 -204 248
30364: -69 -89 -209 283
30381: -76 -85 -9 256
30404: -76 -88 -158 270
30443: -83 -87 -106 250
30446: -83 -87 -109 271
30447: -83 -87 -110 278
30633: -111 -135 -65 254
30682: -118 -135 -65 255
30686: -118 -135 -69 283
30698: -118 -137 -165 269
30725: -125 -134 -17 263
30747: -125 -137 -165 270
30774: -132 -134 -17 264
30823: -139 -134 -17 265
30860: -139 -139 -264 279
30872: -146 -134 -17 266
30942: -153 -186 -171 260
30971: -160 -183 -25 268
30976: -160 -184 -72 254
31069: -174 -183 -25 270
31074: -174 -184 -72 256
31133: -181 -185 -124 278
31724: -265 -284 -183 248
31759: -272 -282 -85 249
32001: -307 -330 -47 275
32050: -314 -330 -47 276
32099: -321 -330 -47 277
32565: -42 -47 -198 307
32566: -42 -47 -199 314
32567: -42 -47 -200 321
32568: -42 -47 -201 328
32569: -42 -47 -202 335
32570: -42 -47 -203 342
32635: -56 -92 -9 302
32644: -56 -93 -60 316
32707: -63 -95 -158 317
32711: -63 -96 -204 296
32717: -63 -96 -210 338
32722: -63 -97 -257 324
32733: -70 -92 -9 304
32782: -77 -92 -9 305
32805: -77 -95 -158 319
32831: -84 -92 -9 306
32979: -105 -141 -17 309
32985: -105 -142 -65 302
33028: -112 -141 -17 310
33034: -112 -142 -65 303
33099: -119 -144 -165 318
33126: -126 -141 -17 312
33148: -126 -144 -165 319
33165: -126 -146 -266 340
33212: -133 -146 -264 327
33261: -140 -146 -264 328
33342: -154 -193 -170 302
33343: -154 -193 -171 309
33345: -154 -193 -173 323
33372: -161 -190 -25 317
33377: -161 -191 -72 303
33470: -175 -190 -25 319
33506: -175 -195 -271 326
33676: -203 -240 -84 337
33683: -203 -241 -133 337
33702: -203 -244 -278 323
33800: -217 -244 -278 325
33849: -224 -244 -278 326
33898: -231 -244 -278 327
33937: -238 -243 -226 307
33938: -238 -243 -227 314
33939: -238 -243 -228 321
33999: -245 -245 -323 301
34012: -252 -288 -42 337
34030: -252 -291 -186 316
34034: -252 -292 -232 295
34061: -259 -288 -42 338
34177: -273 -291 -186 319
34697: -1 -43
34720: -9 -16
34721: -9 -23
34722: -9 -30
34723: -9 -37
34724: -9 -44
34747: -17 -24
34748: -17 -31
34749: -17 -38
34750: -17 -45
34773: -25 -32
34774: -25 -39
34775: -25 -46
34820: -34 -41
34821: -34 -48
34844: -42 -49
34857: -64 -71
34858: -64 -78
34859: -64 -85
34860: -64 -92
34861: -71 -78
34862: -71 -85
34863: -71 -92
34864: -78 -85
34865: -78 -92
34866: -85 -92
34867: 50 57 64 71 78 85 92
34879: -65 -72
34881: -65 -86
34882: -65 -93
34883: -72 -79
34884: -72 -86
34885: -72 -93
34886: -79 -86
34888: -86 -93
34889: 51 58 65 72 79 86 93
34890: -52 -59
34891: -52 -66
34892: -52 -73
34893: -52 -80
34894: -52 -87
34896: -59 -66
34897: -59 -73
34898: -59 -80
34899: -59 -87
34900: -59 -94
34901: -66 -73
34905: -73 -80
34911: 52 59 66 73 80 87 94
34912: -53 -60
34913: -53 -67
34914: -53 -74
34915: -53 -81
34916: -53 -88
34917: -53 -95
34918: -60 -67
34919: -60 -74
34920: -60 -81
34921: -60 -88
34922: -60 -95
34930: -81 -88
34933: 53 60 67 74 81 88 95
34934: -54 -61
34935: -54 -68
34936: -54 -75
34937: -54 -82
34941: -61 -75
34942: -61 -82
34944: -61 -96
34947: -68 -89
34949: -75 -82
34955: 54 61 68 75 82 89 96
34956: -55 -62
34957: -55 -69
34958: -55 -76
34959: -55 -83
34963: -62 -76
34968: -69 -83
34969: -69 -90
34972: -76 -90
34978: -56 -63
34979: -56 -70
34980: -56 -77
34981: -56 -84
34982: -56 -91
34988: -63 -98
34990: -70 -84
34996: -84 -91
34999: 56 63 70 77 84 91 98
35007: -106 -120
35008: -106 -127
35009: -106 -134
35010: -106 -141
35015: -120 -127
35016: -120 -134
35017: -120 -141
35018: -127 -134
35019: -127 -141
35021: 99 106 113 120 127 134 141
35023: -100 -114
35024: -100 -121
35026: -100 -135
35033: -114 -121
35035: -114 -135
35036: -114 -142
35043: 100 107 114 121 128 135 142
35053: -108 -136
35054: -108 -143
35059: -122 -129
35060: -122 -136
35061: -122 -143
35065: 101 108 115 122 129 136 143
35066: -102 -109
35067: -102 -116
35071: -102 -144
35072: -109 -116
35079: -116 -137
35087: 102 109 116 123 130 137 144
35088: -103 -110
35089: -103 -117
35090: -103 -124
35092: -103 -138
35099: -117 -124
35100: -117 -131
35101: -117 -138
35109: 103 110 117 124 131 138 145
35110: -104 -111
35111: -104 -118
35112: -104 -125
35116: -111 -118
35119: -111 -139
35121: -118 -125
35122: -118 -132
35123: -118 -139
35126: -125 -139
35127: -125 -146
35131: 104 111 118 125 132 139 146
35132: -105 -112
35133: -105 -119
35134: -105 -126
35136: -105 -140
35138: -112 -119
35143: -119 -126
35146: -119 -147
35153: 105 112 119 126 133 140 147
35160: -155 -162
35162: -155 -176
35163: -155 -183
35164: -155 -190
35166: -162 -176
35168: -162 -190
35172: -176 -183
35173: -176 -190
35174: -183 -190
35175: 148 155 162 169 176 183 190
35178: -149 -170
35179: -149 -177
35180: -149 -184
35181: -149 -191
35183: -156 -170
35187: -163 -170
35193: -170 -191
35197: 149 156 163 170 177 184 191
35201: -150 -178
35202: -150 -185
35203: -150 -192
35205: -157 -171
35209: -164 -171
35219: 150 157 164 171 178 185 192
35226: -158 -165
35228: -158 -179
35229: -158 -186
35230: -158 -193
35232: -165 -179
35233: -165 -186
35234: -165 -193
35239: -179 -193
35240: -186 -193
35241: 151 158 165 172 179 186 193
35242: -152 -159
35243: -152 -166
35244: -152 -173
35245: -152 -180
35246: -152 -187
35247: -152 -194
35248: -159 -166
35249: -159 -173
35258: -173 -187
35264: -153 -160
35265: -153 -167
35266: -153 -174
35267: -153 -181
35269: -153 -195
35271: -160 -174
35275: -167 -174
35286: -154 -161
35287: -154 -168
35288: -154 -175
35289: -154 -182
35290: -154 -189
35292: -161 -168
35293: -161 -175
35297: -168 -175
35303: -175 -196
35307: 154 161 168 175 182 189 196
35314: -204 -211
35315: -204 -218
35316: -204 -225
35317: -204 -232
35318: -204 -239
35319: -211 -218
35320: -211 -225
35321: -211 -232
35323: -218 -225
35324: -218 -232
35326: -225 -232
35328: -232 -239
35329: 197 204 211 218 225 232 239
35330: -198 -205
35333: -198 -226
35334: -198 -233
35335: -198 -240
35340: -205 -240
35346: -219 -233
35347: -219 -240
35348: -226 -233
35349: -226 -240
35350: -233 -240
35351: 198 205 212 219 226 233 240
35356: -199 -234
35357: -199 -241
35369: -220 -241
35370: -227 -234
35371: -227 -241
35372: -234 -241
35373: 199 206 213 220 227 234 241
35376: -200 -221
35377: -200 -228
35378: -200 -235
35379: -200 -242
35392: -228 -235
35393: -228 -242
35394: -235 -242
35395: 200 207 214 221 228 235 242
35396: -201 -208
35397: -201 -215
35398: -201 -222
35402: -208 -215
35403: -208 -222
35406: -208 -243
35410: -215 -243
35413: -222 -243
35439: 202 209 216 223 230 237 244
35440: -203 -210
35441: -203 -217
35442: -203 -224
35446: -210 -217
35447: -210 -224
35448: -210 -231
35449: -210 -238
35450: -210 -245
35451: -217 -224
35452: -217 -231
35455: -224 -231
35456: -224 -238
35457: -224 -245
35458: -231 -238
35459: -231 -245
35461: 203 210 217 224 231 238 245
35468: -253 -260
35469: -253 -267
35471: -253 -281
35472: -253 -288
35473: -260 -267
35476: -260 -288
35478: -267 -281
35479: -267 -288
35484: -247 -254
35497: -261 -282
35505: 247 254 261 268 275 282 289
35506: -248 -255
35527: 248 255 262 269 276 283 290
35549: 249 256 263 270 277 284 291
35550: -250 -257
35551: -250 -264
35552: -250 -271
35553: -250 -278
35554: -250 -285
35555: -250 -292
35556: -257 -264
35557: -257 -271
35558: -257 -278
35560: -257 -292
35561: -264 -271
35562: -264 -278
35563: -264 -285
35564: -264 -292
35565: -271 -278
35567: -271 -292
35568: -278 -285
35569: -278 -292
35570: -285 -292
35571: 250 257 264 271 278 285 292
35572: -251 -258
35574: -251 -272
35576: -251 -286
35578: -258 -265
35585: -265 -286
35588: -272 -286
35596: -252 -273
35598: -252 -287
35610: -273 -287
35622: -302 -309
35623: -302 -316
35624: -302 -323
35625: -302 -330
35626: -302 -337
35627: -309 -316
35628: -309 -323
35631: -316 -323
35632: -316 -330
35633: -316 -337
35634: -323 -330
35635: -323 -337
35640: -296 -317
35641: -296 -324
35661: -297 -311
35663: -297 -325
35664: -297 -332
35685: -298 -326
35706: -299 -320
35707: -299 -327
35726: -300 -307
35727: -300 -314
35728: -300 -321
35729: -300 -328
35730: -300 -335
35731: -300 -342
35748: -301 -308
35749: -301 -315
35753: -301 -343
35777: -50 -1 2
35784: -99 -1 3
35791: -148 -1 4
35798: -197 -1 5
35805: -246 -1 6
35812: -295 -1 7
35820: -9 -58 57
35821: -9 -59 106
35822: -9 -60 155
35823: -9 -61 204
35824: -9 -62 253
35825: -9 -63 302
35836: -107 -60 157
35837: -107 -61 206
35839: -107 -63 304
35842: -156 -59 109
35844: -156 -61 207
35846: -156 -63 305
35849: -205 -59 110
35850: -205 -60 159
35853: -205 -63 306
35856: -254 -59 111
35857: -254 -60 160
35858: -254 -61 209
35860: -254 -63 307
35863: -303 -59 112
35864: -303 -60 161
35866: -303 -62 259
35869: -17 -114 64
35870: -17 -115 113
35871: -17 -116 162
35872: -17 -117 211
35873: -17 -118 260
35874: -17 -119 309
35878: -66 -116 163
35890: -164 -114 67
35899: -213 -116 166
35904: -262 -114 69
35906: -262 -116 167
35911: -311 -114 70
35913: -311 -116 168
35918: -25 -170 71
35919: -25 -171 120
35920: -25 -172 169
35921: -25 -173 218
35922: -25 -174 267
35923: -25 -175 316
35926: -74 -171 121
35928: -74 -173 219
35932: -123 -170 73
35935: -123 -173 220
35946: -221 -170 75
35951: -221 -175 320
35953: -270 -170 76
35954: -270 -171 125
35956: -270 -173 223
35958: -270 -175 321
35960: -319 -170 77
35964: -319 -174 273
35975: -82 -227 128
35977: -82 -229 226
35980: -131 -225 31
36004: -278 -228 181
36005: -278 -229 230
36029: -139 -281 38
36030: -139 -282 87
36032: -139 -284 185
36034: -139 -286 283
36035: -139 -287 332
36036: -188 -281 39
36098: -245 -343 341
36559: -59 -106 -55 260
36560: -59 -106 -56 309
36605: -60 -155 -52 120
36607: -60 -155 -54 218
36609: -60 -155 -56 316
36654: -61 -204 -52 127
36655: -61 -204 -53 176
36658: -61 -204 -56 323
36703: -62 -253 -52 134
36705: -62 -253 -54 232
36752: -63 -302 -52 141
36754: -63 -302 -54 239
36755: -63 -302 -55 288
36852: -114 -64 -103 204
36853: -114 -64 -104 253
36854: -114 -64 -105 302
36947: -116 -162 -100 71
36950: -116 -162 -103 218
36952: -116 -162 -105 316
37047: -118 -260 -102 183
37096: -119 -309 -102 190
37097: -119 -309 -103 239
37098: -119 -309 -104 288
37196: -170 -71 -153 253
37197: -170 -71 -154 302
37241: -171 -120 -149 64
37244: -171 -120 -152 211
37245: -171 -120 -153 260
37246: -171 -120 -154 309
37358: -173 -220 -168 325
37388: -174 -267 -149 85
37391: -174 -267 -152 232
37393: -174 -267 -154 330
37437: -175 -316 -149 92
37441: -175 -316 -153 288
37526: -225 -34 -238 300
37667: -228 -181 -232 27
37948: -283 -137 -268 67
38200: -337 -47 -324 54
38201: -337 -47 -325 103
38202: -337 -47 -326 152
38204: -337 -47 -328 250
38880: -57 -9
38942: -59 -65
38943: -59 -114
38944: -59 -108
38982: -59 -64 -9
38990: -59 -67 -72
38999: -59 -70 -93
39002: -60 -156
39003: -60 -72
39004: -60 -170
39005: -60 -158
39043: -60 -71 -9
39054: -60 -75 -79
39057: -60 -76 -86
39060: -60 -77 -93
39063: -61 -205
39064: -61 -79
39065: -61 -226
39066: -61 -208
39104: -61 -78 -9
39121: -61 -84 -93
39124: -62 -254
39125: -62 -86
39165: -62 -85 -9
39185: -63 -303
39186: -63 -93
39187: -63 -338
39226: -63 -92 -9
39236: -63 -95 -161
39246: -113 -17
39308: -114 -108
39310: -114 -65
39348: -114 -106 -17
39370: -116 -171
39371: -116 -165
39409: -116 -120 -17
39429: -117 -213
39430: -117 -129
39470: -117 -127 -17
39486: -117 -132 -264
39490: -118 -262
39491: -118 -136
39531: -118 -134 -17
39592: -119 -141 -17
39612: -169 -25
39674: -170 -158
39676: -170 -72
39714: -170 -155 -25
39735: -171 -165
39775: -171 -162 -25
39795: -173 -221
39796: -173 -179
39797: -173 -228
39836: -173 -176 -25
39840: -173 -177 -75
39856: -174 -270
39857: -174 -186
39858: -174 -284
39897: -174 -183 -25
39958: -175 -190 -25
39962: -175 -191 -77
39979: -225 -201
40042: -226 -79
40057: -226 -80 -110
40062: -226 -81 -159
40079: -226 -204 -201
40133: -227 -132 -264
40156: -227 -216 -278
40164: -228 -179
40179: -228 -178 -124
40217: -228 -223 -278
40222: -230 -278
40264: -230 -232 -34
40291: -231 -323 -47
40445: -282 -253 -251
40466: -283 -139
40469: -283 -136
40479: -283 -135 -69
40515: -283 -263 -272
40530: -284 -186
40596: -285 -232 -34
40711: -337 -301
40774: -338 -93
40811: -338 -302 -301
40896: -340 -193
40996: -341 -323 -47
41076: 1
41077: 9
41078: 17
41079: 25
41080: 34
41081: 42