1 1 1 4
UNSAT
0: -1 -2
1: -1 -3
2: -1 -4
3: -1 -5
4: -1 -6
5: -1 -7
28: -9 -10
29: -9 -11
30: -9 -12
31: -9 -13
32: -9 -14
55: -17 -18
56: -17 -19
57: -17 -20
58: -17 -21
81: -25 -26
85: -26 -28
104: -32 -34
108: -34 -35
127: -39 -42
153: 43 44 45 46 47 48 49
165: -52 -53
169: -53 -54
170: -53 -55
171: -53 -56
172: -54 -55
173: -54 -56
174: -55 -56
175: 50 51 52 53 54 55 56
187: -59 -60
188: -59 -61
189: -59 -62
190: -59 -63
191: -60 -61
192: -60 -62
193: -60 -63
194: -61 -62
197: 57 58 59 60 61 62 63
198: -64 -65
199: -64 -66
200: -64 -67
201: -64 -68
202: -64 -69
203: -64 -70
204: -65 -66
210: -66 -68
215: -67 -70
217: -68 -70
218: -69 -70
219: 64 65 66 67 68 69 70
221: -71 -73
222: -71 -74
231: -73 -74
236: -74 -76
241: 71 72 73 74 75 76 77
242: -78 -79
243: -78 -80
244: -78 -81
245: -78 -82
246: -78 -83
248: -79 -80
251: -79 -83
254: -80 -82
263: 78 79 80 81 82 83 84
264: -85 -86
265: -85 -87
272: -86 -89
275: -87 -88
279: -88 -89
281: -88 -91
282: -89 -90
285: 85 86 87 88 89 90 91
287: -92 -94
288: -92 -95
289: -92 -96
290: -92 -97
300: -94 -98
307: 92 93 94 95 96 97 98
316: -100 -103
326: -103 -104
327: -103 -105
328: -104 -105
329: 99 100 101 102 103 104 105
332: -106 -109
333: -106 -110
334: -106 -111
335: -106 -112
349: -110 -112
351: 106 107 108 109 110 111 112
367: -116 -117
369: -116 -119
373: 113 114 115 116 117 118 119
381: -121 -123
395: 120 121 122 123 124 125 126
397: -127 -129
399: -127 -131
401: -127 -133
404: -128 -131
417: 127 128 129 130 131 132 133
418: -134 -135
424: -135 -136
425: -135 -137
427: -135 -139
428: -135 -140
439: 134 135 136 137 138 139 140
445: -141 -147
450: -142 -147
461: 141 142 143 144 145 146 147
468: -149 -150
480: -152 -153
483: 148 149 150 151 152 153 154
484: -155 -156
489: -155 -161
505: 155 156 157 158 159 160 161
509: -162 -166
510: -162 -167
518: -164 -166
527: 162 163 164 165 166 167 168
542: -171 -175
549: 169 170 171 172 173 174 175
564: -178 -182
571: 176 177 178 179 180 181 182
581: -184 -188
583: -185 -186
585: -185 -188
587: -186 -187
590: -187 -188
593: 183 184 185 186 187 188 189
595: -190 -192
597: -190 -194
598: -190 -195
613: -194 -196
615: 190 191 192 193 194 195 196
637: 197 198 199 200 201 202 203
638: -204 -205
640: -204 -207
642: -204 -209
643: -204 -210
659: 204 205 206 207 208 209 210
666: -212 -213
669: -212 -216
681: 211 212 213 214 215 216 217
689: -219 -221
691: -219 -223
692: -219 -224
693: -220 -221
695: -220 -223
697: -221 -222
698: -221 -223
699: -221 -224
703: 218 219 220 221 222 223 224
725: 225 226 227 228 229 230 231
732: -233 -234
747: 232 233 234 235 236 237 238
757: -240 -244
769: 239 240 241 242 243 244 245
791: 246 247 248 249 250 251 252
792: -253 -254
793: -253 -255
796: -253 -258
813: 253 254 255 256 257 258 259
815: -260 -262
820: -261 -262
835: 260 261 262 263 264 265 266
836: -267 -268
838: -267 -270
843: -268 -270
844: -268 -271
857: 267 268 269 270 271 272 273
861: -274 -278
866: -275 -278
884: -281 -286
901: 281 282 283 284 285 286 287
923: 288 289 290 291 292 293 294
945: 295 296 297 298 299 300 301
947: -302 -304
948: -302 -305
949: -302 -306
950: -302 -307
967: 302 303 304 305 306 307 308
968: -309 -310
969: -309 -311
971: -309 -313
989: 309 310 311 312 313 314 315
995: -316 -322
997: -317 -319
999: -317 -321
1033: 323 324 325 326 327 328 329
1055: 330 331 332 333 334 335 336
1077: 337 338 339 340 341 342 343
1519: -52 -106 -1 50
1527: -52 -107 -9 57
1535: -52 -108 -17 64
1544: -52 -109 -26 78
1552: -52 -110 -34 85
1560: -52 -111 -42 92
1564: -52 -112 -46 71
1568: -53 -155 -1 50
1576: -53 -156 -9 57
1584: -53 -157 -17 64
1593: -53 -158 -26 78
1601: -53 -159 -34 85
1609: -53 -160 -42 92
1613: -53 -161 -46 71
1617: -54 -204 -1 50
1625: -54 -205 -9 57
1633: -54 -206 -17 64
1642: -54 -207 -26 78
1650: -54 -208 -34 85
1658: -54 -209 -42 92
1662: -54 -210 -46 71
1666: -55 -253 -1 50
1674: -55 -254 -9 57
1682: -55 -255 -17 64
1691: -55 -256 -26 78
1699: -55 -257 -34 85
1707: -55 -258 -42 92
1715: -56 -302 -1 50
1723: -56 -303 -9 57
1731: -56 -304 -17 64
1740: -56 -305 -26 78
1748: -56 -306 -34 85
1756: -56 -307 -42 92
1760: -56 -308 -46 71
1813: -100 -64 -1 99
1821: -100 -65 -9 106
1829: -100 -66 -17 113
1838: -100 -67 -26 127
1846: -100 -68 -34 134
1911: -102 -162 -1 99
1927: -102 -164 -17 113
1952: -102 -167 -42 141
1956: -102 -168 -46 120
1960: -103 -211 -1 99
1968: -103 -212 -9 106
1976: -103 -213 -17 113
1985: -103 -214 -26 127
2001: -103 -216 -42 141
2009: -104 -260 -1 99
2017: -104 -261 -9 106
2025: -104 -262 -17 113
2034: -104 -263 -26 127
2042: -104 -264 -34 134
2054: -104 -266 -46 120
2058: -105 -309 -1 99
2066: -105 -310 -9 106
2074: -105 -311 -17 113
2099: -105 -314 -42 141
2156: -149 -71 -1 148
2164: -149 -72 -9 155
2172: -149 -73 -17 162
2181: -149 -74 -26 176
2189: -149 -75 -34 183
2197: -149 -76 -42 190
2201: -149 -77 -46 169
2205: -150 -120 -1 148
2221: -150 -122 -17 162
2230: -150 -123 -26 176
2238: -150 -124 -34 183
2246: -150 -125 -42 190
2250: -150 -126 -46 169
2262: -151 -170 -9 155
2270: -151 -171 -17 162
2299: -151 -175 -46 169
2303: -152 -218 -1 148
2319: -152 -220 -17 162
2328: -152 -221 -26 176
2336: -152 -222 -34 183
2344: -152 -223 -42 190
2348: -152 -224 -46 169
2352: -153 -267 -1 148
2507: -198 -79 -9 204
2515: -198 -80 -17 211
2524: -198 -81 -26 225
2532: -198 -82 -34 232
2544: -198 -84 -46 218
2564: -199 -129 -17 211
2593: -199 -133 -46 218
2662: -201 -227 -17 211
2744: -203 -323 -1 197
2842: -247 -85 -1 246
2850: -247 -86 -9 253
2875: -247 -89 -34 281
2887: -247 -91 -46 267
2891: -248 -134 -1 246
2899: -248 -135 -9 253
2907: -248 -136 -17 260
2936: -248 -140 -46 267
2940: -249 -183 -1 246
2948: -249 -184 -9 253
2956: -249 -185 -17 260
2965: -249 -186 -26 274
2973: -249 -187 -34 281
2981: -249 -188 -42 288
2985: -249 -189 -46 267
3046: -251 -282 -9 253
3054: -251 -283 -17 260
3063: -251 -284 -26 274
3071: -251 -285 -34 281
3083: -251 -287 -46 267
3087: -252 -330 -1 246
3095: -252 -331 -9 253
3103: -252 -332 -17 260
3112: -252 -333 -26 274
3120: -252 -334 -34 281
3128: -252 -335 -42 288
3132: -252 -336 -46 267
3185: -296 -92 -1 295
3193: -296 -93 -9 302
3234: -297 -141 -1 295
3242: -297 -142 -9 302
3259: -297 -144 -26 323
3267: -297 -145 -34 330
3275: -297 -146 -42 337
3332: -299 -239 -1 295
3340: -299 -240 -9 302
3373: -299 -244 -42 337
3381: -300 -288 -1 295
3389: -300 -289 -9 302
3438: -301 -338 -9 302
3446: -301 -339 -17 309
3455: -301 -340 -26 323
3463: -301 -341 -34 330
3471: -301 -342 -42 337
3542: -9 -52 -64 2
3545: -9 -52 -67 23
3546: -9 -52 -68 30
3547: -9 -52 -69 37
3549: -9 -53 -71 2
3551: -9 -53 -73 16
3553: -9 -53 -75 30
3555: -9 -53 -77 44
3556: -9 -54 -78 2
3563: -9 -55 -85 2
3566: -9 -55 -88 23
3570: -9 -56 -92 2
3572: -9 -56 -94 16
3573: -9 -56 -95 23
3574: -9 -56 -96 30
3575: -9 -56 -97 37
4179: -106 -17 -64 100
4180: -106 -17 -65 107
4182: -106 -17 -67 121
4183: -106 -17 -68 128
4184: -106 -17 -69 135
4185: -106 -17 -70 142
4306: -108 -119 -93 107
4336: -109 -165 -74 121
4364: -110 -211 -53 121
4373: -110 -212 -62 135
4383: -110 -214 -72 107
4414: -111 -260 -54 128
4461: -112 -309 -52 114
4462: -112 -309 -53 121
4470: -112 -310 -61 128
4473: -112 -311 -64 100
4481: -112 -312 -72 107
4536: -155 -26 -78 149
4537: -155 -26 -79 156
4538: -155 -26 -80 163
4540: -155 -26 -82 177
4541: -155 -26 -83 184
4542: -155 -26 -84 191
4609: -157 -120 -53 170
4617: -157 -121 -61 177
4618: -157 -121 -62 184
4620: -157 -122 -64 149
4628: -157 -123 -72 156
4650: -157 -126 -94 163
4684: -158 -173 -79 156
4690: -158 -174 -85 149
4725: -159 -221 -71 149
4728: -159 -221 -74 170
4886: -204 -34 -85 198
4887: -204 -34 -86 205
4888: -204 -34 -87 212
4889: -204 -34 -88 219
4891: -204 -34 -90 233
4962: -206 -128 -63 240
5083: -208 -230 -86 205
5089: -208 -231 -92 198
5150: -210 -323 -55 233
5236: -253 -42 -92 247
5237: -253 -42 -93 254
5238: -253 -42 -94 261
5239: -253 -42 -95 268
5240: -253 -42 -96 275
5241: -253 -42 -97 282
5311: -255 -136 -69 282
5346: -256 -183 -55 282
5350: -256 -184 -59 261
5355: -256 -185 -64 247
5369: -256 -187 -78 247
5370: -256 -187 -79 254
5377: -256 -188 -86 254
5379: -256 -188 -88 268
5388: -256 -189 -97 282
5457: -258 -283 -68 275
5461: -258 -284 -72 254
5467: -258 -285 -78 247
5558: -302 -46 -71 296
5559: -302 -46 -72 303
5560: -302 -46 -73 310
5561: -302 -46 -74 317
5563: -302 -46 -76 331
5649: -304 -143 -64 296
5657: -304 -144 -72 303
5663: -304 -145 -78 296
5676: -304 -146 -91 338
5813: -307 -292 -81 317
5853: -308 -340 -72 303
5860: -308 -341 -79 303
5985: -17 -100 -106 3
5988: -17 -100 -109 24
5999: -17 -102 -120 3
6000: -17 -102 -121 10
6003: -17 -102 -124 31
6005: -17 -102 -126 45
6006: -17 -103 -127 3
6007: -17 -103 -128 10
6013: -17 -104 -134 3
6014: -17 -104 -135 10
6019: -17 -104 -140 45
6020: -17 -105 -141 3
6021: -17 -105 -142 10
6023: -17 -105 -144 24
6025: -17 -105 -146 38
6230: -64 -9 -106 52
6232: -64 -9 -108 66
6233: -64 -9 -109 73
6234: -64 -9 -110 80
6236: -64 -9 -112 94
6298: -65 -60 -125 87
6309: -65 -62 -136 66
6315: -65 -63 -142 59
6316: -65 -63 -143 66
6320: -65 -63 -147 94
6442: -68 -207 -122 66
6487: -69 -255 -118 87
6937: -162 -26 -127 150
6938: -162 -26 -128 157
6939: -162 -26 -129 164
6943: -162 -26 -133 192
6961: -163 -71 -102 171
6981: -163 -74 -122 164
7062: -165 -169 -105 192
7126: -166 -221 -120 150
7128: -166 -221 -122 164
7129: -166 -221 -123 171
7130: -166 -221 -124 178
7131: -166 -221 -125 185
7132: -166 -221 -126 192
7287: -211 -34 -134 199
7288: -211 -34 -135 206
7289: -211 -34 -136 213
7290: -211 -34 -137 220
7293: -211 -34 -140 241
7305: -212 -78 -103 227
7310: -212 -79 -108 213
7311: -212 -79 -109 220
7313: -212 -79 -111 234
7314: -212 -79 -112 241
7331: -212 -82 -129 213
7443: -214 -182 -143 213
7547: -217 -323 -100 206
7637: -260 -42 -141 248
7638: -260 -42 -142 255
7639: -260 -42 -143 262
7641: -260 -42 -145 276
7687: -261 -91 -142 255
7688: -261 -91 -143 262
7959: -309 -46 -120 297
7960: -309 -46 -121 304
7961: -309 -46 -122 311
7993: -310 -92 -105 339
8031: -310 -98 -143 311
8157: -313 -242 -122 311
8262: -315 -341 -129 311
8267: -315 -342 -134 297
8484: -26 -198 -155 4
8487: -26 -198 -158 25
8488: -26 -198 -159 32
8494: -26 -199 -165 25
8506: -26 -201 -177 11
8513: -26 -202 -184 11
8524: -26 -203 -195 39
8631: -71 -9 -155 53
8634: -71 -9 -158 74
8635: -71 -9 -159 81
8636: -71 -9 -160 88
8637: -71 -9 -161 95
8689: -72 -59 -164 67
8691: -72 -59 -166 81
8693: -72 -59 -168 95
8702: -72 -61 -177 60
8709: -72 -62 -184 60
8714: -72 -62 -189 95
8718: -72 -63 -193 74
8785: -74 -157 -162 53
8957: -77 -307 -187 81
9037: -121 -67 -169 102
9038: -121 -67 -170 109
9039: -121 -67 -171 116
9040: -121 -67 -172 123
9043: -121 -67 -175 144
9102: -122 -118 -185 116
9213: -125 -260 -149 109
9221: -125 -261 -157 116
9240: -125 -264 -176 102
9717: -219 -80 -163 207
9731: -219 -82 -177 207
9738: -219 -83 -184 207
9801: -221 -176 -149 207
9805: -221 -176 -153 235
9807: -221 -177 -155 200
9811: -221 -177 -159 228
9812: -221 -177 -160 235
9814: -221 -178 -162 200
9818: -221 -178 -166 228
9820: -221 -178 -168 242
9844: -221 -182 -192 214
9846: -221 -182 -194 228
10038: -267 -42 -190 249
10039: -267 -42 -191 256
10040: -267 -42 -192 263
10041: -267 -42 -193 270
10042: -267 -42 -194 277
10043: -267 -42 -195 284
10054: -268 -86 -157 263
10055: -268 -86 -158 270
10258: -272 -283 -165 270
10260: -272 -283 -167 284
10310: -273 -332 -168 291
10519: -319 -194 -181 333
10587: -321 -288 -151 319
10620: -321 -293 -184 305
10934: -34 -247 -204 5
10941: -34 -248 -211 5
10943: -34 -248 -213 19
10962: -34 -251 -232 5
10963: -34 -251 -233 12
10968: -34 -251 -238 47
10969: -34 -252 -239 5
10970: -34 -252 -240 12
10971: -34 -252 -241 19
10974: -34 -252 -244 40
10975: -34 -252 -245 47
11032: -78 -9 -204 54
11034: -78 -9 -206 68
11035: -78 -9 -207 75
11036: -78 -9 -208 82
11037: -78 -9 -209 89
11038: -78 -9 -210 96
11089: -79 -59 -212 61
11090: -79 -59 -213 68
11110: -79 -62 -233 61
11111: -79 -62 -234 68
11112: -79 -62 -235 75
11114: -79 -62 -237 89
11117: -79 -63 -240 61
11122: -79 -63 -245 96
11140: -80 -108 -214 75
11151: -80 -110 -225 54
11153: -80 -110 -227 68
11155: -80 -110 -229 82
11157: -80 -110 -231 96
11210: -81 -160 -235 75
11334: -84 -304 -212 61
11382: -127 -17 -211 103
11385: -127 -17 -214 124
11386: -127 -17 -215 131
11387: -127 -17 -216 138
11388: -127 -17 -217 145
11445: -128 -68 -225 103
11446: -128 -68 -226 110
11448: -128 -68 -228 124
11449: -128 -68 -229 131
11474: -129 -114 -205 110
11475: -129 -114 -206 117
11504: -129 -118 -235 124
11506: -129 -118 -237 138
11511: -129 -119 -242 124
12029: -182 -319 -221 173
12439: -274 -42 -239 250
12440: -274 -42 -240 257
12442: -274 -42 -242 271
12455: -275 -86 -206 264
12457: -275 -86 -208 278
12458: -275 -86 -209 285
12470: -275 -88 -221 271
12661: -279 -283 -216 285
12762: -323 -46 -219 306
12763: -323 -46 -220 313
12984: -327 -245 -245 341
13020: -328 -293 -232 299
13384: -42 -296 -253 6
13391: -42 -297 -260 6
13398: -42 -298 -267 6
13405: -42 -299 -274 6
13406: -42 -299 -275 13
13419: -42 -301 -288 6
13420: -42 -301 -289 13
13433: -85 -9 -253 55
13435: -85 -9 -255 69
13437: -85 -9 -257 83
13490: -86 -59 -261 62
13491: -86 -59 -262 69
13492: -86 -59 -263 76
13493: -86 -59 -264 83
13559: -87 -111 -281 55
13560: -87 -111 -282 62
13562: -87 -111 -284 76
13588: -88 -157 -261 62
13783: -134 -17 -260 104
13853: -135 -69 -281 104
13854: -135 -69 -282 111
13858: -135 -69 -286 139
13859: -135 -69 -287 146
13892: -136 -116 -271 132
14141: -183 -26 -275 160
14142: -183 -26 -276 167
14164: -184 -71 -249 174
14168: -184 -72 -253 153
14186: -184 -74 -271 181
14201: -184 -76 -286 188
14224: -185 -122 -260 153
14262: -186 -169 -249 174
14329: -187 -221 -267 153
14330: -187 -221 -268 160
14333: -187 -221 -271 181
14334: -187 -221 -272 188
14335: -187 -221 -273 195
14408: -189 -316 -248 167
14490: -232 -34 -281 202
14495: -232 -34 -286 237
14496: -232 -34 -287 244
14510: -233 -78 -252 244
14511: -233 -79 -253 202
14755: -238 -323 -252 244
15000: -285 -232 -252 293
15006: -285 -233 -258 286
15008: -285 -234 -260 251
15205: -331 -94 -261 307
15298: -333 -191 -256 321
15316: -333 -194 -274 300
15323: -333 -195 -281 300
15342: -334 -239 -251 335
15344: -334 -240 -253 300
15638: -46 -149 -302 7
15641: -46 -149 -305 28
15645: -46 -150 -309 7
15653: -46 -151 -317 14
15655: -46 -151 -319 28
15834: -92 -9 -302 56
15892: -93 -59 -311 70
15903: -93 -60 -322 98
15905: -93 -61 -324 63
15909: -93 -61 -328 91
15967: -94 -112 -337 56
15969: -94 -112 -339 70
15970: -94 -112 -340 77
15973: -94 -112 -343 98
16038: -96 -206 -310 63
16044: -96 -207 -316 56
16065: -96 -210 -337 56
16184: -141 -17 -309 105
16185: -141 -17 -310 112
16187: -141 -17 -312 126
16188: -141 -17 -313 133
16189: -141 -17 -314 140
16190: -141 -17 -315 147
16261: -142 -70 -337 105
16262: -142 -70 -338 112
16263: -142 -70 -339 119
16264: -142 -70 -340 126
16265: -142 -70 -341 133
16266: -142 -70 -342 140
16267: -142 -70 -343 147
16667: -193 -170 -302 154
16677: -193 -171 -312 175
16777: -195 -269 -314 189
16814: -196 -317 -302 154
16819: -196 -317 -307 189
16892: -239 -34 -331 210
16894: -239 -34 -333 224
16896: -239 -34 -335 238
16897: -239 -34 -336 245
16915: -240 -79 -305 224
17463: -293 -283 -314 287
18352: -64 -53 -160 38
18358: -64 -54 -208 31
18374: -64 -56 -308 45
18393: -71 -52 -110 32
18405: -71 -54 -206 18
18407: -71 -54 -208 32
18413: -71 -55 -256 25
18442: -78 -52 -110 33
18492: -85 -52 -111 41
18564: -92 -56 -302 7
18644: -106 -102 -165 23
18645: -106 -102 -166 30
18646: -106 -102 -167 37
18652: -106 -103 -215 30
18653: -106 -103 -216 37
18654: -106 -103 -217 44
18658: -106 -104 -263 23
18660: -106 -104 -265 37
18661: -106 -104 -266 44
18665: -106 -105 -312 23
18666: -106 -105 -313 30
18668: -106 -105 -315 44
18750: -120 -103 -215 32
18764: -120 -105 -313 32
18795: -127 -103 -211 5
18807: -127 -104 -265 40
18972: -155 -149 -73 16
18988: -155 -151 -173 30
18989: -155 -151 -174 37
19027: -162 -150 -121 10
19031: -162 -150 -125 38
19032: -162 -150 -126 45
19069: -169 -149 -72 11
19073: -169 -149 -76 39
19139: -176 -152 -219 12
19140: -176 -152 -220 19
19142: -176 -152 -222 33
19143: -176 -152 -223 40
19144: -176 -152 -224 47
19239: -190 -152 -221 28
19316: -204 -198 -81 23
19318: -204 -198 -83 37
19340: -204 -201 -231 44
19370: -211 -199 -128 10
19372: -211 -199 -130 24
19374: -211 -199 -132 38
19658: -253 -247 -87 16
19659: -253 -247 -88 23
19666: -253 -248 -137 23
19667: -253 -248 -138 30
19668: -253 -248 -139 37
19672: -253 -249 -185 16
19673: -253 -249 -186 23
19674: -253 -249 -187 30
19675: -253 -249 -188 37
19676: -253 -249 -189 44
19687: -253 -251 -284 23
19690: -253 -251 -287 44
19694: -253 -252 -333 23
19697: -253 -252 -336 44
19713: -260 -248 -135 10
19715: -260 -248 -137 24
19718: -260 -248 -140 45
19720: -260 -249 -184 10
19722: -260 -249 -186 24
19724: -260 -249 -188 38
19736: -260 -251 -284 24
19743: -260 -252 -333 24
19744: -260 -252 -334 31
19745: -260 -252 -335 38
19746: -260 -252 -336 45
19790: -267 -252 -331 11
19793: -267 -252 -334 32
19794: -267 -252 -335 39
19818: -274 -249 -184 12
19819: -274 -249 -185 19
19867: -281 -249 -184 13
19868: -281 -249 -185 20
19910: -288 -248 -136 21
19911: -288 -248 -137 28
19912: -288 -248 -138 35
19914: -288 -248 -140 49
19918: -288 -249 -186 28
19919: -288 -249 -187 35
19932: -288 -251 -284 28
20106: -316 -297 -143 18
20120: -316 -299 -241 18
20121: -316 -299 -242 25
20122: -316 -299 -243 32
20175: -323 -300 -289 12
20178: -323 -300 -292 33
20179: -323 -300 -293 40
20182: -323 -301 -338 12
20183: -323 -301 -339 19
20343: -9 -9 -51 58
20344: -9 -9 -52 65
20345: -9 -9 -53 72
20346: -9 -9 -54 79
20347: -9 -9 -55 86
20348: -9 -9 -56 93
20753: -65 -60 -160 87
20755: -65 -61 -204 52
20806: -72 -61 -206 67
20810: -72 -61 -210 95
20811: -72 -62 -253 53
20813: -72 -62 -255 67
20817: -72 -62 -259 95
20839: -79 -59 -106 54
20845: -79 -59 -112 96
20860: -79 -62 -253 54
20862: -79 -62 -255 68
20867: -79 -63 -302 54
20888: -86 -59 -106 55
20891: -86 -59 -109 76
20892: -86 -59 -110 83
20895: -86 -60 -155 55
20916: -86 -63 -302 55
20937: -93 -59 -106 56
20953: -93 -61 -206 70
20956: -93 -61 -209 91
20957: -93 -61 -210 98
20990: -100 -108 -117 78
20991: -100 -108 -118 85
21028: -107 -107 -64 51
21029: -107 -107 -65 58
21116: -114 -112 -313 80
21117: -114 -112 -314 87
21121: -121 -106 -17 67
21170: -128 -106 -17 68
21219: -135 -106 -17 69
21268: -142 -106 -17 70
21319: -149 -155 -26 78
21330: -149 -157 -121 57
21346: -149 -159 -221 71
21351: -149 -160 -268 57
21417: -163 -155 -26 80
21444: -163 -159 -221 73
21493: -170 -159 -221 74
21515: -177 -155 -26 82
21591: -184 -159 -221 76
21600: -184 -160 -272 90
21663: -198 -204 -34 85
21714: -205 -205 -78 51
21715: -205 -205 -79 58
21761: -212 -204 -34 87
21810: -219 -204 -34 88
21828: -219 -207 -178 67
21829: -219 -207 -179 74
21832: -219 -207 -182 95
21908: -233 -204 -34 90
21957: -240 -204 -34 91
21967: -240 -206 -128 63
22007: -247 -253 -42 92
22058: -254 -254 -86 58
22059: -254 -254 -87 65
22105: -261 -253 -42 94
22154: -268 -253 -42 95
22185: -268 -258 -283 67
22252: -282 -253 -42 97
22301: -289 -253 -42 98
22318: -289 -256 -185 70
22322: -289 -256 -189 98
22347: -296 -302 -46 71
22445: -310 -302 -46 73
22526: -317 -307 -288 53
22543: -324 -302 -46 75
22592: -331 -302 -46 76
22800: -17 -17 -100 108
22801: -17 -17 -101 115
22802: -17 -17 -102 122
22803: -17 -17 -103 129
22804: -17 -17 -104 136
22805: -17 -17 -105 143
23031: -52 -64 -9 106
23040: -52 -65 -60 120
23041: -52 -65 -61 127
23042: -52 -65 -62 134
23043: -52 -65 -63 141
23100: -59 -67 -155 100
23102: -59 -67 -157 114
23104: -59 -67 -159 128
23105: -59 -67 -160 135
23106: -59 -67 -161 142
23109: -59 -68 -206 114
23112: -59 -68 -209 135
23113: -59 -68 -210 142
23114: -59 -69 -253 100
23117: -59 -69 -256 121
23118: -59 -69 -257 128
23120: -59 -69 -259 142
23121: -59 -70 -302 100
23123: -59 -70 -304 114
23124: -59 -70 -305 121
23125: -59 -70 -306 128
23126: -59 -70 -307 135
23142: -66 -66 -106 101
23227: -80 -64 -9 110
23276: -87 -64 -9 111
23298: -87 -67 -157 118
23305: -87 -68 -206 118
23325: -94 -64 -9 112
23354: -94 -68 -206 119
23527: -122 -114 -64 102
23541: -122 -116 -162 102
23554: -122 -117 -217 144
23559: -122 -118 -264 130
23576: -129 -114 -64 103
23579: -129 -114 -67 124
23611: -129 -119 -309 103
23639: -136 -116 -162 104
23645: -136 -116 -168 146
23660: -136 -119 -309 104
23688: -143 -116 -162 105
23693: -143 -116 -167 140
23720: -150 -162 -26 127
23725: -150 -163 -73 113
23747: -150 -166 -221 120
23753: -150 -167 -269 113
23769: -157 -162 -26 128
23773: -157 -163 -72 107
23970: -185 -163 -73 118
23992: -185 -166 -221 125
24014: -192 -162 -26 133
24067: -199 -212 -79 106
24116: -206 -212 -79 107
24147: -206 -216 -278 128
24408: -248 -260 -42 141
24825: -304 -313 -242 121
24927: -318 -314 -288 102
24993: -332 -309 -46 125
24998: -332 -310 -93 111
25411: -46 -26 -198 161
25412: -46 -26 -199 168
25413: -46 -26 -200 175
25414: -46 -26 -201 182
25415: -46 -26 -202 189
25416: -46 -26 -203 196
25440: -53 -72 -59 162
25442: -53 -72 -61 176
25443: -53 -72 -62 183
25508: -60 -75 -204 149
25530: -67 -71 -9 157
25599: -74 -74 -155 151
25601: -74 -74 -157 165
25602: -74 -74 -158 172
25603: -74 -74 -159 179
25628: -81 -71 -9 159
25677: -88 -71 -9 160
25711: -88 -76 -253 153
25760: -95 -76 -253 154
25789: -102 -122 -114 155
25793: -102 -122 -118 183
25825: -109 -120 -17 163
25831: -109 -121 -65 156
25880: -116 -121 -65 157
25882: -116 -121 -67 171
25917: -116 -126 -312 171
26135: -151 -171 -124 176
26369: -186 -170 -71 153
26628: -221 -221 -176 151
26629: -221 -221 -177 158
26630: -221 -221 -178 165
26631: -221 -221 -179 172
26633: -221 -221 -181 186
26634: -221 -221 -182 193
26717: -235 -219 -83 188
26718: -235 -219 -84 195
26759: -242 -218 -34 189
26762: -242 -219 -79 161
26796: -242 -224 -323 154
26809: -249 -267 -42 190
26831: -249 -271 -232 148
26840: -249 -272 -283 162
26846: -249 -273 -331 155
26849: -249 -273 -334 176
26851: -249 -273 -336 190
26860: -256 -268 -86 156
26907: -263 -267 -42 192
27005: -277 -267 -42 194
27056: -284 -268 -86 160
27103: -291 -267 -42 196
27149: -298 -316 -46 169
27198: -305 -316 -46 170
27256: -312 -317 -97 185
27318: -319 -319 -194 179
27354: -326 -317 -97 187
27452: -340 -317 -97 189
27672: -26 -34 -247 207
27673: -26 -34 -248 214
27674: -26 -34 -249 221
27676: -26 -34 -251 235
27677: -26 -34 -252 242
27844: -54 -79 -62 232
27845: -54 -79 -63 239
27899: -61 -80 -110 226
27902: -61 -81 -155 198
27904: -61 -81 -157 212
27905: -61 -81 -158 219
27906: -61 -81 -159 226
27916: -61 -83 -253 198
27918: -61 -83 -255 212
27919: -61 -83 -256 219
27920: -61 -83 -257 226
27921: -61 -83 -258 233
27922: -61 -83 -259 240
27931: -68 -78 -9 206
27953: -68 -81 -157 213
27980: -75 -78 -9 207
28018: -75 -83 -257 228
28056: -82 -82 -204 201
28059: -82 -82 -207 222
28078: -89 -78 -9 209
28127: -96 -78 -9 210
28177: -103 -127 -17 211
28190: -103 -129 -114 204
28194: -103 -129 -118 232
28195: -103 -129 -119 239
28232: -110 -128 -65 205
28553: -152 -181 -267 197
28745: -180 -180 -221 222
29357: -271 -274 -42 242
29359: -271 -275 -86 207
29429: -278 -278 -233 208
29430: -278 -278 -234 215
29434: -278 -278 -238 243
29457: -285 -275 -86 209
29504: -292 -274 -42 245
29550: -299 -323 -46 218
29669: -313 -326 -193 220
29844: -341 -323 -46 224
30129: -34 -42 -296 257
30130: -34 -42 -297 264
30131: -34 -42 -298 271
30132: -34 -42 -299 278
30133: -34 -42 -300 285
30134: -34 -42 -301 292
30234: -55 -85 -9 253
30242: -55 -86 -59 260
30246: -55 -86 -63 288
30296: -62 -87 -106 247
30300: -62 -87 -110 275
30301: -62 -87 -111 282
30310: -62 -89 -204 247
30315: -62 -89 -209 282
30327: -62 -91 -305 268
30328: -62 -91 -306 275
30330: -62 -91 -308 289
30332: -69 -85 -9 255
30347: -69 -87 -108 262
30401: -76 -88 -155 249
30408: -76 -89 -204 249
30450: -83 -88 -155 250
30457: -83 -89 -204 250
30513: -90 -90 -253 251
30528: -97 -85 -9 259
30546: -97 -87 -111 287
30591: -104 -136 -114 253
30593: -104 -136 -116 267
30596: -104 -136 -119 288
30627: -111 -134 -17 261
30633: -111 -135 -65 254
30682: -118 -135 -65 255
30705: -118 -138 -214 269
30923: -153 -183 -26 274
30926: -153 -184 -71 246
30928: -153 -184 -73 260
30929: -153 -184 -74 267
30930: -153 -184 -75 274
30931: -153 -184 -76 281
30932: -153 -184 -77 288
30933: -153 -185 -120 246
30934: -153 -185 -121 253
30936: -153 -185 -123 267
30937: -153 -185 -124 274
30938: -153 -185 -125 281
30939: -153 -185 -126 288
30941: -153 -186 -170 253
30942: -153 -186 -171 260
30946: -153 -186 -175 288
30950: -153 -187 -221 267
30975: -160 -184 -71 247
30978: -160 -184 -74 268
30997: -160 -187 -219 254
31097: -174 -187 -221 270
31137: -181 -186 -170 257
31138: -181 -186 -171 264
31142: -181 -186 -175 292
31200: -188 -188 -268 258
31244: -195 -187 -221 273
31267: -202 -232 -34 281
31316: -209 -232 -34 282
31365: -216 -232 -34 283
31463: -230 -232 -34 285
31626: -251 -284 -183 246
31627: -251 -284 -184 253
31628: -251 -284 -185 260
31632: -251 -284 -189 288
31648: -251 -287 -331 253
31649: -251 -287 -332 260
31687: -258 -285 -237 282
31688: -258 -285 -238 289
31992: -300 -336 -339 260
32021: -307 -333 -193 268
32049: -314 -330 -46 269
32228: -335 -335 -288 251
32558: -42 -46 -149 307
32559: -42 -46 -150 314
32560: -42 -46 -151 321
32561: -42 -46 -152 328
32562: -42 -46 -153 335
32563: -42 -46 -154 342
32635: -56 -92 -9 302
32644: -56 -93 -60 316
32645: -56 -93 -61 323
32718: -63 -97 -253 296
32720: -63 -97 -255 310
32722: -63 -97 -257 324
32723: -63 -97 -258 331
32815: -77 -96 -210 340
32831: -84 -92 -9 306
32994: -105 -143 -116 316
32995: -105 -143 -117 323
32996: -105 -143 -118 330
33028: -112 -141 -17 310
33314: -147 -147 -310 308
33316: -147 -147 -312 322
33319: -147 -147 -315 343
33400: -161 -194 -221 317
33449: -168 -194 -221 318
33498: -175 -194 -221 319
33556: -182 -195 -272 334
33569: -189 -190 -26 328
33656: -196 -196 -316 301
33717: -210 -239 -34 331
33720: -210 -240 -79 303
33766: -217 -239 -34 332
34000: -245 -245 -324 308
34001: -245 -245 -325 315
34002: -245 -245 -326 322
34004: -245 -245 -328 336
34005: -245 -245 -329 343
34012: -252 -288 -42 337
34014: -252 -289 -86 302
34022: -252 -290 -136 309
34035: -252 -292 -233 302
34061: -259 -288 -42 338
34621: -336 -340 -196 342
34697: -1 -43
34720: -9 -16
34721: -9 -23
34722: -9 -30
34723: -9 -37
34724: -9 -44
34747: -17 -24
34748: -17 -31
34749: -17 -38
34750: -17 -45
34795: -26 -33
34796: -26 -40
34797: -26 -47
34820: -34 -41
34821: -34 -48
34844: -42 -49
34857: -64 -71
34858: -64 -78
34859: -64 -85
34867: 50 57 64 71 78 85 92
34879: -65 -72
34880: -65 -79
34881: -65 -86
34882: -65 -93
34883: -72 -79
34884: -72 -86
34885: -72 -93
34886: -79 -86
34887: -79 -93
34888: -86 -93
34889: 51 58 65 72 79 86 93
34890: -52 -59
34891: -52 -66
34892: -52 -73
34893: -52 -80
34894: -52 -87
34895: -52 -94
34896: -59 -66
34897: -59 -73
34898: -59 -80
34899: -59 -87
34900: -59 -94
34903: -66 -87
34908: -80 -87
34909: -80 -94
34910: -87 -94
34911: 52 59 66 73 80 87 94
34912: -53 -60
34913: -53 -67
34915: -53 -81
34916: -53 -88
34917: -53 -95
34918: -60 -67
34919: -60 -74
34920: -60 -81
34922: -60 -95
34923: -67 -74
34924: -67 -81
34926: -67 -95
34927: -74 -81
34928: -74 -88
34929: -74 -95
34930: -81 -88
34933: 53 60 67 74 81 88 95
34934: -54 -61
34935: -54 -68
34936: -54 -75
34938: -54 -89
34939: -54 -96
34940: -61 -68
34941: -61 -75
34942: -61 -82
34943: -61 -89
34955: 54 61 68 75 82 89 96
34957: -55 -69
34958: -55 -76
34959: -55 -83
34962: -62 -69
34963: -62 -76
34965: -62 -90
34966: -62 -97
34967: -69 -76
34968: -69 -83
34969: -69 -90
34970: -69 -97
34973: -76 -97
34974: -83 -90
34977: 55 62 69 76 83 90 97
34978: -56 -63
34979: -56 -70
34981: -56 -84
34982: -56 -91
34983: -56 -98
34984: -63 -70
34985: -63 -77
34988: -63 -98
34993: -77 -84
34995: -77 -98
34996: -84 -91
34998: -91 -98
35007: -106 -120
35008: -106 -127
35009: -106 -134
35010: -106 -141
35016: -120 -134
35018: -127 -134
35019: -127 -141
35021: 99 106 113 120 127 134 141
35022: -100 -107
35023: -100 -114
35024: -100 -121
35026: -100 -135
35033: -114 -121
35035: -114 -135
35037: -121 -128
35038: -121 -135
35043: 100 107 114 121 128 135 142
35051: -108 -122
35052: -108 -129
35059: -122 -129
35060: -122 -136
35064: -136 -143
35065: 101 108 115 122 129 136 143
35066: -102 -109
35067: -102 -116
35069: -102 -130
35070: -102 -137
35071: -102 -144
35072: -109 -116
35088: -103 -110
35089: -103 -117
35090: -103 -124
35092: -103 -138
35094: -110 -117
35095: -110 -124
35100: -117 -131
35101: -117 -138
35110: -104 -111
35111: -104 -118
35112: -104 -125
35113: -104 -132
35115: -104 -146
35116: -111 -118
35119: -111 -139
35123: -118 -139
35132: -105 -112
35133: -105 -119
35136: -105 -140
35138: -112 -119
35143: -119 -126
35146: -119 -147
35153: 105 112 119 126 133 140 147
35160: -155 -162
35161: -155 -169
35162: -155 -176
35163: -155 -183
35164: -155 -190
35166: -162 -176
35167: -162 -183
35169: -169 -176
35172: -176 -183
35173: -176 -190
35176: -149 -156
35178: -149 -170
35179: -149 -177
35180: -149 -184
35185: -156 -184
35188: -163 -177
35192: -170 -184
35194: -177 -184
35199: -150 -164
35200: -150 -171
35201: -150 -178
35202: -150 -185
35206: -157 -178
35211: -164 -185
35213: -171 -178
35214: -171 -185
35216: -178 -185
35217: -178 -192
35219: 150 157 164 171 178 185 192
35220: -151 -158
35221: -151 -165
35222: -151 -172
35224: -151 -186
35225: -151 -193
35226: -158 -165
35229: -158 -186
35233: -165 -186
35234: -165 -193
35240: -186 -193
35245: -152 -180
35263: 152 159 166 173 180 187 194
35264: -153 -160
35265: -153 -167
35266: -153 -174
35268: -153 -188
35271: -160 -174
35277: -167 -188
35285: 153 160 167 174 181 188 195
35286: -154 -161
35287: -154 -168
35288: -154 -175
35289: -154 -182
35290: -154 -189
35291: -154 -196
35292: -161 -168
35293: -161 -175
35294: -161 -182
35295: -161 -189
35296: -161 -196
35297: -168 -175
35298: -168 -182
35301: -175 -182
35303: -175 -196
35305: -182 -196
35307: 154 161 168 175 182 189 196
35314: -204 -211
35315: -204 -218
35317: -204 -232
35318: -204 -239
35319: -211 -218
35321: -211 -232
35322: -211 -239
35325: -218 -239
35329: 197 204 211 218 225 232 239
35332: -198 -219
35341: -212 -219
35351: 198 205 212 219 226 233 240
35373: 199 206 213 220 227 234 241
35375: -200 -214
35376: -200 -221
35378: -200 -235
35379: -200 -242
35380: -207 -214
35381: -207 -221
35382: -207 -228
35383: -207 -235
35384: -207 -242
35385: -214 -221
35386: -214 -228
35387: -214 -235
35388: -214 -242
35389: -221 -228
35390: -221 -235
35391: -221 -242
35392: -228 -235
35393: -228 -242
35394: -235 -242
35396: -201 -208
35397: -201 -215
35400: -201 -236
35401: -201 -243
35439: 202 209 216 223 230 237 244
35440: -203 -210
35461: 203 210 217 224 231 238 245
35468: -253 -260
35469: -253 -267
35470: -253 -274
35471: -253 -281
35472: -253 -288
35473: -260 -267
35474: -260 -274
35475: -260 -281
35479: -267 -288
35481: -274 -288
35482: -281 -288
35483: 246 253 260 267 274 281 288
35485: -247 -261
35497: -261 -282
35499: -268 -275
35500: -268 -282
35505: 247 254 261 268 275 282 289
35506: -248 -255
35507: -248 -262
35508: -248 -269
35510: -248 -283
35530: -249 -270
35532: -249 -284
35533: -249 -291
35534: -256 -263
35536: -256 -277
35537: -256 -284
35549: 249 256 263 270 277 284 291
35550: -250 -257
35551: -250 -264
35552: -250 -271
35553: -250 -278
35554: -250 -285
35555: -250 -292
35556: -257 -264
35558: -257 -278
35559: -257 -285
35560: -257 -292
35561: -264 -271
35562: -264 -278
35563: -264 -285
35564: -264 -292
35565: -271 -278
35566: -271 -285
35567: -271 -292
35568: -278 -285
35569: -278 -292
35571: 250 257 264 271 278 285 292
35572: -251 -258
35576: -251 -286
35581: -258 -286
35582: -258 -293
35593: 251 258 265 272 279 286 293
35594: -252 -259
35595: -252 -266
35598: -252 -287
35599: -252 -294
35603: -259 -287
35622: -302 -309
35623: -302 -316
35625: -302 -330
35626: -302 -337
35627: -309 -316
35628: -309 -323
35630: -309 -337
35631: -316 -323
35632: -316 -330
35633: -316 -337
35635: -323 -337
35659: 296 303 310 317 324 331 338
35660: -297 -304
35661: -297 -311
35665: -297 -339
35668: -304 -325
35670: -304 -339
35680: -332 -339
35687: -298 -340
35703: 298 305 312 319 326 333 340
35704: -299 -306
35707: -299 -327
35709: -299 -341
35710: -306 -313
35714: -306 -341
35727: -300 -314
35729: -300 -328
35730: -300 -335
35732: -307 -314
35733: -307 -321
35734: -307 -328
35735: -307 -335
35736: -307 -342
35738: -314 -328
35739: -314 -335
35740: -314 -342
35741: -321 -328
35742: -321 -335
35743: -321 -342
35745: -328 -342
35746: -335 -342
35747: 300 307 314 321 328 335 342
35748: -301 -308
35749: -301 -315
35750: -301 -322
35751: -301 -329
35752: -301 -336
35753: -301 -343
35761: -315 -336
35768: -336 -343
35777: -50 -1 2
35784: -99 -1 3
35791: -148 -1 4
35798: -197 -1 5
35805: -246 -1 6
35812: -295 -1 7
35820: -9 -58 57
35821: -9 -59 106
35822: -9 -60 155
35823: -9 -61 204
35824: -9 -62 253
35825: -9 -63 302
35837: -107 -61 206
35838: -107 -62 255
35839: -107 -63 304
35842: -156 -59 109
35844: -156 -61 207
35849: -205 -59 110
35853: -205 -63 306
35856: -254 -59 111
35857: -254 -60 160
35858: -254 -61 209
35860: -254 -63 307
35863: -303 -59 112
35864: -303 -60 161
35865: -303 -61 210
35866: -303 -62 259
35869: -17 -114 64
35870: -17 -115 113
35871: -17 -116 162
35872: -17 -117 211
35873: -17 -118 260
35874: -17 -119 309
35881: -66 -119 310
35899: -213 -116 166
35901: -213 -118 264
35902: -213 -119 313
35906: -262 -116 167
35913: -311 -116 168
35914: -311 -117 217
35924: -74 -169 23
35926: -74 -171 121
35946: -221 -170 75
35947: -221 -171 124
35948: -221 -172 173
35950: -221 -174 271
36028: -90 -287 331
36034: -139 -286 283
36041: -188 -286 284
36043: -237 -281 40
36062: -335 -286 287
36084: -147 -343 339
36093: -245 -338 96
36097: -245 -342 292
36098: -245 -343 341
36558: -59 -106 -54 211
36559: -59 -106 -55 260
36560: -59 -106 -56 309
36608: -60 -155 -55 267
36654: -61 -204 -52 127
36658: -61 -204 -56 323
36704: -62 -253 -53 183
36705: -62 -253 -54 232
36752: -63 -302 -52 141
36754: -63 -302 -54 239
36755: -63 -302 -55 288
36851: -114 -64 -102 155
36854: -114 -64 -105 302
36947: -116 -162 -100 71
36950: -116 -162 -103 218
36951: -116 -162 -104 267
36952: -116 -162 -105 316
36988: -116 -168 -141 28
37045: -118 -260 -100 85
37047: -118 -260 -102 183
37048: -118 -260 -103 232
37096: -119 -309 -102 190
37098: -119 -309 -104 288
37176: -169 -26 -182 299
37274: -171 -124 -182 313
37415: -174 -271 -176 40
37780: -231 -323 -198 92
37781: -231 -323 -199 141
37784: -231 -323 -202 288
37871: -281 -42 -289 56
37872: -281 -42 -290 105
37874: -281 -42 -292 203
37933: -283 -135 -253 16
38234: -338 -94 -309 10
38253: -338 -96 -328 257
38880: -57 -9
38941: -59 -107
38942: -59 -65
38943: -59 -114
38944: -59 -108
38982: -59 -64 -9
38998: -59 -69 -255
39002: -60 -156
39003: -60 -72
39004: -60 -170
39043: -60 -71 -9
39063: -61 -205
39064: -61 -79
39065: -61 -226
39104: -61 -78 -9
39123: -61 -84 -306
39124: -62 -254
39125: -62 -86
39126: -62 -282
39165: -62 -85 -9
39185: -63 -303
39186: -63 -93
39187: -63 -338
39226: -63 -92 -9
39237: -63 -96 -79
39242: -63 -97 -259
39246: -113 -17
39307: -114 -66
39308: -114 -108
39310: -114 -65
39348: -114 -106 -17
39368: -116 -164
39369: -116 -122
39370: -116 -171
39403: -116 -168 -143
39409: -116 -120 -17
39422: -116 -124 -214
39429: -117 -213
39430: -117 -129
39470: -117 -127 -17
39490: -118 -262
39491: -118 -136
39492: -118 -283
39531: -118 -134 -17
39535: -118 -135 -69
39544: -118 -138 -216
39551: -119 -311
39552: -119 -143
39592: -119 -141 -17
39596: -119 -142 -70
39613: -169 -151
39676: -170 -72
39713: -170 -155 -151
39737: -171 -122
39787: -171 -166 -221
39795: -173 -221
39837: -173 -176 -26
39857: -174 -186
39919: -175 -340
39925: -175 -316 -46
40042: -226 -79
40057: -226 -80 -110
40103: -227 -129
40113: -227 -128 -68
40264: -230 -232 -34
40345: -281 -251
40379: -281 -42 -293
40381: -281 -42 -294
40382: -281 -42 -300
40408: -282 -86
40445: -282 -253 -251
40467: -283 -265
40469: -283 -136
40479: -283 -135 -69
40506: -283 -260 -251
40527: -284 -188
40530: -284 -186
40591: -285 -236
40596: -285 -232 -34
40631: -285 -275 -258
40649: -287 -335
40691: -287 -288 -42
40711: -337 -301
40774: -338 -93
40789: -338 -94 -112
40811: -338 -302 -301
40835: -339 -143
40896: -340 -193
40935: -340 -316 -46
40954: -341 -245
41016: -342 -336
41018: -342 -293
41076: 1
41077: 9
41078: 17
41079: 26
41080: 34
41081: 42