1 1 5
UNSAT
0: -1 -2
1: -1 -3
2: -1 -4
3: -1 -5
4: -1 -6
5: -1 -7
29: -9 -11
30: -9 -12
31: -9 -13
32: -9 -14
61: -18 -21
85: -26 -28
108: -34 -35
153: 43 44 45 46 47 48 49
165: -52 -53
166: -52 -54
167: -52 -55
168: -52 -56
170: -53 -55
171: -53 -56
172: -54 -55
175: 50 51 52 53 54 55 56
187: -59 -60
189: -59 -62
190: -59 -63
192: -60 -62
193: -60 -63
194: -61 -62
195: -61 -63
196: -62 -63
197: 57 58 59 60 61 62 63
198: -64 -65
199: -64 -66
205: -65 -67
206: -65 -68
210: -66 -68
219: 64 65 66 67 68 69 70
220: -71 -72
222: -71 -74
226: -72 -73
227: -72 -74
228: -72 -75
230: -72 -77
233: -73 -76
241: 71 72 73 74 75 76 77
242: -78 -79
243: -78 -80
245: -78 -82
247: -78 -84
248: -79 -80
249: -79 -81
250: -79 -82
251: -79 -83
252: -79 -84
261: -82 -84
263: 78 79 80 81 82 83 84
264: -85 -86
265: -85 -87
267: -85 -89
268: -85 -90
269: -85 -91
272: -86 -89
273: -86 -90
274: -86 -91
275: -87 -88
278: -87 -91
279: -88 -89
281: -88 -91
283: -89 -91
285: 85 86 87 88 89 90 91
286: -92 -93
289: -92 -96
291: -92 -98
292: -93 -94
293: -93 -95
295: -93 -97
296: -93 -98
297: -94 -95
307: 92 93 94 95 96 97 98
329: 99 100 101 102 103 104 105
351: 106 107 108 109 110 111 112
373: 113 114 115 116 117 118 119
417: 127 128 129 130 131 132 133
427: -135 -139
428: -135 -140
435: -137 -140
461: 141 142 143 144 145 146 147
483: 148 149 150 151 152 153 154
484: -155 -156
485: -155 -157
505: 155 156 157 158 159 160 161
549: 169 170 171 172 173 174 175
593: 183 184 185 186 187 188 189
637: 197 198 199 200 201 202 203
640: -204 -207
659: 204 205 206 207 208 209 210
666: -212 -213
689: -219 -221
725: 225 226 227 228 229 230 231
735: -233 -237
769: 239 240 241 242 243 244 245
791: 246 247 248 249 250 251 252
793: -253 -255
794: -253 -256
795: -253 -257
797: -253 -259
813: 253 254 255 256 257 258 259
824: -261 -266
843: -268 -270
844: -268 -271
857: 267 268 269 270 271 272 273
866: -275 -278
873: -277 -278
879: 274 275 276 277 278 279 280
901: 281 282 283 284 285 286 287
904: -288 -291
907: -288 -294
912: -289 -294
935: -297 -298
945: 295 296 297 298 299 300 301
947: -302 -304
948: -302 -305
949: -302 -306
950: -302 -307
967: 302 303 304 305 306 307 308
989: 309 310 311 312 313 314 315
1043: -331 -335
1077: 337 338 339 340 341 342 343
1519: -52 -106 -1 50
1536: -52 -108 -18 71
1544: -52 -109 -26 78
1552: -52 -110 -34 85
1560: -52 -111 -42 92
1563: -52 -112 -45 64
1568: -53 -155 -1 50
1585: -53 -157 -18 71
1609: -53 -160 -42 92
1612: -53 -161 -45 64
1617: -54 -204 -1 50
1634: -54 -206 -18 71
1642: -54 -207 -26 78
1661: -54 -210 -45 64
1666: -55 -253 -1 50
1683: -55 -255 -18 71
1691: -55 -256 -26 78
1699: -55 -257 -34 85
1707: -55 -258 -42 92
1710: -55 -259 -45 64
1715: -56 -302 -1 50
1732: -56 -304 -18 71
1740: -56 -305 -26 78
1748: -56 -306 -34 85
1756: -56 -307 -42 92
1759: -56 -308 -45 64
1813: -100 -64 -1 99
1821: -100 -65 -9 106
1960: -103 -211 -1 99
2156: -149 -71 -1 148
2164: -149 -72 -9 155
2254: -151 -169 -1 148
2311: -152 -219 -9 155
2336: -152 -222 -34 183
2352: -153 -267 -1 148
2499: -198 -78 -1 197
2507: -198 -79 -9 204
2548: -199 -127 -1 197
2703: -202 -275 -9 204
2842: -247 -85 -1 246
2850: -247 -86 -9 253
3185: -296 -92 -1 295
3193: -296 -93 -9 302
3242: -297 -142 -9 302
3278: -297 -147 -45 309
3283: -298 -190 -1 295
3332: -299 -239 -1 295
3376: -299 -245 -45 309
3430: -301 -337 -1 295
3438: -301 -338 -9 302
3447: -301 -339 -18 316
3463: -301 -341 -34 330
3545: -9 -52 -67 23
3546: -9 -52 -68 30
3548: -9 -52 -70 44
3549: -9 -53 -71 2
3556: -9 -54 -78 2
3558: -9 -54 -80 16
3559: -9 -54 -81 23
3569: -9 -55 -91 44
4118: -63 -302 -52 65
4186: -106 -18 -71 100
4187: -106 -18 -72 107
4191: -106 -18 -76 135
4192: -106 -18 -77 142
4355: -109 -168 -93 107
4383: -110 -214 -72 107
4536: -155 -26 -78 149
4537: -155 -26 -79 156
4538: -155 -26 -80 163
4539: -155 -26 -81 170
4540: -155 -26 -82 177
4542: -155 -26 -84 191
4719: -159 -220 -65 156
4750: -159 -224 -96 177
4756: -160 -267 -53 170
4764: -160 -268 -61 177
4775: -160 -270 -72 156
4786: -160 -271 -83 184
4793: -160 -272 -90 184
4795: -160 -273 -92 149
4816: -161 -318 -64 149
4886: -204 -34 -85 198
4887: -204 -34 -86 205
4888: -204 -34 -87 212
4889: -204 -34 -88 219
4891: -204 -34 -90 233
4892: -204 -34 -91 240
4961: -206 -128 -62 233
5076: -208 -229 -79 205
5082: -208 -230 -85 198
5102: -209 -274 -56 240
5125: -209 -278 -79 205
5139: -209 -280 -93 205
5166: -210 -326 -71 198
5184: -210 -328 -89 226
5236: -253 -42 -92 247
5237: -253 -42 -93 254
5238: -253 -42 -94 261
5239: -253 -42 -95 268
5240: -253 -42 -96 275
5328: -255 -139 -86 254
5346: -256 -183 -55 282
5350: -256 -184 -59 261
5365: -256 -186 -74 268
5369: -256 -187 -78 247
5377: -256 -188 -86 254
5523: -259 -335 -85 247
5524: -259 -335 -86 254
5551: -302 -45 -64 296
5552: -302 -45 -65 303
5553: -302 -45 -66 310
5554: -302 -45 -67 317
5555: -302 -45 -68 324
5556: -302 -45 -69 331
5677: -304 -147 -92 296
5678: -304 -147 -93 303
5699: -305 -192 -65 303
5742: -306 -240 -59 310
5747: -306 -241 -64 296
5748: -306 -241 -65 303
5754: -306 -242 -71 296
5755: -306 -242 -72 303
5779: -306 -245 -96 324
5845: -308 -339 -64 296
6034: -18 -149 -106 3
6230: -64 -9 -106 52
6232: -64 -9 -108 66
6234: -64 -9 -110 80
6235: -64 -9 -111 87
6236: -64 -9 -112 94
6364: -66 -112 -142 59
7001: -163 -77 -142 157
7164: -167 -268 -109 171
7205: -168 -316 -101 164
7288: -211 -34 -135 206
7338: -212 -83 -136 213
7507: -216 -275 -109 220
7638: -260 -42 -142 255
8193: -314 -289 -109 318
8519: -26 -203 -190 4
8631: -71 -9 -155 53
8633: -71 -9 -157 67
8634: -71 -9 -158 74
8635: -71 -9 -159 81
8636: -71 -9 -160 88
8637: -71 -9 -161 95
8702: -72 -61 -177 60
8709: -72 -62 -184 60
8716: -72 -63 -191 60
8814: -74 -161 -191 60
9021: -121 -64 -153 137
9713: -219 -79 -159 228
9717: -219 -80 -163 207
9731: -219 -82 -177 207
9738: -219 -83 -184 207
10039: -267 -42 -191 256
10060: -268 -87 -163 256
10062: -268 -87 -165 270
10204: -271 -233 -160 284
10354: -316 -45 -163 305
10595: -321 -289 -159 326
10597: -321 -289 -161 340
10934: -34 -247 -204 5
10969: -34 -252 -239 5
11032: -78 -9 -204 54
11034: -78 -9 -206 68
11035: -78 -9 -207 75
11036: -78 -9 -208 82
11037: -78 -9 -209 89
11089: -79 -59 -212 61
11110: -79 -62 -233 61
11201: -81 -159 -226 61
11390: -127 -18 -219 110
12461: -275 -87 -212 257
12468: -275 -88 -219 257
12472: -275 -88 -223 285
12482: -275 -90 -233 257
12488: -275 -91 -239 250
12489: -275 -91 -240 257
12492: -275 -91 -243 278
12493: -275 -91 -244 285
12507: -276 -135 -209 285
12755: -323 -45 -212 306
12998: -328 -289 -210 341
13384: -42 -296 -253 6
13392: -42 -297 -261 13
13398: -42 -298 -267 6
13399: -42 -298 -268 13
13404: -42 -298 -273 48
13435: -85 -9 -255 69
13438: -85 -9 -258 90
13439: -85 -9 -259 97
13490: -86 -59 -261 62
13518: -86 -63 -289 62
13637: -89 -206 -261 62
13791: -134 -18 -268 111
13847: -135 -68 -275 111
13851: -135 -68 -279 139
14141: -183 -26 -275 160
14220: -185 -121 -256 174
14523: -233 -80 -265 237
14707: -237 -275 -253 202
15212: -331 -95 -268 307
15219: -331 -96 -275 307
15233: -331 -98 -289 307
15393: -335 -289 -253 300
15589: -45 -100 -302 7
15834: -92 -9 -302 56
15836: -92 -9 -304 70
15837: -92 -9 -305 77
15838: -92 -9 -306 84
15839: -92 -9 -307 91
15840: -92 -9 -308 98
15891: -93 -59 -310 63
15898: -93 -60 -317 63
15902: -93 -60 -321 91
15903: -93 -60 -322 98
16191: -141 -18 -316 105
16234: -142 -66 -310 112
16241: -142 -67 -317 112
16248: -142 -68 -324 112
16254: -142 -69 -330 105
16255: -142 -69 -331 112
16263: -142 -70 -339 119
16270: -143 -113 -297 119
16281: -143 -114 -308 147
16289: -143 -116 -316 105
16362: -144 -168 -340 126
16466: -147 -309 -297 119
16480: -147 -311 -311 119
16541: -190 -26 -323 154
16542: -190 -26 -324 161
16565: -191 -71 -298 175
16673: -193 -170 -308 196
16688: -193 -173 -323 154
16892: -239 -34 -331 210
17275: -289 -88 -322 294
18538: -92 -52 -108 21
18540: -92 -52 -110 35
18559: -92 -55 -255 21
18560: -92 -55 -256 28
18726: -120 -100 -65 11
18775: -127 -100 -65 12
18824: -134 -100 -65 13
19167: -183 -149 -72 13
20024: -302 -299 -243 30
20166: -323 -298 -196 47
20344: -9 -9 -52 65
20345: -9 -9 -53 72
20346: -9 -9 -54 79
20347: -9 -9 -55 86
20348: -9 -9 -56 93
20942: -93 -59 -111 91
20946: -93 -60 -157 70
21171: -128 -106 -18 75
21269: -142 -106 -18 77
21305: -142 -111 -264 84
21371: -156 -156 -71 51
21372: -156 -156 -72 58
21417: -163 -155 -26 80
21515: -177 -155 -26 82
21613: -191 -155 -26 84
21648: -191 -160 -271 84
21714: -205 -205 -78 51
21715: -205 -205 -79 58
21957: -240 -204 -34 91
21991: -240 -209 -278 84
22058: -254 -254 -86 58
22105: -261 -253 -42 94
22154: -268 -253 -42 95
22401: -303 -303 -93 58
22444: -310 -302 -45 66
22493: -317 -302 -45 67
22511: -317 -304 -147 95
22640: -338 -302 -45 70
23003: -45 -18 -149 112
23006: -45 -18 -152 133
23008: -45 -18 -154 147
23031: -52 -64 -9 106
23041: -52 -65 -61 127
23109: -59 -68 -206 114
23116: -59 -69 -255 114
23121: -59 -70 -302 100
23123: -59 -70 -304 114
23214: -73 -69 -255 116
23227: -80 -64 -9 110
23276: -87 -64 -9 111
23325: -94 -64 -9 112
23354: -94 -68 -206 119
23389: -101 -115 -115 113
23683: -143 -115 -115 119
24052: -192 -168 -316 105
24172: -213 -213 -128 108
24459: -255 -261 -86 107
24753: -297 -310 -93 106
24796: -304 -309 -45 114
24858: -311 -311 -142 108
25041: -339 -309 -45 119
25047: -339 -310 -93 112
25078: -339 -314 -292 133
25215: -18 -26 -198 157
25216: -18 -26 -199 164
25443: -53 -72 -62 183
25444: -53 -72 -63 190
25481: -60 -71 -9 156
25530: -67 -71 -9 157
25567: -67 -76 -256 171
25574: -67 -77 -305 171
25604: -74 -74 -160 186
25628: -81 -71 -9 159
25677: -88 -71 -9 160
25777: -102 -120 -18 169
25836: -109 -121 -70 191
25875: -116 -120 -18 171
26141: -151 -172 -172 169
26450: -193 -174 -271 182
26566: -214 -219 -79 157
26860: -256 -268 -86 156
26909: -263 -268 -86 157
27148: -298 -316 -45 162
27197: -305 -316 -45 163
27202: -305 -317 -92 149
27246: -312 -316 -45 164
27442: -340 -316 -45 168
27672: -26 -34 -247 207
27844: -54 -79 -62 232
27882: -61 -78 -9 205
27899: -61 -80 -110 226
27906: -61 -81 -159 226
27927: -61 -84 -306 226
27931: -68 -78 -9 206
27980: -75 -78 -9 207
28025: -75 -84 -306 228
28058: -82 -82 -206 215
28059: -82 -82 -207 222
28078: -89 -78 -9 209
28280: -117 -128 -64 199
28575: -159 -177 -72 205
28669: -173 -176 -26 228
29310: -264 -275 -86 206
29359: -271 -275 -86 207
29434: -278 -278 -238 243
29549: -299 -323 -45 211
29604: -306 -324 -93 205
30129: -34 -42 -296 257
30130: -34 -42 -297 264
30132: -34 -42 -299 278
30234: -55 -85 -9 253
30242: -55 -86 -59 260
30296: -62 -87 -106 247
30298: -62 -87 -108 261
30300: -62 -87 -110 275
30301: -62 -87 -111 282
30306: -62 -88 -158 268
30307: -62 -88 -159 275
30308: -62 -88 -160 282
30310: -62 -89 -204 247
30312: -62 -89 -206 261
30314: -62 -89 -208 275
30315: -62 -89 -209 282
30324: -62 -91 -302 247
30326: -62 -91 -304 261
30327: -62 -91 -305 268
30329: -62 -91 -307 282
30330: -62 -91 -308 289
30332: -69 -85 -9 255
30430: -83 -85 -9 257
30442: -83 -86 -63 292
30476: -83 -91 -307 285
30528: -97 -85 -9 259
30579: -104 -134 -18 267
30857: -139 -139 -261 258
30972: -160 -183 -26 275
30976: -160 -184 -72 254
31200: -188 -188 -268 258
31643: -251 -286 -284 267
32152: -328 -331 -93 257
32551: -42 -45 -100 307
32555: -42 -45 -104 335
32643: -56 -93 -59 309
32645: -56 -93 -61 323
32733: -70 -92 -9 304
32759: -70 -95 -161 339
32782: -77 -92 -9 305
32831: -84 -92 -9 306
32880: -91 -92 -9 307
32899: -91 -94 -112 342
32906: -91 -95 -161 342
32913: -91 -96 -210 342
32970: -98 -98 -302 301
33313: -147 -147 -309 301
33376: -161 -191 -71 296
33720: -210 -240 -79 303
33748: -210 -244 -275 303
34000: -245 -245 -324 308
34208: -280 -288 -42 341
34257: -287 -288 -42 342
34292: -287 -293 -287 342
34397: -301 -343 -343 337
34699: -1 -8 -1 2
34706: -1 -15 -1 3
34713: -1 -22 -1 4
34720: -1 -29 -1 5
34727: -1 -36 -1 6
34734: -1 -43 -1 7
35035: -50 -1 -50 8
35178: -64 -45 -53 161
35179: -64 -45 -54 210
35180: -64 -45 -55 259
35181: -64 -45 -56 308
35200: -71 -18 -54 206
35202: -71 -18 -56 304
35254: -78 -26 -52 109
35256: -78 -26 -54 207
35257: -78 -26 -55 256
35258: -78 -26 -56 305
35311: -85 -34 -53 159
35312: -85 -34 -54 208
35314: -85 -34 -56 306
35366: -92 -42 -52 111
35367: -92 -42 -53 160
35368: -92 -42 -54 209
35369: -92 -42 -55 258
35378: -99 -1 -99 15
35435: -106 -9 -100 65
35436: -106 -9 -101 114
35437: -106 -9 -102 163
35438: -106 -9 -103 212
35541: -120 -18 -101 115
35543: -120 -18 -103 213
35544: -120 -18 -104 262
35721: -148 -1 -148 22
35778: -155 -9 -149 72
35780: -155 -9 -151 170
35781: -155 -9 -152 219
35783: -155 -9 -154 317
35864: -162 -45 -151 175
35939: -176 -26 -149 74
35941: -176 -26 -151 172
35943: -176 -26 -153 270
36064: -197 -1 -197 29
36121: -204 -9 -198 79
36124: -204 -9 -201 226
36125: -204 -9 -202 275
36209: -211 -45 -202 280
36338: -232 -34 -198 82
36394: -239 -42 -198 83
36407: -246 -1 -246 36
36464: -253 -9 -247 86
36466: -253 -9 -249 184
36468: -253 -9 -251 282
36469: -253 -9 -252 331
36569: -267 -18 -247 87
36737: -288 -42 -247 90
36738: -288 -42 -248 139
36739: -288 -42 -249 188
36741: -288 -42 -251 286
36750: -295 -1 -295 43
36807: -302 -9 -296 93
36808: -302 -9 -297 142
36809: -302 -9 -298 191
36810: -302 -9 -299 240
36812: -302 -9 -301 338
36892: -309 -45 -297 147
36894: -309 -45 -299 245
36896: -309 -45 -301 343
36913: -316 -18 -297 143
36915: -316 -18 -299 241
36917: -316 -18 -301 339
36969: -323 -26 -297 144
36970: -323 -26 -298 193
37143: -9 -51 -9 50
37150: -9 -58 -9 51
37157: -9 -65 -9 52
37164: -9 -72 -9 53
37171: -9 -79 -9 54
37178: -9 -86 -9 55
37185: -9 -93 -9 56
37566: -65 -80 -61 208
37567: -65 -80 -62 257
37574: -65 -87 -62 258
37581: -65 -94 -62 259
37615: -72 -81 -61 208
37623: -72 -88 -62 258
37630: -72 -95 -62 259
37672: -79 -89 -62 258
37679: -79 -96 -62 259
37803: -100 -71 -109 165
37850: -107 -72 -107 67
37864: -107 -86 -107 69
37871: -107 -93 -107 70
37915: -114 -87 -109 167
38024: -135 -55 -106 15
38034: -135 -62 -109 163
38082: -142 -63 -108 114
38083: -142 -63 -109 163
38084: -142 -63 -110 212
38086: -142 -63 -112 310
38207: -156 -86 -156 76
38220: -163 -52 -155 22
38227: -163 -59 -155 23
38425: -191 -63 -157 121
38426: -191 -63 -158 170
38427: -191 -63 -159 219
38429: -191 -63 -161 317
38464: -191 -98 -161 322
38529: -205 -65 -205 80
38550: -205 -86 -205 83
38557: -205 -93 -205 84
38563: -212 -52 -204 29
38590: -212 -73 -210 326
38619: -219 -60 -204 30
38622: -219 -60 -207 177
38738: -233 -83 -204 33
38756: -233 -97 -208 231
38768: -240 -63 -206 128
38770: -240 -63 -208 226
38772: -240 -63 -210 324
38879: -254 -72 -254 88
38900: -254 -93 -254 91
38906: -261 -52 -253 36
38941: -261 -87 -253 41
38943: -261 -87 -255 139
38955: -268 -53 -253 36
38990: -268 -88 -253 41
39004: -275 -54 -253 36
39021: -275 -68 -256 185
39039: -275 -89 -253 41
39118: -289 -70 -255 136
39137: -289 -91 -253 41
39215: -303 -65 -303 94
39236: -303 -86 -303 97
39298: -317 -53 -302 43
39308: -317 -60 -305 191
39311: -317 -60 -308 338
39347: -324 -54 -302 43
39396: -331 -55 -302 43
39791: -45 -105 -18 148
39798: -45 -112 -18 149
39805: -45 -119 -18 150
39812: -45 -126 -18 151
39819: -45 -133 -18 152
39826: -45 -140 -18 153
39833: -45 -147 -18 154
39852: -52 -113 -65 59
39866: -52 -127 -65 61
39911: -59 -121 -68 207
39925: -59 -135 -68 209
39979: -66 -143 -66 112
40026: -73 -144 -64 14
40123: -87 -139 -70 307
40615: -157 -142 -163 77
40665: -164 -143 -164 126
40767: -178 -145 -168 322
40781: -185 -111 -168 317
40846: -192 -133 -163 75
40873: -199 -106 -211 30
40949: -206 -128 -217 327
41559: -297 -106 -309 44
41694: -311 -143 -311 147
41997: -18 -150 -26 197
42004: -18 -157 -26 198
42011: -18 -164 -26 199
42018: -18 -171 -26 200
42025: -18 -178 -26 201
42032: -18 -185 -26 202
42253: -53 -162 -72 59
42260: -53 -169 -72 60
42274: -53 -183 -72 62
42281: -53 -190 -72 63
42395: -74 -158 -74 156
42409: -74 -172 -74 158
42483: -88 -153 -71 8
42932: -151 -155 -170 72
42944: -151 -162 -175 318
43116: -172 -193 -172 175
43222: -193 -154 -173 218
43245: -193 -175 -175 319
43345: -207 -177 -219 82
43359: -207 -191 -219 84
44448: -26 -200 -34 246
44455: -26 -207 -34 247
44469: -26 -221 -34 249
44476: -26 -228 -34 250
44483: -26 -235 -34 251
44490: -26 -242 -34 252
44661: -54 -218 -79 60
44668: -54 -225 -79 61
44675: -54 -232 -79 62
44682: -54 -239 -79 63
44707: -61 -212 -83 255
44726: -61 -233 -81 160
44729: -61 -233 -84 307
44732: -61 -240 -80 112
44978: -96 -245 -81 161
44991: -103 -204 -129 114
44992: -103 -204 -130 163
45332: -152 -204 -176 23
45395: -159 -219 -176 25
45740: -208 -219 -227 130
45761: -208 -240 -227 133
46225: -278 -215 -278 234
46899: -34 -250 -42 295
46906: -34 -257 -42 296
46913: -34 -264 -42 297
46920: -34 -271 -42 298
46927: -34 -278 -42 299
46934: -34 -285 -42 300
46941: -34 -292 -42 301
47055: -55 -260 -86 59
47062: -55 -267 -86 60
47069: -55 -274 -86 61
47076: -55 -281 -86 62
47083: -55 -288 -86 63
47106: -62 -261 -88 157
47114: -62 -268 -89 207
47116: -62 -268 -91 305
47120: -62 -275 -88 159
47133: -62 -289 -87 112
47215: -76 -277 -85 12
47290: -90 -251 -90 253
47297: -90 -258 -90 254
47318: -90 -279 -90 257
47325: -90 -286 -90 258
47362: -97 -280 -85 12
48662: -286 -251 -286 281
49345: -42 -300 -45 99
49352: -42 -307 -45 100
49359: -42 -314 -45 101
49380: -42 -335 -45 104
49387: -42 -342 -45 105
49456: -56 -309 -93 59
49463: -56 -316 -93 60
49470: -56 -323 -93 61
49477: -56 -330 -93 62
49484: -56 -337 -93 63
49588: -77 -298 -92 8
49630: -77 -340 -92 14
49848: -112 -310 -142 66
49990: -133 -306 -144 163
49996: -133 -313 -143 115
50084: -147 -301 -147 309
50098: -147 -315 -147 311
50126: -147 -343 -147 315
50198: -161 -317 -191 74
50368: -182 -341 -193 175
50667: -231 -299 -240 78
50798: -245 -329 -245 327
50812: -245 -343 -245 329
50820: -252 -302 -288 37
51164: -301 -302 -338 93
51179: -301 -316 -339 144
51222: -308 -310 -340 192
51527: -9 -16
51528: -9 -23
51529: -9 -30
51530: -9 -37
51531: -9 -44
51576: -18 -25
51579: -18 -46
51602: -26 -33
51604: -26 -47
51627: -34 -41
51628: -34 -48
51651: -42 -49
51672: -78 -92
51673: -85 -92
51674: 50 57 64 71 78 85 92
51686: -65 -72
51688: -65 -86
51691: -72 -86
51692: -72 -93
51693: -79 -86
51694: -79 -93
51695: -86 -93
51696: 51 58 65 72 79 86 93
51697: -52 -59
51700: -52 -80
51701: -52 -87
51702: -52 -94
51703: -59 -66
51704: -59 -73
51710: -66 -87
51715: -80 -87
51718: 52 59 66 73 80 87 94
51720: -53 -67
51722: -53 -81
51723: -53 -88
51724: -53 -95
51727: -60 -81
51729: -60 -95
51739: -88 -95
51740: 53 60 67 74 81 88 95
51741: -54 -61
51742: -54 -68
51743: -54 -75
51745: -54 -89
51746: -54 -96
51749: -61 -82
51750: -61 -89
51759: -82 -89
51761: -89 -96
51762: 54 61 68 75 82 89 96
51763: -55 -62
51764: -55 -69
51765: -55 -76
51766: -55 -83
51768: -55 -97
51769: -62 -69
51771: -62 -83
51772: -62 -90
51773: -62 -97
51781: -83 -90
51784: 55 62 69 76 83 90 97
51785: -56 -63
51786: -56 -70
51788: -56 -84
51789: -56 -91
51791: -63 -70
51792: -63 -77
51793: -63 -84
51794: -63 -91
51803: -84 -91
51804: -84 -98
51805: -91 -98
51806: 56 63 70 77 84 91 98
51843: -114 -142
51846: -121 -142
51850: 100 107 114 121 128 135 142
51851: -101 -108
51856: -101 -143
51876: -102 -130
51883: -109 -144
51895: -103 -110
51896: -103 -117
51898: -103 -131
51901: -110 -117
51917: -104 -111
51918: -104 -118
51923: -111 -118
51925: -111 -132
51927: -111 -146
51960: 105 112 119 126 133 140 147
51967: -155 -162
51968: -155 -169
51970: -155 -183
51982: 148 155 162 169 176 183 190
52000: -170 -191
52004: 149 156 163 170 177 184 191
52026: 150 157 164 171 178 185 192
52056: -159 -173
52073: -153 -174
52093: -154 -161
52100: -161 -175
52102: -161 -189
52109: -175 -189
52121: -204 -211
52122: -204 -218
52125: -204 -239
52136: 197 204 211 218 225 232 239
52138: -198 -212
52142: -198 -240
52148: -212 -219
52156: -226 -240
52158: 198 205 212 219 226 233 240
52164: -199 -241
52168: -206 -234
52202: 200 207 214 221 228 235 242
52203: -201 -208
52246: 202 209 216 223 230 237 244
52250: -203 -231
52268: 203 210 217 224 231 238 245
52276: -253 -267
52290: 246 253 260 267 274 281 288
52292: -247 -261
52312: 247 254 261 268 275 282 289
52313: -248 -255
52320: -255 -269
52329: -269 -283
52335: -249 -256
52356: 249 256 263 270 277 284 291
52378: 250 257 264 271 278 285 292
52400: 251 258 265 272 279 286 293
52422: 252 259 266 273 280 287 294
52429: -302 -309
52430: -302 -316
52444: 295 302 309 316 323 330 337
52466: 296 303 310 317 324 331 338
52467: -297 -304
52468: -297 -311
52474: -304 -318
52489: -298 -305
52491: -298 -319
52494: -298 -340
52497: -305 -326
52499: -305 -340
52511: -299 -306
52512: -299 -313
52514: -299 -327
52516: -299 -341
52524: -313 -334
52554: 300 307 314 321 328 335 342
52555: -301 -308
52561: -308 -315
52565: -308 -343
52626: -9 -57 8
52628: -9 -59 106
52629: -9 -60 155
52630: -9 -61 204
52631: -9 -62 253
52632: -9 -63 302
52643: -107 -60 157
52645: -107 -62 255
52646: -107 -63 304
52652: -156 -62 256
52653: -156 -63 305
52659: -205 -62 257
52660: -205 -63 306
52667: -254 -63 307
52673: -303 -62 259
52705: -213 -115 117
52712: -262 -115 118
52731: -74 -169 23
52732: -74 -170 72
52736: -74 -174 268
52762: -270 -172 174
52829: -90 -281 37
52830: -90 -282 86
52832: -90 -284 184
52881: -98 -340 191
52882: -98 -341 240
52886: -147 -338 94
53462: -61 -204 -53 176
53510: -62 -253 -52 134
53560: -63 -302 -53 190
53561: -63 -302 -54 239
54252: -175 -317 -157 142
54550: -230 -275 -210 331
55177: -341 -239 -298 176
55813: -60 -155 -65 120
55817: -60 -155 -93 316
55862: -61 -204 -65 127
55911: -62 -253 -65 134
55912: -62 -253 -72 183
55961: -63 -302 -72 190
55962: -63 -302 -79 239
55963: -63 -302 -86 288
56286: -118 -264 -143 334
56384: -169 -26 -193 299
57102: -282 -87 -272 157
58444: -59 -65
58445: -59 -114
58484: -59 -64 -9
58504: -60 -156
58505: -60 -72
58506: -60 -170
58545: -60 -71 -9
58558: -60 -75 -207
58565: -61 -205
58566: -61 -79
58567: -61 -226
58568: -61 -208
58606: -61 -78 -9
58626: -62 -254
58627: -62 -86
58628: -62 -282
58629: -62 -258
58667: -62 -85 -9
58687: -63 -303
58688: -63 -93
58689: -63 -338
58728: -63 -92 -9
58812: -114 -65
58837: -114 -68 -206
59178: -170 -72
59544: -226 -79
59910: -282 -86
60276: -338 -93
60578: 1
60579: 9
60580: 18
60581: 26
60582: 34
60583: 42