1 1 2 3
UNSAT
0: -1 -2
1: -1 -3
2: -1 -4
3: -1 -5
4: -1 -6
5: -1 -7
28: -9 -10
29: -9 -11
30: -9 -12
31: -9 -13
32: -9 -14
61: -18 -21
78: -24 -26
79: -24 -27
80: -24 -28
129: -40 -42
153: 43 44 45 46 47 48 49
167: -52 -55
168: -52 -56
171: -53 -56
172: -54 -55
173: -54 -56
174: -55 -56
175: 50 51 52 53 54 55 56
187: -59 -60
188: -59 -61
189: -59 -62
190: -59 -63
191: -60 -61
192: -60 -62
193: -60 -63
194: -61 -62
195: -61 -63
196: -62 -63
197: 57 58 59 60 61 62 63
198: -64 -65
199: -64 -66
201: -64 -68
202: -64 -69
203: -64 -70
205: -65 -67
206: -65 -68
207: -65 -69
208: -65 -70
211: -66 -69
212: -66 -70
217: -68 -70
219: 64 65 66 67 68 69 70
220: -71 -72
222: -71 -74
223: -71 -75
224: -71 -76
225: -71 -77
228: -72 -75
229: -72 -76
230: -72 -77
239: -75 -77
240: -76 -77
241: 71 72 73 74 75 76 77
242: -78 -79
245: -78 -82
247: -78 -84
248: -79 -80
249: -79 -81
251: -79 -83
252: -79 -84
254: -80 -82
256: -80 -84
257: -81 -82
259: -81 -84
263: 78 79 80 81 82 83 84
264: -85 -86
265: -85 -87
268: -85 -90
270: -86 -87
271: -86 -88
274: -86 -91
277: -87 -90
280: -88 -90
283: -89 -91
285: 85 86 87 88 89 90 91
286: -92 -93
287: -92 -94
291: -92 -98
292: -93 -94
293: -93 -95
294: -93 -96
295: -93 -97
300: -94 -98
303: -95 -98
307: 92 93 94 95 96 97 98
326: -103 -104
329: 99 100 101 102 103 104 105
333: -106 -110
334: -106 -111
335: -106 -112
350: -111 -112
351: 106 107 108 109 110 111 112
373: 113 114 115 116 117 118 119
404: -128 -131
417: 127 128 129 130 131 132 133
439: 134 135 136 137 138 139 140
461: 141 142 143 144 145 146 147
483: 148 149 150 151 152 153 154
485: -155 -157
487: -155 -159
488: -155 -160
489: -155 -161
505: 155 156 157 158 159 160 161
527: 162 163 164 165 166 167 168
571: 176 177 178 179 180 181 182
600: -191 -192
603: -191 -195
637: 197 198 199 200 201 202 203
639: -204 -206
642: -204 -209
643: -204 -210
659: 204 205 206 207 208 209 210
661: -211 -213
666: -212 -213
681: 211 212 213 214 215 216 217
684: -218 -221
686: -218 -223
725: 225 226 227 228 229 230 231
748: -239 -240
769: 239 240 241 242 243 244 245
791: 246 247 248 249 250 251 252
793: -253 -255
797: -253 -259
813: 253 254 255 256 257 258 259
857: 267 268 269 270 271 272 273
901: 281 282 283 284 285 286 287
912: -289 -294
945: 295 296 297 298 299 300 301
947: -302 -304
949: -302 -306
950: -302 -307
967: 302 303 304 305 306 307 308
978: -310 -315
1022: -324 -329
1055: 330 331 332 333 334 335 336
1077: 337 338 339 340 341 342 343
1519: -52 -106 -1 50
1536: -52 -108 -18 71
1542: -52 -109 -24 64
1552: -52 -110 -34 85
1565: -52 -112 -47 78
1601: -53 -159 -34 85
1609: -53 -160 -42 92
1614: -53 -161 -47 78
1634: -54 -206 -18 71
1640: -54 -207 -24 64
1666: -55 -253 -1 50
1683: -55 -255 -18 71
1689: -55 -256 -24 64
1699: -55 -257 -34 85
1707: -55 -258 -42 92
1712: -55 -259 -47 78
1715: -56 -302 -1 50
1732: -56 -304 -18 71
1738: -56 -305 -24 64
1748: -56 -306 -34 85
1756: -56 -307 -42 92
1813: -100 -64 -1 99
1821: -100 -65 -9 106
1836: -100 -67 -24 113
1862: -101 -113 -1 99
1960: -103 -211 -1 99
1968: -103 -212 -9 106
2006: -103 -217 -47 127
2009: -104 -260 -1 99
2058: -105 -309 -1 99
2066: -105 -310 -9 106
2156: -149 -71 -1 148
2173: -149 -73 -18 169
2303: -152 -218 -1 148
2352: -153 -267 -1 148
2401: -154 -316 -1 148
2499: -198 -78 -1 197
2597: -200 -176 -1 197
2614: -200 -178 -18 218
2842: -247 -85 -1 246
2850: -247 -86 -9 253
3185: -296 -92 -1 295
3193: -296 -93 -9 302
3283: -298 -190 -1 295
3542: -9 -52 -64 2
3545: -9 -52 -67 23
3546: -9 -52 -68 30
3548: -9 -52 -70 44
3549: -9 -53 -71 2
3551: -9 -53 -73 16
3556: -9 -54 -78 2
3558: -9 -54 -80 16
3559: -9 -54 -81 23
3563: -9 -55 -85 2
3565: -9 -55 -87 16
3566: -9 -55 -88 23
3567: -9 -55 -89 30
3569: -9 -55 -91 44
3570: -9 -56 -92 2
3572: -9 -56 -94 16
3573: -9 -56 -95 23
3574: -9 -56 -96 30
3923: -59 -106 -53 72
4023: -61 -204 -55 86
4120: -63 -302 -54 79
4186: -106 -18 -71 100
4187: -106 -18 -72 107
4192: -106 -18 -77 142
4363: -110 -211 -52 114
4374: -110 -212 -63 142
4376: -110 -213 -65 107
4387: -110 -214 -76 135
4393: -110 -215 -82 128
4396: -110 -216 -85 100
4438: -111 -264 -78 100
4471: -112 -310 -62 135
4522: -155 -24 -64 149
4523: -155 -24 -65 156
4524: -155 -24 -66 163
4526: -155 -24 -68 177
4527: -155 -24 -69 184
4528: -155 -24 -70 191
4717: -159 -219 -63 191
4756: -160 -267 -53 170
4764: -160 -268 -61 177
4775: -160 -270 -72 156
4793: -160 -272 -90 184
4795: -160 -273 -92 149
4814: -161 -317 -62 184
4850: -161 -322 -98 191
4886: -204 -34 -85 198
4887: -204 -34 -86 205
4888: -204 -34 -87 212
4889: -204 -34 -88 219
4890: -204 -34 -89 226
4991: -206 -133 -92 198
5008: -207 -177 -60 219
5013: -207 -178 -65 205
5065: -208 -227 -68 226
5076: -208 -229 -79 205
5082: -208 -230 -85 198
5124: -209 -278 -78 198
5236: -253 -42 -92 247
5237: -253 -42 -93 254
5238: -253 -42 -94 261
5239: -253 -42 -95 268
5242: -253 -42 -98 289
5317: -255 -137 -75 275
5320: -255 -138 -78 247
5355: -256 -185 -64 247
5475: -258 -286 -86 254
5481: -258 -287 -92 247
5493: -259 -330 -55 282
5497: -259 -331 -59 261
5498: -259 -331 -60 268
5516: -259 -334 -78 247
5523: -259 -335 -85 247
5524: -259 -335 -86 254
5536: -259 -336 -98 289
5565: -302 -47 -78 296
5566: -302 -47 -79 303
5567: -302 -47 -80 310
5568: -302 -47 -81 317
5638: -304 -141 -53 317
5657: -304 -144 -72 303
5661: -304 -144 -76 331
5699: -305 -192 -65 303
5738: -306 -239 -55 331
5769: -306 -244 -86 303
5775: -306 -245 -92 296
5841: -308 -338 -60 317
5851: -308 -339 -70 338
6230: -64 -9 -106 52
6231: -64 -9 -107 59
6232: -64 -9 -108 66
6233: -64 -9 -109 73
6234: -64 -9 -110 80
6235: -64 -9 -111 87
6308: -65 -62 -135 59
6315: -65 -63 -142 59
6384: -67 -157 -113 52
6433: -68 -206 -113 52
6434: -68 -206 -114 59
6435: -68 -206 -115 66
6437: -68 -206 -117 80
6438: -68 -206 -118 87
6864: -119 -309 -103 129
6989: -163 -75 -130 171
6996: -163 -76 -137 171
7288: -211 -34 -135 206
7289: -211 -34 -136 213
7345: -212 -84 -143 213
7557: -217 -324 -110 227
7638: -260 -42 -142 255
7649: -261 -85 -104 283
7967: -309 -47 -128 304
7968: -309 -47 -129 311
8386: -24 -100 -155 4
8414: -24 -104 -183 4
8420: -24 -104 -189 46
8422: -24 -105 -191 11
8631: -71 -9 -155 53
8633: -71 -9 -157 67
8634: -71 -9 -158 74
8635: -71 -9 -159 81
8636: -71 -9 -160 88
8637: -71 -9 -161 95
8702: -72 -61 -177 60
8705: -72 -61 -180 81
8709: -72 -62 -184 60
8716: -72 -63 -191 60
8743: -73 -109 -169 53
9689: -218 -34 -184 207
9690: -218 -34 -185 214
10039: -267 -42 -191 256
10204: -271 -233 -160 284
10368: -316 -47 -177 305
10965: -34 -251 -235 26
11032: -78 -9 -204 54
11034: -78 -9 -206 68
11036: -78 -9 -208 82
11037: -78 -9 -209 89
11038: -78 -9 -210 96
11096: -79 -60 -219 61
11390: -127 -18 -219 110
11460: -128 -70 -240 110
11463: -128 -70 -243 131
11527: -130 -163 -209 138
11585: -131 -214 -218 103
11726: -176 -24 -212 159
11729: -176 -24 -215 180
11803: -177 -77 -240 159
12222: -228 -179 -218 201
12482: -275 -90 -233 257
12558: -277 -185 -211 250
12804: -324 -94 -212 306
13384: -42 -296 -253 6
13391: -42 -297 -260 6
13420: -42 -301 -289 13
13433: -85 -9 -253 55
13435: -85 -9 -255 69
13436: -85 -9 -256 76
13438: -85 -9 -258 90
13439: -85 -9 -259 97
13490: -86 -59 -261 62
13497: -86 -60 -268 62
13791: -134 -18 -268 111
13990: -138 -214 -271 132
14127: -183 -24 -261 160
14190: -184 -75 -275 160
14619: -235 -178 -263 223
14910: -283 -136 -260 251
15233: -331 -98 -289 307
15687: -47 -198 -302 7
15694: -47 -199 -309 7
15834: -92 -9 -302 56
15836: -92 -9 -304 70
15837: -92 -9 -305 77
15838: -92 -9 -306 84
15839: -92 -9 -307 91
15840: -92 -9 -308 98
15892: -93 -59 -311 70
16136: -98 -304 -310 63
16192: -141 -18 -317 112
16328: -144 -163 -306 133
16527: -190 -24 -309 154
16528: -190 -24 -310 161
16598: -191 -76 -331 161
16916: -240 -79 -306 231
16934: -240 -82 -324 210
16965: -241 -128 -306 231
17014: -242 -177 -306 231
17017: -242 -178 -309 203
17263: -289 -87 -310 259
17268: -289 -87 -315 294
17270: -289 -88 -317 259
18394: -71 -52 -111 39
18395: -71 -52 -112 46
18443: -78 -52 -111 40
18651: -106 -103 -214 23
19118: -176 -149 -72 12
19363: -211 -198 -79 10
20049: -309 -296 -93 10
20344: -9 -9 -52 65
20345: -9 -9 -53 72
20346: -9 -9 -54 79
20347: -9 -9 -55 86
20348: -9 -9 -56 93
20941: -93 -59 -110 84
20975: -100 -106 -18 71
21029: -107 -107 -65 58
21269: -142 -106 -18 77
21371: -156 -156 -71 51
21372: -156 -156 -72 58
21415: -163 -155 -24 66
21611: -191 -155 -24 70
21714: -205 -205 -78 51
21717: -205 -205 -81 72
21761: -212 -204 -34 87
21779: -212 -207 -178 66
21957: -240 -204 -34 91
22058: -254 -254 -86 58
22203: -275 -253 -42 96
22400: -303 -303 -92 51
22446: -310 -302 -47 80
22465: -310 -305 -192 66
22593: -331 -302 -47 83
23031: -52 -64 -9 106
23042: -52 -65 -62 134
23043: -52 -65 -63 141
23123: -59 -70 -304 114
23178: -73 -64 -9 109
23207: -73 -68 -206 116
23210: -73 -68 -209 137
23214: -73 -69 -255 116
23221: -73 -70 -304 116
23222: -73 -70 -305 123
23223: -73 -70 -306 130
23227: -80 -64 -9 110
23276: -87 -64 -9 111
23325: -94 -64 -9 112
23389: -101 -115 -115 113
23951: -178 -167 -271 131
23963: -185 -162 -24 118
24008: -185 -168 -321 139
24064: -199 -211 -34 134
24080: -199 -214 -176 99
24115: -206 -212 -78 100
24480: -255 -264 -233 107
24653: -283 -260 -42 146
24749: -297 -309 -47 127
24896: -318 -309 -47 130
24945: -325 -309 -47 131
25043: -339 -309 -47 133
25201: -18 -24 -100 157
25202: -18 -24 -101 164
25204: -18 -24 -103 178
25205: -18 -24 -104 185
25442: -53 -72 -61 176
25443: -53 -72 -62 183
25444: -53 -72 -63 190
25508: -60 -75 -204 149
25510: -60 -75 -206 163
25511: -60 -75 -207 170
25512: -60 -75 -208 177
25513: -60 -75 -209 184
25514: -60 -75 -210 191
25515: -60 -76 -253 149
25518: -60 -76 -256 170
25520: -60 -76 -258 184
25521: -60 -76 -259 191
25525: -60 -77 -305 170
25530: -67 -71 -9 157
25628: -81 -71 -9 159
25677: -88 -71 -9 160
26217: -165 -169 -24 164
26465: -200 -218 -34 183
26563: -214 -218 -34 185
26630: -221 -221 -178 165
26661: -228 -218 -34 187
26759: -242 -218 -34 189
26809: -249 -267 -42 190
27150: -298 -316 -47 176
27159: -298 -317 -98 190
27819: -47 -34 -247 210
27820: -47 -34 -248 217
27824: -47 -34 -252 245
27882: -61 -78 -9 205
27899: -61 -80 -110 226
27906: -61 -81 -159 226
27923: -61 -84 -302 198
27931: -68 -78 -9 206
27976: -68 -84 -306 227
27980: -75 -78 -9 207
28078: -89 -78 -9 209
28127: -96 -78 -9 210
28144: -96 -80 -110 231
28151: -96 -81 -159 231
28178: -103 -127 -18 218
28217: -103 -133 -309 197
28232: -110 -128 -65 205
28315: -117 -133 -309 199
28364: -124 -133 -309 200
28511: -145 -133 -309 203
29605: -306 -324 -94 212
29854: -341 -324 -98 245
30129: -34 -42 -296 257
30242: -55 -86 -59 260
30246: -55 -86 -63 288
30301: -62 -87 -111 282
30310: -62 -89 -204 247
30332: -69 -85 -9 255
30381: -76 -85 -9 256
30430: -83 -85 -9 257
30448: -83 -87 -111 285
30455: -83 -88 -160 285
30528: -97 -85 -9 259
30579: -104 -134 -18 267
30584: -104 -135 -65 253
30604: -104 -138 -211 246
30947: -153 -187 -218 246
30976: -160 -184 -72 254
31032: -167 -185 -121 255
32565: -42 -47 -198 307
32567: -42 -47 -200 321
32569: -42 -47 -202 335
32643: -56 -93 -59 309
32684: -63 -92 -9 303
32710: -63 -95 -161 338
32733: -70 -92 -9 304
32773: -70 -97 -259 339
32782: -77 -92 -9 305
32831: -84 -92 -9 306
32880: -91 -92 -9 307
32899: -91 -94 -112 342
32906: -91 -95 -161 342
32980: -105 -141 -18 316
32984: -105 -142 -64 295
33006: -105 -145 -212 302
33012: -105 -146 -260 295
33377: -161 -191 -72 303
34037: -252 -292 -235 316
34061: -259 -288 -42 338
34063: -259 -289 -86 303
34699: -1 -8 -1 2
34706: -1 -15 -1 3
34713: -1 -22 -1 4
34720: -1 -29 -1 5
34727: -1 -36 -1 6
34734: -1 -43 -1 7
35035: -50 -1 -50 8
35275: -78 -47 -52 112
35276: -78 -47 -53 161
35278: -78 -47 -55 259
35279: -78 -47 -56 308
35310: -85 -34 -52 110
35311: -85 -34 -53 159
35312: -85 -34 -54 208
35367: -92 -42 -53 160
35370: -92 -42 -56 307
35378: -99 -1 -99 15
35435: -106 -9 -100 65
35438: -106 -9 -103 212
35439: -106 -9 -104 261
35440: -106 -9 -105 310
35541: -120 -18 -101 115
35721: -148 -1 -148 22
35778: -155 -9 -149 72
35780: -155 -9 -151 170
35781: -155 -9 -152 219
35782: -155 -9 -153 268
36056: -190 -42 -154 321
36064: -197 -1 -197 29
36121: -204 -9 -198 79
36124: -204 -9 -201 226
36125: -204 -9 -202 275
36184: -211 -24 -198 81
36187: -211 -24 -201 228
36188: -211 -24 -202 277
36226: -218 -18 -198 80
36227: -218 -18 -199 129
36407: -246 -1 -246 36
36464: -253 -9 -247 86
36527: -260 -24 -247 88
36529: -260 -24 -249 186
36569: -267 -18 -247 87
36571: -267 -18 -249 185
36573: -267 -18 -251 283
36574: -267 -18 -252 332
36750: -295 -1 -295 43
36807: -302 -9 -296 93
36809: -302 -9 -298 191
36810: -302 -9 -299 240
36812: -302 -9 -301 338
36873: -309 -24 -299 242
37143: -9 -51 -9 50
37150: -9 -58 -9 51
37157: -9 -65 -9 52
37164: -9 -72 -9 53
37171: -9 -79 -9 54
37178: -9 -86 -9 55
37185: -9 -93 -9 56
37615: -72 -81 -61 208
37617: -72 -81 -63 306
37622: -72 -88 -61 209
37623: -72 -88 -62 258
37630: -72 -95 -62 259
37649: -79 -68 -60 157
37656: -79 -75 -60 158
37670: -79 -89 -60 160
37672: -79 -89 -62 258
37677: -79 -96 -60 161
37698: -86 -69 -60 157
37705: -86 -76 -60 158
37746: -93 -70 -59 108
37747: -93 -70 -60 157
37754: -93 -77 -60 158
37762: -93 -84 -61 208
37968: -121 -95 -106 21
37975: -128 -54 -106 15
38024: -135 -55 -106 15
38186: -156 -65 -156 73
38241: -163 -73 -155 25
38255: -163 -87 -155 27
38262: -163 -94 -155 28
38318: -177 -54 -155 22
38339: -177 -75 -155 25
38346: -177 -82 -155 26
38367: -184 -55 -155 22
38388: -184 -76 -155 25
38402: -184 -90 -155 27
38416: -191 -56 -155 22
38437: -191 -77 -155 25
38458: -191 -98 -155 28
38529: -205 -65 -205 80
38550: -205 -86 -205 83
38563: -212 -52 -204 29
38612: -219 -53 -204 29
38624: -219 -60 -209 275
38900: -254 -93 -254 91
38906: -261 -52 -253 36
38915: -261 -59 -255 135
38955: -268 -53 -253 36
38968: -268 -60 -259 331
39137: -289 -91 -253 41
39215: -303 -65 -303 94
39249: -310 -52 -302 43
39258: -310 -59 -304 142
39260: -310 -59 -306 240
39262: -310 -59 -308 338
39298: -317 -53 -302 43
39309: -317 -60 -306 240
39333: -317 -88 -302 48
39389: -324 -96 -302 49
39470: -338 -77 -306 242
39644: -24 -102 -18 148
39651: -24 -109 -18 149
39658: -24 -116 -18 150
39665: -24 -123 -18 151
39672: -24 -130 -18 152
39679: -24 -137 -18 153
39686: -24 -144 -18 154
39920: -59 -128 -70 306
40025: -73 -137 -70 307
40033: -80 -103 -64 8
40082: -87 -104 -64 8
40088: -87 -104 -70 302
40124: -87 -146 -64 14
40322: -115 -143 -115 119
40623: -164 -101 -164 120
40719: -178 -103 -162 22
40720: -178 -103 -163 71
40722: -178 -103 -165 169
40723: -178 -103 -166 218
40724: -178 -103 -167 267
40725: -178 -103 -168 316
40769: -185 -104 -163 71
40771: -185 -104 -165 169
40772: -185 -104 -166 218
40773: -185 -104 -167 267
40774: -185 -104 -168 316
41216: -248 -106 -260 37
41217: -248 -106 -261 86
41644: -304 -142 -310 98
41748: -325 -103 -309 43
41797: -332 -104 -309 43
41995: -18 -150 -24 99
42002: -18 -157 -24 100
42009: -18 -164 -24 101
42016: -18 -171 -24 102
42023: -18 -178 -24 103
42030: -18 -185 -24 104
42037: -18 -192 -24 105
42321: -60 -177 -77 306
42324: -60 -184 -73 111
42331: -60 -191 -73 112
42333: -60 -191 -75 210
42334: -60 -191 -76 259
43315: -200 -190 -224 329
43345: -207 -177 -219 82
44595: -47 -203 -34 246
44602: -47 -210 -34 247
44609: -47 -217 -34 248
44623: -47 -231 -34 250
44630: -47 -238 -34 251
44637: -47 -245 -34 252
44661: -54 -218 -79 60
44668: -54 -225 -79 61
44705: -61 -212 -81 157
44708: -61 -212 -84 304
44711: -61 -219 -80 109
44729: -61 -233 -84 307
44746: -68 -206 -80 107
44750: -68 -206 -84 303
44828: -75 -242 -78 14
45005: -103 -218 -129 116
45008: -103 -218 -132 263
45532: -180 -208 -180 219
45685: -201 -211 -228 178
46899: -34 -250 -42 295
46906: -34 -257 -42 296
46913: -34 -264 -42 297
46920: -34 -271 -42 298
46927: -34 -278 -42 299
46934: -34 -285 -42 300
46941: -34 -292 -42 301
47076: -55 -281 -86 62
47093: -62 -247 -89 204
47106: -62 -261 -88 157
47112: -62 -268 -87 109
47135: -62 -289 -89 210
47410: -104 -267 -140 312
47640: -139 -258 -139 261
47743: -153 -260 -186 171
47861: -167 -283 -185 125
48189: -216 -269 -233 81
48918: -321 -263 -332 143
49347: -42 -300 -47 197
49354: -42 -307 -47 198
49368: -42 -321 -47 200
49389: -42 -342 -47 203
49463: -56 -316 -93 60
49513: -63 -317 -94 109
49523: -63 -324 -97 257
49602: -77 -312 -92 10
49741: -98 -301 -98 302
49748: -98 -308 -98 303
49769: -98 -329 -98 306
49776: -98 -336 -98 307
49783: -98 -343 -98 308
49857: -112 -317 -144 165
51292: -315 -332 -340 195
51307: -322 -298 -341 239
51527: -9 -16
51528: -9 -23
51529: -9 -30
51530: -9 -37
51531: -9 -44
51560: -24 -45
51576: -18 -25
51578: -18 -39
51579: -18 -46
51627: -34 -41
51628: -34 -48
51651: -42 -49
51664: -64 -71
51665: -64 -78
51668: -71 -78
51669: -71 -85
51670: -71 -92
51674: 50 57 64 71 78 85 92
51686: -65 -72
51687: -65 -79
51689: -65 -93
51694: -79 -93
51696: 51 58 65 72 79 86 93
51697: -52 -59
51699: -52 -73
51700: -52 -80
51702: -52 -94
51703: -59 -66
51704: -59 -73
51706: -59 -87
51707: -59 -94
51708: -66 -73
51714: -73 -94
51715: -80 -87
51716: -80 -94
51717: -87 -94
51718: 52 59 66 73 80 87 94
51719: -53 -60
51723: -53 -88
51724: -53 -95
51725: -60 -67
51726: -60 -74
51727: -60 -81
51728: -60 -88
51729: -60 -95
51738: -81 -95
51740: 53 60 67 74 81 88 95
51741: -54 -61
51743: -54 -75
51745: -54 -89
51749: -61 -82
51750: -61 -89
51752: -68 -75
51757: -75 -89
51762: 54 61 68 75 82 89 96
51763: -55 -62
51764: -55 -69
51765: -55 -76
51766: -55 -83
51768: -55 -97
51772: -62 -90
51773: -62 -97
51779: -76 -90
51780: -76 -97
51784: 55 62 69 76 83 90 97
51785: -56 -63
51787: -56 -77
51788: -56 -84
51789: -56 -91
51793: -63 -84
51795: -63 -98
51797: -70 -84
51802: -77 -98
51805: -91 -98
51806: 56 63 70 77 84 91 98
51813: -106 -113
51815: -106 -127
51816: -106 -134
51850: 100 107 114 121 128 135 142
51894: 102 109 116 123 130 137 144
51895: -103 -110
51896: -103 -117
51898: -103 -131
51899: -103 -138
51916: 103 110 117 124 131 138 145
51917: -104 -111
51918: -104 -118
51919: -104 -125
51920: -104 -132
51921: -104 -139
51929: -118 -132
51939: -105 -112
51944: -105 -147
51969: -155 -176
51970: -155 -183
52004: 149 156 163 170 177 184 191
52026: 150 157 164 171 178 185 192
52072: -153 -167
52096: -154 -182
52121: -204 -211
52122: -204 -218
52158: 198 205 212 219 226 233 240
52160: -199 -213
52162: -199 -227
52202: 200 207 214 221 228 235 242
52203: -201 -208
52268: 203 210 217 224 231 238 245
52276: -253 -267
52292: -247 -261
52312: 247 254 261 268 275 282 289
52315: -248 -269
52339: -249 -284
52378: 250 257 264 271 278 285 292
52379: -251 -258
52401: -252 -259
52430: -302 -316
52459: -310 -338
52466: 296 303 310 317 324 331 338
52488: 297 304 311 318 325 332 339
52494: -298 -340
52509: -333 -340
52511: -299 -306
52516: -299 -341
52521: -306 -341
52555: -301 -308
52563: -308 -329
52576: 301 308 315 322 329 336 343
52626: -9 -57 8
52628: -9 -59 106
52629: -9 -60 155
52630: -9 -61 204
52631: -9 -62 253
52632: -9 -63 302
52643: -107 -60 157
52644: -107 -61 206
52645: -107 -62 255
52646: -107 -63 304
52657: -205 -60 159
52660: -205 -63 306
52663: -254 -59 111
52664: -254 -60 160
52665: -254 -61 209
52667: -254 -63 307
52670: -303 -59 112
52671: -303 -60 161
52672: -303 -61 210
52673: -303 -62 259
52781: -82 -226 79
52782: -82 -227 128
52832: -90 -284 184
52878: -98 -337 44
52879: -98 -338 93
52880: -98 -339 142
52881: -98 -340 191
52882: -98 -341 240
52884: -98 -343 338
53366: -59 -106 -55 260
53415: -60 -155 -55 267
53416: -60 -155 -56 316
53461: -61 -204 -52 127
53462: -61 -204 -53 176
53510: -62 -253 -52 134
53511: -62 -253 -53 183
53560: -63 -302 -53 190
54454: -228 -178 -212 73
55070: -338 -98 -338 63
55766: -59 -106 -79 211
55815: -60 -155 -79 218
55816: -60 -155 -86 267
55817: -60 -155 -93 316
55911: -62 -253 -65 134
56876: -228 -181 -208 76
57177: -283 -140 -258 70
58443: -59 -107
58444: -59 -65
58445: -59 -114
58446: -59 -108
58484: -59 -64 -9
58504: -60 -156
58505: -60 -72
58506: -60 -170
58507: -60 -158
58545: -60 -71 -9
58565: -61 -205
58566: -61 -79
58567: -61 -226
58568: -61 -208
58606: -61 -78 -9
58626: -62 -254
58627: -62 -86
58628: -62 -282
58629: -62 -258
58667: -62 -85 -9
58672: -62 -87 -65
58677: -62 -88 -160
58687: -63 -303
58688: -63 -93
58689: -63 -338
58728: -63 -92 -9
58735: -63 -94 -112
58736: -63 -95 -72
58812: -114 -65
59066: -119 -310 -94
59178: -170 -72
59544: -226 -79
59559: -226 -80 -110
59564: -226 -81 -159
59579: -226 -84 -306
59910: -282 -86
60296: -338 -95 -161
60374: -339 -309 -301
60396: -340 -322
60578: 1
60579: 9
60580: 18
60581: 24
60582: 34
60583: 42