1 1 1 1 1 2
UNSAT
0: -1 -2
1: -1 -3
2: -1 -4
3: -1 -5
4: -1 -6
5: -1 -7
28: -9 -10
32: -9 -14
57: -17 -20
58: -17 -21
82: -25 -27
106: -33 -34
107: -33 -35
130: -41 -42
153: 43 44 45 46 47 48 49
175: 50 51 52 53 54 55 56
197: 57 58 59 60 61 62 63
307: 92 93 94 95 96 97 98
329: 99 100 101 102 103 104 105
335: -106 -112
373: 113 114 115 116 117 118 119
461: 141 142 143 144 145 146 147
489: -155 -161
549: 169 170 171 172 173 174 175
637: 197 198 199 200 201 202 203
638: -204 -205
641: -204 -208
642: -204 -209
643: -204 -210
663: -211 -215
678: -215 -216
685: -218 -222
725: 225 226 227 228 229 230 231
769: 239 240 241 242 243 244 245
776: -247 -248
777: -247 -249
778: -247 -250
779: -247 -251
781: -248 -249
791: 246 247 248 249 250 251 252
882: -281 -284
901: 281 282 283 284 285 286 287
923: 288 289 290 291 292 293 294
930: -296 -297
932: -296 -299
935: -297 -298
936: -297 -299
939: -298 -299
945: 295 296 297 298 299 300 301
972: -309 -314
994: -316 -321
1016: -323 -328
1038: -330 -335
1055: 330 331 332 333 334 335 336
1666: -55 -253 -1 50
1713: -55 -259 -48 85
1715: -56 -302 -1 50
1756: -56 -307 -42 92
2009: -104 -260 -1 99
2056: -104 -266 -48 134
2058: -105 -309 -1 99
2099: -105 -314 -42 141
2399: -153 -273 -48 183
2548: -199 -127 -1 197
2695: -202 -274 -1 197
2742: -202 -280 -48 232
2785: -203 -328 -42 239
2842: -247 -85 -1 246
2850: -247 -86 -9 253
2889: -247 -91 -48 281
2907: -248 -136 -17 260
2938: -248 -140 -48 281
2987: -249 -189 -48 281
3021: -250 -236 -33 274
3036: -250 -238 -48 281
3185: -296 -92 -1 295
3193: -296 -93 -9 302
3201: -296 -94 -17 309
3217: -296 -96 -33 323
3226: -296 -97 -42 337
3232: -296 -98 -48 330
3234: -297 -141 -1 295
3242: -297 -142 -9 302
3250: -297 -143 -17 309
3258: -297 -144 -25 316
3275: -297 -146 -42 337
3281: -297 -147 -48 330
3283: -298 -190 -1 295
3307: -298 -193 -25 316
3324: -298 -195 -42 337
3332: -299 -239 -1 295
3340: -299 -240 -9 302
3364: -299 -243 -33 323
3373: -299 -244 -42 337
3379: -299 -245 -48 330
3563: -9 -55 -85 2
4180: -106 -17 -65 107
4880: -204 -33 -79 205
5236: -253 -42 -92 247
5572: -302 -48 -85 296
5811: -307 -292 -79 303
6014: -17 -104 -135 10
7637: -260 -42 -141 248
7917: -266 -334 -127 248
7973: -309 -48 -134 297
8192: -314 -289 -108 311
8211: -314 -292 -127 297
8213: -314 -292 -129 311
8463: -25 -153 -183 4
9431: -171 -123 -171 165
10038: -267 -42 -190 249
10307: -273 -332 -165 270
10374: -316 -48 -183 298
10598: -321 -290 -162 298
10612: -321 -292 -176 298
10925: -33 -203 -244 40
11737: -176 -25 -223 187
12439: -274 -42 -239 250
12775: -323 -48 -232 299
12996: -328 -289 -208 327
13003: -328 -290 -215 327
13384: -42 -296 -253 6
13391: -42 -297 -260 6
13398: -42 -298 -267 6
13401: -42 -298 -270 27
13405: -42 -299 -274 6
13407: -42 -299 -276 20
13410: -42 -299 -279 41
13433: -85 -9 -253 55
13439: -85 -9 -259 97
13755: -91 -307 -281 55
13783: -134 -17 -260 104
13788: -134 -17 -265 139
13789: -134 -17 -266 146
14098: -140 -314 -281 104
14133: -183 -25 -267 153
14138: -183 -25 -272 188
14139: -183 -25 -273 195
14441: -189 -321 -281 153
14483: -232 -33 -274 202
14488: -232 -33 -279 237
14489: -232 -33 -280 244
14784: -238 -328 -281 202
14842: -281 -42 -290 265
14843: -281 -42 -291 272
14844: -281 -42 -292 279
15179: -330 -48 -284 321
15180: -330 -48 -285 328
15736: -48 -247 -302 7
15737: -48 -247 -303 14
15743: -48 -248 -309 7
15745: -48 -248 -311 21
15750: -48 -249 -316 7
15757: -48 -250 -323 7
15761: -48 -250 -327 35
15764: -48 -251 -330 7
15834: -92 -9 -302 56
15839: -92 -9 -307 91
16114: -97 -259 -337 56
16184: -141 -17 -309 105
16189: -141 -17 -314 140
16457: -146 -266 -337 105
16539: -190 -25 -321 189
16800: -195 -273 -337 154
16889: -239 -33 -328 238
16958: -241 -127 -299 231
17143: -244 -280 -337 203
18367: -64 -55 -259 45
19665: -253 -248 -136 16
19681: -253 -250 -236 30
19683: -253 -250 -238 44
19861: -281 -248 -136 20
19877: -281 -250 -236 34
20346: -9 -9 -54 79
20347: -9 -9 -55 86
20348: -9 -9 -56 93
21029: -107 -107 -65 58
22046: -247 -259 -333 71
22047: -247 -259 -334 78
22349: -296 -302 -48 85
22383: -296 -307 -292 78
22384: -296 -307 -293 85
22803: -17 -17 -103 129
22804: -17 -17 -104 136
22805: -17 -17 -105 143
23866: -171 -162 -25 123
24408: -248 -260 -42 141
24750: -297 -309 -48 134
24783: -297 -314 -291 120
24784: -297 -314 -292 127
25490: -60 -72 -60 170
25791: -102 -122 -116 169
26687: -228 -222 -228 173
26846: -249 -273 -331 155
26851: -249 -273 -336 190
27151: -298 -316 -48 183
27183: -298 -321 -290 162
27185: -298 -321 -292 176
27718: -33 -33 -202 236
27719: -33 -33 -203 243
29210: -250 -274 -42 239
29552: -299 -323 -48 232
29584: -299 -328 -290 211
29585: -299 -328 -291 218
30227: -48 -42 -296 259
30228: -48 -42 -297 266
30229: -48 -42 -298 273
30230: -48 -42 -299 280
30232: -48 -42 -301 294
30676: -118 -134 -17 262
31462: -230 -232 -33 278
31548: -237 -237 -280 293
31905: -293 -281 -42 294
31939: -293 -286 -286 287
32100: -321 -330 -48 284
32149: -328 -330 -48 285
32572: -42 -48 -247 307
32573: -42 -48 -248 314
32574: -42 -48 -249 321
32575: -42 -48 -250 328
32576: -42 -48 -251 335
34074: -259 -290 -139 331
34081: -259 -291 -188 331
34137: -266 -292 -237 332
34159: -273 -288 -42 340
34218: -280 -290 -136 313
34599: -336 -337 -48 335
34699: -1 -8 -1 2
34706: -1 -15 -1 3
34713: -1 -22 -1 4
34720: -1 -29 -1 5
34727: -1 -36 -1 6
34734: -1 -43 -1 7
35035: -50 -1 -50 8
35328: -85 -48 -56 308
35378: -99 -1 -99 15
35670: -134 -48 -104 266
35671: -134 -48 -105 315
35721: -148 -1 -148 22
36014: -183 -48 -154 322
36064: -197 -1 -197 29
36121: -204 -9 -198 79
36181: -211 -17 -202 276
36356: -232 -48 -202 280
36407: -246 -1 -246 36
36464: -253 -9 -247 86
36465: -253 -9 -248 135
36467: -253 -9 -250 233
36520: -260 -17 -247 87
36522: -260 -17 -249 185
36523: -260 -17 -250 234
36576: -267 -25 -247 88
36632: -274 -33 -247 89
36633: -274 -33 -248 138
36634: -274 -33 -249 187
36695: -281 -48 -247 91
36696: -281 -48 -248 140
36697: -281 -48 -249 189
36698: -281 -48 -250 238
36750: -295 -1 -295 43
36808: -302 -9 -297 142
36810: -302 -9 -299 240
36920: -316 -25 -297 144
36975: -323 -33 -296 96
37080: -337 -42 -296 97
37081: -337 -42 -297 146
37083: -337 -42 -299 244
37143: -9 -51 -9 50
37150: -9 -58 -9 51
37164: -9 -72 -9 53
37178: -9 -86 -9 55
37185: -9 -93 -9 56
37579: -65 -94 -60 161
37627: -72 -95 -59 112
37629: -72 -95 -61 210
38842: -247 -78 -259 334
39108: -289 -56 -259 330
39165: -296 -64 -302 45
39177: -296 -71 -307 291
39184: -296 -78 -307 292
39594: -17 -101 -17 99
39601: -17 -108 -17 100
39608: -17 -115 -17 101
39622: -17 -129 -17 103
39629: -17 -136 -17 104
39636: -17 -143 -17 105
39859: -52 -120 -65 60
39873: -52 -134 -65 62
41236: -248 -120 -266 333
41243: -248 -127 -266 334
41509: -290 -105 -266 330
41593: -297 -134 -315 342
42045: -25 -151 -25 148
42066: -25 -172 -25 151
42073: -25 -179 -25 152
42080: -25 -186 -25 153
43503: -228 -187 -223 279
43617: -249 -155 -267 37
43623: -249 -155 -273 331
43630: -249 -162 -273 332
43644: -249 -176 -273 334
43965: -298 -155 -321 289
43994: -298 -183 -322 342
44496: -33 -201 -33 197
44503: -33 -208 -33 198
44510: -33 -215 -33 199
44524: -33 -229 -33 201
44531: -33 -236 -33 202
44538: -33 -243 -33 203
46031: -250 -211 -280 332
46038: -250 -218 -280 333
46311: -292 -203 -280 330
46368: -299 -211 -323 45
46375: -299 -218 -323 46
46997: -48 -252 -42 295
47004: -48 -259 -42 296
47011: -48 -266 -42 297
47018: -48 -273 -42 298
47025: -48 -280 -42 299
47032: -48 -287 -42 300
47039: -48 -294 -42 301
48730: -293 -273 -284 186
48738: -293 -280 -285 236
48804: -307 -247 -330 43
48805: -307 -247 -331 92
48806: -307 -247 -332 141
48807: -307 -247 -333 190
48808: -307 -247 -334 239
48810: -307 -247 -336 337
48853: -314 -248 -330 43
48855: -314 -248 -332 141
48856: -314 -248 -333 190
48857: -314 -248 -334 239
48859: -314 -248 -336 337
48903: -321 -249 -331 92
48904: -321 -249 -332 141
48905: -321 -249 -333 190
48906: -321 -249 -334 239
48908: -321 -249 -336 337
48953: -328 -250 -332 141
48954: -328 -250 -333 190
48955: -328 -250 -334 239
48957: -328 -250 -336 337
49005: -335 -251 -335 288
49348: -42 -300 -48 246
49355: -42 -307 -48 247
49362: -42 -314 -48 248
49369: -42 -321 -48 249
49376: -42 -328 -48 250
49383: -42 -335 -48 251
49390: -42 -342 -48 252
50862: -259 -296 -288 36
50863: -259 -296 -289 85
50864: -259 -296 -290 134
50865: -259 -296 -291 183
50866: -259 -296 -292 232
50867: -259 -296 -293 281
50911: -266 -297 -288 36
50912: -266 -297 -289 85
50913: -266 -297 -290 134
50914: -266 -297 -291 183
50915: -266 -297 -292 232
50916: -266 -297 -293 281
50961: -273 -298 -289 85
50962: -273 -298 -290 134
50963: -273 -298 -291 183
50964: -273 -298 -292 232
50965: -273 -298 -293 281
51009: -280 -299 -288 36
51010: -280 -299 -289 85
51011: -280 -299 -290 134
51012: -280 -299 -291 183
51013: -280 -299 -292 232
51014: -280 -299 -293 281
51113: -294 -301 -294 330
51527: -9 -16
51529: -9 -30
51530: -9 -37
51531: -9 -44
51557: -17 -45
51582: -25 -46
51605: -33 -40
51606: -33 -47
51651: -42 -49
51664: -64 -71
51666: -64 -85
51669: -71 -85
51671: -78 -85
51673: -85 -92
51696: 51 58 65 72 79 86 93
51697: -52 -59
51706: -59 -87
51707: -59 -94
51719: -53 -60
51723: -53 -88
51728: -60 -88
51729: -60 -95
51746: -54 -96
51750: -61 -89
51751: -61 -96
51815: -106 -127
51816: -106 -134
51817: -106 -141
51822: -120 -127
51823: -120 -134
51825: -127 -134
51827: -134 -141
51828: 99 106 113 120 127 134 141
51830: -100 -114
51833: -100 -135
51834: -100 -142
51842: -114 -135
51843: -114 -142
51872: 101 108 115 122 129 136 143
51874: -102 -116
51878: -102 -144
51887: -116 -144
51896: -103 -117
51899: -103 -138
51900: -103 -145
51908: -117 -138
51909: -117 -145
51969: -155 -176
51970: -155 -183
51974: -162 -183
51979: -176 -183
51980: -176 -190
51981: -183 -190
51982: 148 155 162 169 176 183 190
52021: -171 -185
52048: 151 158 165 172 179 186 193
52053: -152 -187
52065: -173 -187
52124: -204 -232
52125: -204 -239
52128: -211 -232
52129: -211 -239
52131: -218 -232
52132: -218 -239
52135: -232 -239
52136: 197 204 211 218 225 232 239
52141: -198 -233
52142: -198 -240
52155: -226 -233
52156: -226 -240
52163: -199 -234
52177: -227 -234
52186: -200 -242
52224: 201 208 215 222 229 236 243
52246: 202 209 216 223 230 237 244
52275: -253 -260
52277: -253 -274
52278: -253 -281
52290: 246 253 260 267 274 281 288
52295: -247 -282
52296: -247 -289
52318: -248 -290
52327: -262 -290
52339: -249 -284
52340: -249 -291
52361: -250 -285
52362: -250 -292
52376: -278 -292
52422: 252 259 266 273 280 287 294
52444: 295 302 309 316 323 330 337
52449: -296 -331
52471: -297 -332
52493: -298 -333
52494: -298 -340
52512: -299 -313
52515: -299 -334
52554: 300 307 314 321 328 335 342
52626: -9 -57 8
52628: -9 -59 106
52629: -9 -60 155
52630: -9 -61 204
52631: -9 -62 253
52632: -9 -63 302
52675: -17 -113 15
52676: -17 -114 64
52678: -17 -116 162
52679: -17 -117 211
52680: -17 -118 260
52681: -17 -119 309
52724: -25 -169 22
52725: -25 -170 71
52726: -25 -171 120
52728: -25 -173 218
52729: -25 -174 267
52730: -25 -175 316
52773: -33 -225 29
52774: -33 -226 78
52775: -33 -227 127
52776: -33 -228 176
52778: -33 -230 274
52779: -33 -231 323
53364: -59 -106 -53 162
53412: -60 -155 -52 120
53658: -114 -64 -102 155
53659: -114 -64 -103 204
53661: -114 -64 -105 302
53754: -116 -162 -100 71
53757: -116 -162 -103 218
53803: -117 -211 -100 78
53805: -117 -211 -102 176
55815: -60 -155 -79 218
55862: -61 -204 -65 127
56155: -116 -162 -108 71
56792: -227 -127 -208 64
56794: -227 -127 -222 162
56841: -228 -176 -208 71
56842: -228 -176 -215 120
57415: -337 -48 -308 55
58444: -59 -65
58505: -60 -72
58506: -60 -170
58566: -61 -79
58812: -114 -65
58871: -116 -122
59176: -170 -158
59338: -173 -176 -25
59544: -226 -79
59603: -227 -215
59643: -227 -211 -33
59664: -228 -222
59704: -228 -218 -33
60026: -283 -266 -293
60032: -284 -186
60093: -285 -236
60578: 1
60579: 9
60580: 17
60581: 25
60582: 33
60583: 42