1 2 4
UNSAT
0: -1 -2
1: -1 -3
2: -1 -4
3: -1 -5
4: -1 -6
5: -1 -7
28: -9 -10
33: -10 -11
34: -10 -12
35: -10 -13
36: -10 -14
51: -16 -18
52: -16 -19
53: -16 -20
54: -16 -21
81: -25 -26
84: -26 -27
85: -26 -28
104: -32 -34
108: -34 -35
127: -39 -42
153: 43 44 45 46 47 48 49
169: -53 -54
170: -53 -55
171: -53 -56
172: -54 -55
173: -54 -56
174: -55 -56
175: 50 51 52 53 54 55 56
176: -57 -58
178: -57 -60
181: -57 -63
200: -64 -67
204: -65 -66
213: -67 -68
214: -67 -69
215: -67 -70
216: -68 -69
218: -69 -70
219: 64 65 66 67 68 69 70
220: -71 -72
221: -71 -73
222: -71 -74
223: -71 -75
233: -73 -76
241: 71 72 73 74 75 76 77
243: -78 -80
245: -78 -82
253: -80 -81
256: -80 -84
263: 78 79 80 81 82 83 84
265: -85 -87
268: -85 -90
270: -86 -87
271: -86 -88
272: -86 -89
275: -87 -88
276: -87 -89
285: 85 86 87 88 89 90 91
286: -92 -93
287: -92 -94
291: -92 -98
292: -93 -94
300: -94 -98
305: -96 -98
307: 92 93 94 95 96 97 98
323: -102 -103
324: -102 -104
325: -102 -105
326: -103 -104
327: -103 -105
328: -104 -105
329: 99 100 101 102 103 104 105
345: -109 -110
346: -109 -111
347: -109 -112
348: -110 -111
349: -110 -112
350: -111 -112
351: 106 107 108 109 110 111 112
353: -113 -115
373: 113 114 115 116 117 118 119
374: -120 -121
376: -120 -123
377: -120 -124
379: -120 -126
395: 120 121 122 123 124 125 126
396: -127 -128
401: -127 -133
404: -128 -131
417: 127 128 129 130 131 132 133
420: -134 -137
429: -136 -137
433: -137 -138
439: 134 135 136 137 138 139 140
440: -141 -142
448: -142 -145
461: 141 142 143 144 145 146 147
468: -149 -150
471: -149 -153
473: -150 -151
475: -150 -153
483: 148 149 150 151 152 153 154
485: -155 -157
487: -155 -159
488: -155 -160
490: -156 -157
491: -156 -158
497: -157 -160
503: -159 -161
504: -160 -161
505: 155 156 157 158 159 160 161
507: -162 -164
510: -162 -167
511: -162 -168
515: -163 -167
517: -164 -165
518: -164 -166
522: -165 -167
523: -165 -168
526: -167 -168
527: 162 163 164 165 166 167 168
529: -169 -171
531: -169 -173
535: -170 -172
549: 169 170 171 172 173 174 175
550: -176 -177
551: -176 -178
554: -176 -181
555: -176 -182
564: -178 -182
569: -180 -182
571: 176 177 178 179 180 181 182
577: -183 -189
579: -184 -186
589: -186 -189
590: -187 -188
593: 183 184 185 186 187 188 189
611: -193 -196
615: 190 191 192 193 194 195 196
630: -199 -203
637: 197 198 199 200 201 202 203
638: -204 -205
640: -204 -207
644: -205 -206
646: -205 -208
659: 204 205 206 207 208 209 210
661: -211 -213
662: -211 -214
672: -213 -215
681: 211 212 213 214 215 216 217
689: -219 -221
703: 218 219 220 221 222 223 224
725: 225 226 227 228 229 230 231
742: -235 -237
747: 232 233 234 235 236 237 238
769: 239 240 241 242 243 244 245
781: -248 -249
786: -249 -251
787: -249 -252
791: 246 247 248 249 250 251 252
792: -253 -254
798: -254 -255
811: -257 -259
813: 253 254 255 256 257 258 259
818: -260 -265
835: 260 261 262 263 264 265 266
838: -267 -270
848: -269 -271
856: -272 -273
857: 267 268 269 270 271 272 273
858: -274 -275
870: -276 -278
879: 274 275 276 277 278 279 280
884: -281 -286
901: 281 282 283 284 285 286 287
902: -288 -289
906: -288 -293
907: -288 -294
923: 288 289 290 291 292 293 294
930: -296 -297
931: -296 -298
932: -296 -299
934: -296 -301
936: -297 -299
938: -297 -301
945: 295 296 297 298 299 300 301
946: -302 -303
967: 302 303 304 305 306 307 308
969: -309 -311
974: -310 -311
989: 309 310 311 312 313 314 315
990: -316 -317
992: -316 -319
994: -316 -321
995: -316 -322
1011: 316 317 318 319 320 321 322
1033: 323 324 325 326 327 328 329
1050: -333 -335
1055: 330 331 332 333 334 335 336
1062: -338 -339
1066: -338 -343
1075: -341 -343
1077: 337 338 339 340 341 342 343
1470: -51 -57 -1 50
1568: -53 -155 -1 50
1577: -53 -156 -10 64
1583: -53 -157 -16 57
1593: -53 -158 -26 78
1601: -53 -159 -34 85
1609: -53 -160 -42 92
1613: -53 -161 -46 71
1617: -54 -204 -1 50
1626: -54 -205 -10 64
1632: -54 -206 -16 57
1642: -54 -207 -26 78
1650: -54 -208 -34 85
1658: -54 -209 -42 92
1662: -54 -210 -46 71
1666: -55 -253 -1 50
1675: -55 -254 -10 64
1681: -55 -255 -16 57
1691: -55 -256 -26 78
1699: -55 -257 -34 85
1707: -55 -258 -42 92
1711: -55 -259 -46 71
1715: -56 -302 -1 50
1724: -56 -303 -10 64
1730: -56 -304 -16 57
1740: -56 -305 -26 78
1748: -56 -306 -34 85
1756: -56 -307 -42 92
1760: -56 -308 -46 71
1911: -102 -162 -1 99
1920: -102 -163 -10 113
1926: -102 -164 -16 106
1936: -102 -165 -26 127
1944: -102 -166 -34 134
1952: -102 -167 -42 141
1956: -102 -168 -46 120
1960: -103 -211 -1 99
1969: -103 -212 -10 113
1975: -103 -213 -16 106
1985: -103 -214 -26 127
1993: -103 -215 -34 134
2001: -103 -216 -42 141
2005: -103 -217 -46 120
2009: -104 -260 -1 99
2018: -104 -261 -10 113
2024: -104 -262 -16 106
2034: -104 -263 -26 127
2042: -104 -264 -34 134
2050: -104 -265 -42 141
2054: -104 -266 -46 120
2058: -105 -309 -1 99
2067: -105 -310 -10 113
2073: -105 -311 -16 106
2083: -105 -312 -26 127
2091: -105 -313 -34 134
2099: -105 -314 -42 141
2103: -105 -315 -46 120
2156: -149 -71 -1 148
2171: -149 -73 -16 155
2189: -149 -75 -34 183
2197: -149 -76 -42 190
2201: -149 -77 -46 169
2205: -150 -120 -1 148
2214: -150 -121 -10 162
2254: -151 -169 -1 148
2269: -151 -171 -16 155
2287: -151 -173 -34 183
2295: -151 -174 -42 190
2312: -152 -219 -10 162
2318: -152 -220 -16 155
2328: -152 -221 -26 176
2352: -153 -267 -1 148
2377: -153 -270 -26 176
2499: -198 -78 -1 197
2514: -198 -80 -16 204
2557: -199 -128 -10 211
2695: -202 -274 -1 197
2728: -202 -278 -34 232
2740: -202 -280 -46 218
2744: -203 -323 -1 197
2789: -203 -329 -46 218
2842: -247 -85 -1 246
2851: -247 -86 -10 260
2857: -247 -87 -16 253
2875: -247 -89 -34 281
2891: -248 -134 -1 246
2900: -248 -135 -10 260
2906: -248 -136 -16 253
2916: -248 -137 -26 274
2924: -248 -138 -34 281
2932: -248 -139 -42 288
2936: -248 -140 -46 267
2940: -249 -183 -1 246
2955: -249 -185 -16 253
2965: -249 -186 -26 274
2985: -249 -189 -46 267
3038: -251 -281 -1 246
3047: -251 -282 -10 260
3053: -251 -283 -16 253
3083: -251 -287 -46 267
3120: -252 -334 -34 281
3185: -296 -92 -1 295
3200: -296 -94 -16 302
3210: -296 -95 -26 323
3218: -296 -96 -34 330
3226: -296 -97 -42 337
3234: -297 -141 -1 295
3243: -297 -142 -10 309
3259: -297 -144 -26 323
3267: -297 -145 -34 330
3328: -298 -196 -46 316
3332: -299 -239 -1 295
3357: -299 -242 -26 323
3365: -299 -243 -34 330
3377: -299 -245 -46 316
3592: -10 -101 -65 9
3595: -10 -101 -68 30
3598: -10 -102 -71 2
3599: -10 -102 -72 9
3601: -10 -102 -74 23
3605: -10 -103 -78 2
3606: -10 -103 -79 9
3609: -10 -103 -82 30
3612: -10 -104 -85 2
3613: -10 -104 -86 9
3617: -10 -104 -90 37
3618: -10 -104 -91 44
3619: -10 -105 -92 2
3620: -10 -105 -93 9
3625: -10 -105 -98 44
3837: -57 -10 -65 58
3839: -57 -10 -67 72
3840: -57 -10 -68 79
3841: -57 -10 -69 86
3842: -57 -10 -70 93
4071: -62 -253 -54 79
4096: -62 -257 -79 58
4119: -63 -302 -53 72
4430: -111 -262 -70 142
4500: -112 -314 -91 142
4536: -155 -26 -78 149
4537: -155 -26 -79 156
4538: -155 -26 -80 163
4540: -155 -26 -82 177
4541: -155 -26 -83 184
4581: -156 -74 -74 170
4612: -157 -120 -56 191
4613: -157 -121 -57 149
4627: -157 -123 -71 149
4683: -158 -173 -78 149
4691: -158 -174 -86 156
4692: -158 -174 -87 163
4724: -159 -220 -70 191
4805: -161 -316 -53 170
4808: -161 -316 -56 191
4839: -161 -321 -87 163
4886: -204 -34 -85 198
4887: -204 -34 -86 205
4888: -204 -34 -87 212
4889: -204 -34 -88 219
4956: -206 -128 -57 198
5064: -208 -227 -67 219
5082: -208 -230 -85 198
5149: -210 -323 -54 226
5236: -253 -42 -92 247
5237: -253 -42 -93 254
5238: -253 -42 -94 261
5240: -253 -42 -96 275
5241: -253 -42 -97 282
5299: -255 -135 -57 247
5359: -256 -185 -68 275
5396: -257 -232 -56 289
5411: -257 -235 -71 247
5412: -257 -235 -72 254
5415: -257 -235 -75 275
5416: -257 -235 -76 282
5558: -302 -46 -71 296
5559: -302 -46 -72 303
5560: -302 -46 -73 310
5642: -304 -142 -57 296
5663: -304 -145 -78 296
5687: -305 -190 -53 317
5751: -306 -241 -68 324
5812: -307 -292 -80 310
5852: -308 -340 -71 296
5860: -308 -341 -79 303
5861: -308 -341 -80 310
5863: -308 -341 -82 324
5950: -16 -53 -120 3
5952: -16 -53 -122 17
5953: -16 -53 -123 24
5954: -16 -53 -124 31
5956: -16 -53 -126 45
5957: -16 -54 -127 3
5959: -16 -54 -129 17
5960: -16 -54 -130 24
5962: -16 -54 -132 38
5964: -16 -55 -134 3
5966: -16 -55 -136 17
5970: -16 -55 -140 45
5971: -16 -56 -141 3
5973: -16 -56 -143 17
5975: -16 -56 -145 31
5976: -16 -56 -146 38
5977: -16 -56 -147 45
6416: -67 -161 -145 80
6430: -68 -205 -110 80
6465: -68 -210 -145 80
6576: -113 -16 -109 122
6577: -113 -16 -110 129
6578: -113 -16 -111 136
6742: -116 -166 -128 108
6757: -116 -168 -143 115
6865: -119 -309 -104 136
6881: -119 -312 -120 101
6896: -119 -314 -135 108
6937: -162 -26 -127 150
6938: -162 -26 -128 157
6939: -162 -26 -129 164
6941: -162 -26 -131 178
6942: -162 -26 -132 185
6943: -162 -26 -133 192
6972: -163 -73 -113 150
7031: -164 -123 -123 171
7036: -164 -124 -128 157
7059: -165 -169 -102 171
7063: -165 -170 -106 150
7126: -166 -221 -120 150
7128: -166 -221 -122 164
7130: -166 -221 -124 178
7131: -166 -221 -125 185
7132: -166 -221 -126 192
7151: -166 -224 -145 178
7287: -211 -34 -134 199
7288: -211 -34 -135 206
7289: -211 -34 -136 213
7290: -211 -34 -137 220
7291: -211 -34 -138 227
7293: -211 -34 -140 241
7315: -212 -80 -113 199
7441: -214 -182 -141 199
7637: -260 -42 -141 248
7638: -260 -42 -142 255
7639: -260 -42 -143 262
7640: -260 -42 -144 269
7641: -260 -42 -145 276
7650: -261 -85 -105 290
7658: -261 -87 -113 248
7722: -262 -138 -128 255
7733: -262 -139 -139 283
7882: -265 -287 -141 248
7959: -309 -46 -120 297
7960: -309 -46 -121 304
7961: -309 -46 -122 311
7963: -309 -46 -124 325
7965: -309 -46 -126 339
8001: -310 -94 -113 297
8084: -311 -147 -147 339
8145: -313 -240 -110 325
8212: -314 -292 -128 304
8253: -315 -340 -120 297
8261: -315 -341 -128 304
8484: -26 -198 -155 4
8486: -26 -198 -157 18
8491: -26 -199 -162 4
8494: -26 -199 -165 25
8495: -26 -199 -166 32
8496: -26 -199 -167 39
8507: -26 -201 -178 18
8513: -26 -202 -184 11
8521: -26 -203 -192 18
8523: -26 -203 -194 32
8638: -71 -10 -162 53
8639: -71 -10 -163 60
8641: -71 -10 -165 74
8643: -71 -10 -167 88
8644: -71 -10 -168 95
8744: -73 -109 -170 60
8751: -73 -110 -177 60
8752: -73 -110 -178 67
8753: -73 -110 -179 74
8759: -73 -111 -185 67
8760: -73 -111 -186 74
8764: -73 -112 -190 53
8765: -73 -112 -191 60
8766: -73 -112 -192 67
8767: -73 -112 -193 74
8900: -76 -257 -179 74
8974: -120 -16 -155 102
8976: -120 -16 -157 116
8977: -120 -16 -158 123
8980: -120 -16 -161 144
9026: -121 -65 -158 123
9029: -121 -65 -161 144
9045: -121 -68 -177 109
9046: -121 -68 -178 116
9052: -121 -69 -184 109
9054: -121 -69 -186 123
9059: -121 -70 -191 109
9252: -125 -265 -188 137
9262: -126 -309 -149 109
9339: -169 -26 -177 158
9340: -169 -26 -178 165
9341: -169 -26 -179 172
9342: -169 -26 -180 179
9361: -170 -71 -150 165
9362: -170 -71 -151 172
9375: -170 -73 -164 165
9376: -170 -73 -165 172
9377: -170 -73 -166 179
9378: -170 -73 -167 186
9381: -170 -74 -170 158
9396: -170 -76 -185 165
9397: -170 -76 -186 172
9398: -170 -76 -187 179
9399: -170 -76 -188 186
9420: -171 -121 -160 186
9575: -174 -269 -168 193
9688: -218 -34 -183 200
9703: -219 -78 -149 207
9716: -219 -80 -162 200
9753: -220 -127 -150 214
9758: -220 -128 -155 200
9760: -220 -128 -157 214
9820: -221 -178 -168 242
9832: -221 -180 -180 228
9842: -221 -182 -190 200
9844: -221 -182 -192 214
9846: -221 -182 -194 228
9847: -221 -182 -195 235
10038: -267 -42 -190 249
10039: -267 -42 -191 256
10041: -267 -42 -193 270
10043: -267 -42 -195 284
10125: -269 -138 -179 270
10134: -269 -139 -188 284
10201: -271 -233 -157 263
10316: -273 -333 -174 284
10360: -316 -46 -169 298
10361: -316 -46 -170 305
10363: -316 -46 -172 319
10364: -316 -46 -173 326
10365: -316 -46 -174 333
10422: -317 -96 -182 340
10439: -318 -141 -150 312
10934: -34 -247 -204 5
10936: -34 -247 -206 19
10940: -34 -247 -210 47
10941: -34 -248 -211 5
10942: -34 -248 -212 12
10943: -34 -248 -213 19
10946: -34 -248 -216 40
10948: -34 -249 -218 5
10952: -34 -249 -222 33
10962: -34 -251 -232 5
11039: -78 -10 -211 54
11040: -78 -10 -212 61
11043: -78 -10 -215 82
11146: -80 -109 -220 68
11158: -80 -111 -232 54
11159: -80 -111 -233 61
11162: -80 -111 -236 82
11167: -80 -112 -241 68
11176: -81 -155 -201 82
11375: -127 -16 -204 103
11377: -127 -16 -206 117
11379: -127 -16 -208 131
11438: -128 -67 -218 103
11439: -128 -67 -219 110
11442: -128 -67 -222 131
11443: -128 -67 -223 138
11453: -128 -69 -233 110
11460: -128 -70 -240 110
11487: -129 -116 -218 103
11519: -130 -162 -201 131
11580: -131 -213 -213 117
11627: -132 -262 -211 103
11761: -177 -71 -198 159
11811: -178 -120 -199 166
11813: -178 -120 -201 180
12009: -182 -316 -201 180
12439: -274 -42 -239 250
12442: -274 -42 -242 271
12444: -274 -42 -244 285
12445: -274 -42 -245 292
12450: -275 -85 -201 278
12452: -275 -85 -203 292
12460: -275 -87 -211 250
12502: -276 -135 -204 250
12619: -278 -235 -223 285
12633: -278 -237 -237 285
12762: -323 -46 -219 306
12767: -323 -46 -224 341
12803: -324 -94 -211 299
13384: -42 -296 -253 6
13385: -42 -296 -254 13
13386: -42 -296 -255 20
13387: -42 -296 -256 27
13389: -42 -296 -258 41
13390: -42 -296 -259 48
13391: -42 -297 -260 6
13392: -42 -297 -261 13
13397: -42 -297 -266 48
13406: -42 -299 -275 13
13410: -42 -299 -279 41
13440: -85 -10 -260 55
13441: -85 -10 -261 62
13443: -85 -10 -263 76
13445: -85 -10 -265 90
13545: -87 -109 -267 55
13547: -87 -109 -269 69
13554: -87 -110 -276 69
13557: -87 -110 -279 90
13685: -90 -255 -260 55
13776: -134 -16 -253 104
13778: -134 -16 -255 118
13832: -135 -66 -260 104
13840: -135 -67 -268 111
13847: -135 -68 -275 111
13970: -138 -211 -251 139
14056: -139 -266 -288 104
14164: -184 -71 -249 174
14213: -185 -120 -249 174
14313: -187 -218 -251 188
14330: -187 -221 -268 160
14334: -187 -221 -272 188
14336: -187 -222 -274 153
14408: -189 -316 -248 167
14490: -232 -34 -281 202
14505: -233 -78 -247 209
14607: -235 -176 -251 237
14630: -235 -180 -274 202
14640: -235 -181 -284 223
14840: -281 -42 -288 251
14841: -281 -42 -289 258
14845: -281 -42 -293 286
14846: -281 -42 -294 293
14866: -282 -87 -265 286
14908: -283 -135 -258 286
14964: -284 -185 -265 286
15162: -330 -46 -267 300
15191: -331 -92 -247 307
15204: -331 -94 -260 300
15246: -332 -142 -253 300
15291: -333 -190 -249 321
15434: -335 -294 -294 342
15638: -46 -149 -302 7
15640: -46 -149 -304 21
15645: -46 -150 -309 7
15646: -46 -150 -310 14
15647: -46 -150 -311 21
15648: -46 -150 -312 28
15652: -46 -151 -316 7
15659: -46 -152 -323 7
15661: -46 -152 -325 21
15662: -46 -152 -326 28
15672: -46 -153 -336 49
15841: -92 -10 -309 56
15842: -92 -10 -310 63
15846: -92 -10 -314 91
15847: -92 -10 -315 98
15877: -93 -57 -296 63
15945: -94 -108 -315 98
15953: -94 -110 -323 56
15957: -94 -110 -327 84
15959: -94 -110 -329 98
15960: -94 -111 -330 56
15962: -94 -111 -332 70
15975: -95 -155 -296 63
15981: -95 -156 -302 56
16043: -96 -206 -315 98
16177: -141 -16 -302 105
16179: -141 -16 -304 119
16182: -141 -16 -307 140
16241: -142 -67 -317 112
16247: -142 -68 -323 105
16253: -142 -68 -329 147
16260: -142 -69 -336 147
16370: -145 -211 -299 133
16471: -147 -310 -302 105
16541: -190 -26 -323 154
16544: -190 -26 -326 175
16546: -190 -26 -328 189
16563: -191 -71 -296 161
16565: -191 -71 -298 175
16576: -191 -73 -309 154
16612: -192 -120 -296 161
16614: -192 -120 -298 175
16618: -192 -121 -302 154
16621: -192 -121 -305 175
16623: -192 -121 -307 189
16641: -192 -124 -325 168
16698: -193 -174 -333 175
16759: -195 -267 -296 161
16895: -239 -34 -334 231
16906: -240 -78 -296 210
16919: -240 -80 -309 203
16956: -241 -127 -297 217
17023: -242 -178 -315 245
17249: -289 -85 -296 259
17304: -290 -135 -302 252
17652: -339 -142 -307 336
17671: -339 -145 -326 322
17674: -339 -145 -329 343
17703: -340 -192 -309 301
18304: -57 -53 -161 44
18316: -57 -55 -257 30
18365: -64 -55 -257 31
18414: -71 -55 -257 32
18418: -71 -56 -303 11
18463: -78 -55 -257 33
18513: -85 -55 -258 41
18553: -92 -54 -207 28
19082: -169 -151 -169 4
19323: -204 -199 -130 23
19366: -211 -198 -82 31
19811: -274 -248 -135 12
19832: -274 -251 -282 12
19880: -281 -251 -281 6
20023: -302 -299 -242 23
20024: -302 -299 -243 30
20025: -302 -299 -244 37
20105: -316 -297 -142 11
20400: -16 -10 -101 66
20401: -16 -10 -102 73
20402: -16 -10 -103 80
20403: -16 -10 -104 87
20404: -16 -10 -105 94
20637: -51 -58 -58 57
20729: -65 -57 -10 66
20766: -65 -62 -257 80
20778: -72 -57 -10 67
20827: -79 -57 -10 68
20876: -86 -57 -10 69
20925: -93 -57 -10 70
20962: -93 -62 -257 84
21149: -121 -110 -213 67
21151: -121 -110 -215 81
21156: -121 -111 -262 67
21158: -121 -111 -264 81
21162: -121 -112 -310 60
21199: -128 -110 -214 75
21205: -128 -111 -262 68
21207: -128 -111 -264 82
21211: -128 -112 -310 61
21212: -128 -112 -311 68
21243: -135 -109 -167 90
21248: -135 -110 -214 76
21261: -135 -112 -311 69
21264: -135 -112 -314 90
21295: -142 -110 -212 63
21296: -142 -110 -213 70
21297: -142 -110 -214 77
21302: -142 -111 -261 63
21319: -149 -155 -26 78
21329: -149 -157 -120 50
21341: -149 -158 -174 85
21357: -149 -161 -316 50
21371: -156 -156 -71 51
21373: -156 -156 -73 65
21417: -163 -155 -26 80
21427: -163 -157 -120 52
21466: -170 -155 -26 81
21476: -170 -157 -120 53
21484: -170 -158 -170 60
21493: -170 -159 -221 74
21564: -184 -155 -26 83
21663: -198 -204 -34 85
21697: -198 -209 -278 78
21715: -205 -205 -79 58
21716: -205 -205 -80 65
21761: -212 -204 -34 87
21810: -219 -204 -34 88
21908: -233 -204 -34 90
21957: -240 -204 -34 91
21967: -240 -206 -128 63
22007: -247 -253 -42 92
22059: -254 -254 -87 65
22063: -254 -254 -91 93
22105: -261 -253 -42 94
22154: -268 -253 -42 95
22252: -282 -253 -42 97
22347: -296 -302 -46 71
22358: -296 -304 -141 50
22375: -296 -306 -242 71
22379: -296 -307 -288 50
22400: -303 -303 -92 51
22402: -303 -303 -94 65
22488: -310 -308 -341 80
22635: -331 -308 -341 83
22653: -338 -304 -142 63
22744: -10 -16 -51 107
22746: -10 -16 -53 121
22747: -10 -16 -54 128
22748: -10 -16 -55 135
22749: -10 -16 -56 142
23179: -73 -64 -10 116
23204: -73 -67 -161 144
23213: -73 -69 -254 109
23214: -73 -69 -255 116
23249: -80 -67 -157 117
23265: -80 -69 -257 131
23270: -80 -70 -304 117
23277: -87 -64 -10 118
23297: -87 -67 -156 111
23312: -87 -69 -255 118
23355: -94 -68 -207 126
23358: -94 -68 -210 147
23360: -94 -69 -254 112
23365: -94 -69 -259 147
23423: -108 -113 -16 107
23720: -150 -162 -26 127
23758: -150 -168 -316 99
23769: -157 -162 -26 128
23807: -157 -168 -316 100
23828: -164 -164 -120 101
23829: -164 -164 -121 108
23905: -171 -168 -316 102
23916: -178 -162 -26 131
23965: -185 -162 -26 132
24014: -192 -162 -26 133
24064: -199 -211 -34 134
24067: -199 -212 -79 106
24113: -206 -211 -34 135
24171: -213 -213 -127 101
24172: -213 -213 -128 108
24174: -213 -213 -130 122
24177: -213 -213 -133 143
24211: -220 -211 -34 137
24241: -220 -216 -274 102
24260: -227 -211 -34 138
24362: -241 -212 -80 119
24408: -248 -260 -42 141
24410: -248 -261 -86 106
24457: -255 -260 -42 142
24515: -262 -262 -135 108
24517: -262 -262 -137 122
24555: -269 -260 -42 144
24604: -276 -260 -42 145
24653: -283 -260 -42 146
24702: -290 -260 -42 147
24748: -297 -309 -46 120
24780: -297 -314 -288 99
24781: -297 -314 -289 106
24783: -297 -314 -291 120
24785: -297 -314 -293 134
24786: -297 -314 -294 141
24858: -311 -311 -142 108
24860: -311 -311 -144 122
24895: -318 -309 -46 123
25042: -339 -309 -46 126
25411: -46 -26 -198 161
25412: -46 -26 -199 168
25414: -46 -26 -201 182
25415: -46 -26 -202 189
25416: -46 -26 -203 196
25433: -53 -71 -10 162
25445: -53 -73 -106 148
25447: -53 -73 -108 162
25449: -53 -73 -110 176
25450: -53 -73 -111 183
25451: -53 -73 -112 190
25466: -53 -76 -253 148
25473: -53 -77 -302 148
25478: -53 -77 -307 183
25531: -67 -71 -10 164
25546: -67 -73 -109 171
25547: -67 -73 -110 178
25548: -67 -73 -111 185
25549: -67 -73 -112 192
25602: -74 -74 -158 172
25743: -95 -73 -110 182
25775: -102 -120 -16 155
25781: -102 -121 -64 148
25782: -102 -121 -65 155
25785: -102 -121 -68 176
25786: -102 -121 -69 183
25804: -102 -124 -213 162
25811: -102 -125 -262 162
25816: -102 -126 -309 148
25824: -109 -120 -16 156
25830: -109 -121 -64 149
25834: -109 -121 -68 177
25835: -109 -121 -69 184
25836: -109 -121 -70 191
25885: -116 -121 -70 192
25889: -116 -122 -116 171
25971: -130 -120 -16 159
26000: -130 -124 -213 166
26069: -144 -120 -16 161
26080: -144 -121 -69 189
26141: -151 -172 -172 169
26181: -158 -171 -121 156
26219: -165 -169 -26 178
26226: -165 -170 -75 178
26514: -207 -218 -34 184
26563: -214 -218 -34 185
26629: -221 -221 -177 158
26630: -221 -221 -178 165
26633: -221 -221 -181 186
26634: -221 -221 -182 193
26710: -235 -218 -34 188
26740: -235 -223 -274 153
26809: -249 -267 -42 190
26810: -249 -268 -85 148
26818: -249 -269 -135 155
27198: -305 -316 -46 170
27247: -312 -316 -46 171
27345: -326 -316 -46 173
27443: -340 -316 -46 175
27455: -340 -318 -142 161
27672: -26 -34 -247 207
27673: -26 -34 -248 214
27674: -26 -34 -249 221
27676: -26 -34 -251 235
27677: -26 -34 -252 242
27834: -54 -78 -10 211
27849: -54 -80 -109 218
27851: -54 -80 -111 232
27852: -54 -80 -112 239
27859: -54 -81 -161 239
27867: -54 -83 -253 197
27932: -68 -78 -10 213
27949: -68 -80 -111 234
27950: -68 -80 -112 241
27981: -75 -78 -10 214
28018: -75 -83 -257 228
28128: -96 -78 -10 217
28176: -103 -127 -16 204
28187: -103 -128 -69 232
28188: -103 -128 -70 239
28212: -103 -132 -262 211
28215: -103 -132 -265 232
28217: -103 -133 -309 197
28219: -103 -133 -311 211
28225: -110 -127 -16 205
28234: -110 -128 -67 219
28236: -110 -128 -69 233
28237: -110 -128 -70 240
28283: -117 -128 -67 220
28332: -124 -128 -67 221
28334: -124 -128 -69 235
28347: -124 -130 -166 228
28470: -145 -127 -16 210
28479: -145 -128 -67 224
28480: -145 -128 -68 231
28482: -145 -128 -70 245
28532: -152 -178 -120 197
28581: -159 -178 -120 198
28669: -173 -176 -26 228
28690: -173 -179 -173 228
28777: -187 -178 -120 202
28925: -208 -227 -128 205
29013: -222 -225 -34 235
29259: -257 -274 -42 240
29260: -257 -275 -85 198
29262: -257 -275 -87 212
29291: -257 -279 -284 219
29428: -278 -278 -232 201
29430: -278 -278 -234 215
29434: -278 -278 -238 243
29556: -299 -324 -94 211
29611: -306 -325 -142 205
29654: -313 -324 -94 213
29668: -313 -326 -192 213
30129: -34 -42 -296 257
30130: -34 -42 -297 264
30132: -34 -42 -299 278
30134: -34 -42 -301 292
30235: -55 -85 -10 260
30250: -55 -87 -109 267
30251: -55 -87 -110 274
30253: -55 -87 -112 288
30255: -55 -88 -156 253
30333: -69 -85 -10 262
30348: -69 -87 -109 269
30349: -69 -87 -110 276
30351: -69 -87 -112 290
30431: -83 -85 -10 264
30449: -83 -87 -112 292
30513: -90 -90 -253 251
30517: -90 -90 -257 279
30577: -104 -134 -16 253
30587: -104 -135 -68 274
30597: -104 -137 -162 246
30606: -104 -138 -213 260
30607: -104 -138 -214 267
30626: -111 -134 -16 254
30635: -111 -135 -67 268
30636: -111 -135 -68 275
30638: -111 -135 -70 289
30668: -111 -140 -310 254
30765: -125 -140 -309 249
30773: -132 -134 -16 257
30857: -139 -139 -261 258
30859: -139 -139 -263 272
30862: -139 -139 -266 293
30926: -153 -184 -71 246
30950: -153 -187 -221 267
30961: -153 -189 -316 246
30983: -160 -185 -121 254
31200: -188 -188 -268 258
31205: -188 -188 -273 293
31276: -202 -234 -127 246
31626: -251 -284 -183 246
31645: -251 -286 -286 281
31730: -265 -284 -189 290
31743: -265 -286 -286 283
32012: -307 -332 -142 254
32055: -314 -331 -94 262
32166: -328 -333 -191 257
32558: -42 -46 -149 307
32559: -42 -46 -150 314
32561: -42 -46 -152 328
32562: -42 -46 -153 335
32636: -56 -92 -10 309
32651: -56 -94 -109 316
32653: -56 -94 -111 330
32654: -56 -94 -112 337
32655: -56 -95 -155 295
32661: -56 -95 -161 337
32663: -56 -96 -205 302
32665: -56 -96 -207 316
32669: -56 -97 -253 295
32734: -70 -92 -10 311
32749: -70 -94 -109 318
32750: -70 -94 -110 325
32783: -77 -92 -10 312
32881: -91 -92 -10 314
32896: -91 -94 -109 321
32970: -98 -98 -302 301
32978: -105 -141 -16 302
32987: -105 -142 -67 316
32989: -105 -142 -69 330
32998: -105 -144 -162 295
33005: -105 -145 -211 295
33007: -105 -145 -213 309
33008: -105 -145 -214 316
33036: -112 -142 -67 317
33037: -112 -142 -68 324
33038: -112 -142 -69 331
33063: -112 -146 -262 310
33087: -119 -142 -69 332
33232: -140 -142 -67 321
33316: -147 -147 -312 322
33373: -161 -190 -26 324
33376: -161 -191 -71 296
33422: -168 -190 -26 325
33433: -168 -192 -121 304
33569: -189 -190 -26 328
33580: -189 -192 -121 307
33590: -189 -193 -173 328
33656: -196 -196 -316 301
34002: -245 -245 -326 322
34005: -245 -245 -329 343
34012: -252 -288 -42 337
34033: -252 -291 -189 337
34257: -287 -288 -42 342
34397: -301 -343 -343 337
34413: -308 -339 -142 303
34446: -308 -343 -343 338
34456: -315 -338 -94 311
34495: -315 -343 -343 339
34597: -336 -337 -46 321
34699: -1 -8 -1 2
34706: -1 -15 -1 3
34713: -1 -22 -1 4
34720: -1 -29 -1 5
34727: -1 -36 -1 6
34734: -1 -43 -1 7
35035: -50 -1 -50 8
35101: -57 -16 -53 157
35102: -57 -16 -54 206
35103: -57 -16 -55 255
35104: -57 -16 -56 304
35141: -64 -10 -51 58
35146: -64 -10 -56 303
35227: -71 -46 -53 161
35228: -71 -46 -54 210
35230: -71 -46 -56 308
35255: -78 -26 -53 158
35256: -78 -26 -54 207
35257: -78 -26 -55 256
35311: -85 -34 -53 159
35313: -85 -34 -55 257
35314: -85 -34 -56 306
35367: -92 -42 -53 160
35368: -92 -42 -54 209
35369: -92 -42 -55 258
35370: -92 -42 -56 307
35378: -99 -1 -99 15
35444: -106 -16 -102 164
35486: -113 -10 -102 163
35487: -113 -10 -103 212
35488: -113 -10 -104 261
35570: -120 -46 -102 168
35572: -120 -46 -104 266
35573: -120 -46 -105 315
35598: -127 -26 -102 165
35599: -127 -26 -103 214
35600: -127 -26 -104 263
35654: -134 -34 -102 166
35655: -134 -34 -103 215
35656: -134 -34 -104 264
35657: -134 -34 -105 313
35710: -141 -42 -102 167
35711: -141 -42 -103 216
35713: -141 -42 -105 314
35721: -148 -1 -148 22
35785: -155 -16 -149 73
35787: -155 -16 -151 171
35788: -155 -16 -152 220
35789: -155 -16 -153 269
35827: -162 -10 -149 72
35828: -162 -10 -150 121
35829: -162 -10 -151 170
35830: -162 -10 -152 219
35831: -162 -10 -153 268
35939: -176 -26 -149 74
35941: -176 -26 -151 172
35995: -183 -34 -149 75
35997: -183 -34 -151 173
35999: -183 -34 -153 271
36051: -190 -42 -149 76
36052: -190 -42 -150 125
36053: -190 -42 -151 174
36054: -190 -42 -152 223
36064: -197 -1 -197 29
36128: -204 -16 -198 80
36131: -204 -16 -201 227
36132: -204 -16 -202 276
36133: -204 -16 -203 325
36170: -211 -10 -198 79
36171: -211 -10 -199 128
36173: -211 -10 -201 226
36174: -211 -10 -202 275
36175: -211 -10 -203 324
36255: -218 -46 -199 133
36341: -232 -34 -201 229
36394: -239 -42 -198 83
36407: -246 -1 -246 36
36471: -253 -16 -247 87
36472: -253 -16 -248 136
36473: -253 -16 -249 185
36475: -253 -16 -251 283
36476: -253 -16 -252 332
36513: -260 -10 -247 86
36514: -260 -10 -248 135
36515: -260 -10 -249 184
36517: -260 -10 -251 282
36518: -260 -10 -252 331
36626: -274 -26 -248 137
36627: -274 -26 -249 186
36629: -274 -26 -251 284
36682: -281 -34 -248 138
36737: -288 -42 -247 90
36738: -288 -42 -248 139
36739: -288 -42 -249 188
36741: -288 -42 -251 286
36750: -295 -1 -295 43
36814: -302 -16 -296 94
36815: -302 -16 -297 143
36816: -302 -16 -298 192
36817: -302 -16 -299 241
36819: -302 -16 -301 339
36857: -309 -10 -297 142
36858: -309 -10 -298 191
36859: -309 -10 -299 240
36861: -309 -10 -301 338
36940: -316 -46 -296 98
36941: -316 -46 -297 147
36942: -316 -46 -298 196
36943: -316 -46 -299 245
36945: -316 -46 -301 343
36968: -323 -26 -296 95
37024: -330 -34 -296 96
37080: -337 -42 -296 97
37193: -16 -52 -10 99
37200: -16 -59 -10 100
37207: -16 -66 -10 101
37214: -16 -73 -10 102
37221: -16 -80 -10 103
37228: -16 -87 -10 104
37235: -16 -94 -10 105
37632: -79 -54 -57 8
37643: -79 -61 -61 205
37829: -107 -51 -107 64
37926: -121 -53 -106 15
37928: -121 -53 -108 113
37929: -121 -53 -109 162
37930: -121 -53 -110 211
37931: -121 -53 -111 260
37932: -121 -53 -112 309
37975: -128 -54 -106 15
37977: -128 -54 -108 113
37978: -128 -54 -109 162
37979: -128 -54 -110 211
37980: -128 -54 -111 260
37981: -128 -54 -112 309
38024: -135 -55 -106 15
38026: -135 -55 -108 113
38027: -135 -55 -109 162
38028: -135 -55 -110 211
38029: -135 -55 -111 260
38030: -135 -55 -112 309
38043: -135 -69 -111 262
38073: -142 -56 -106 15
38075: -142 -56 -108 113
38076: -142 -56 -109 162
38077: -142 -56 -110 211
38078: -142 -56 -111 260
38079: -142 -56 -112 309
38113: -142 -91 -111 265
38153: -149 -78 -158 173
38161: -149 -85 -159 223
38164: -149 -92 -155 28
38241: -163 -73 -155 25
38265: -163 -94 -158 175
38270: -170 -53 -156 71
38275: -170 -53 -161 316
38283: -170 -67 -155 24
38318: -177 -54 -155 22
38337: -177 -68 -160 269
38360: -177 -96 -155 28
38370: -184 -55 -158 169
38384: -184 -69 -158 171
38387: -184 -69 -161 318
38416: -191 -56 -155 22
38419: -191 -56 -158 169
38433: -191 -70 -158 171
38434: -191 -70 -159 220
38435: -191 -70 -160 269
38486: -198 -71 -204 32
38507: -198 -92 -204 35
38557: -205 -93 -205 84
38588: -212 -73 -208 228
38591: -212 -80 -204 33
38612: -219 -53 -204 29
38630: -219 -67 -208 227
38631: -219 -67 -209 276
38664: -226 -54 -207 176
38675: -226 -68 -204 31
38728: -233 -69 -208 227
38759: -240 -56 -204 29
38776: -240 -70 -207 178
38777: -240 -70 -208 227
38778: -240 -70 -209 276
38802: -240 -98 -205 84
38805: -240 -98 -208 231
38807: -240 -98 -210 329
38819: -247 -57 -257 233
38829: -247 -71 -253 39
38836: -247 -78 -253 40
38941: -261 -87 -253 41
38955: -268 -53 -253 36
38959: -268 -53 -257 232
38974: -268 -67 -258 283
38975: -268 -67 -259 332
39004: -275 -54 -253 36
39008: -275 -54 -257 232
39021: -275 -68 -256 185
39023: -275 -68 -258 283
39067: -282 -69 -253 38
39102: -289 -56 -253 36
39104: -289 -56 -255 134
39119: -289 -70 -256 185
39121: -289 -70 -258 283
39178: -296 -71 -308 340
39184: -296 -78 -307 292
39186: -296 -85 -302 48
39189: -296 -85 -305 195
39190: -296 -85 -306 244
39192: -296 -85 -308 342
39291: -310 -94 -302 49
39297: -310 -94 -308 343
39316: -317 -67 -306 241
39317: -317 -67 -307 290
39347: -324 -54 -302 43
39353: -324 -54 -308 337
39367: -324 -68 -308 339
39396: -331 -55 -302 43
39459: -338 -70 -302 45
39544: -10 -100 -16 50
39551: -10 -107 -16 51
39558: -10 -114 -16 52
39565: -10 -121 -16 53
39572: -10 -128 -16 54
39579: -10 -135 -16 55
39586: -10 -142 -16 56
39937: -66 -101 -66 106
39984: -73 -102 -64 8
39985: -73 -102 -65 57
39987: -73 -102 -67 155
39988: -73 -102 -68 204
39989: -73 -102 -69 253
39990: -73 -102 -70 302
40033: -80 -103 -64 8
40034: -80 -103 -65 57
40036: -80 -103 -67 155
40037: -80 -103 -68 204
40038: -80 -103 -69 253
40039: -80 -103 -70 302
40082: -87 -104 -64 8
40083: -87 -104 -65 57
40085: -87 -104 -67 155
40086: -87 -104 -68 204
40087: -87 -104 -69 253
40088: -87 -104 -70 302
40131: -94 -105 -64 8
40132: -94 -105 -65 57
40134: -94 -105 -67 155
40135: -94 -105 -68 204
40136: -94 -105 -69 253
40137: -94 -105 -70 302
40143: -94 -112 -69 254
40178: -94 -147 -69 259
40435: -136 -111 -116 163
40477: -143 -105 -116 162
40558: -150 -134 -162 27
40565: -150 -141 -162 28
40594: -157 -121 -163 74
40601: -157 -128 -163 75
40604: -157 -128 -166 222
40605: -157 -128 -167 271
40637: -164 -115 -164 122
40665: -164 -143 -164 126
40671: -171 -102 -163 71
40675: -171 -102 -167 267
40676: -171 -102 -168 316
40677: -171 -109 -162 23
40731: -178 -110 -167 268
40736: -178 -117 -165 171
40743: -178 -124 -165 172
40750: -178 -131 -165 173
40757: -178 -138 -165 174
40764: -178 -145 -165 175
40768: -185 -104 -162 22
40778: -185 -111 -165 170
40779: -185 -111 -166 219
40781: -185 -111 -168 317
40817: -192 -105 -162 22
40828: -192 -112 -166 219
40887: -199 -120 -211 32
40936: -206 -121 -211 32
40943: -206 -128 -211 33
40980: -213 -115 -213 129
40994: -213 -129 -213 131
41024: -220 -109 -215 226
41025: -220 -109 -216 275
41055: -220 -144 -211 35
41069: -227 -110 -211 30
41122: -234 -111 -215 226
41153: -234 -146 -211 35
41160: -241 -105 -211 29
41170: -241 -112 -214 177
41171: -241 -112 -215 226
41204: -241 -147 -213 133
41206: -241 -147 -215 231
41208: -241 -147 -217 329
41223: -248 -113 -260 38
41230: -248 -120 -260 39
41237: -248 -127 -260 40
41286: -255 -128 -260 40
41291: -255 -128 -265 285
41316: -262 -108 -262 135
41323: -262 -115 -262 136
41337: -262 -129 -262 138
41344: -262 -136 -262 139
41361: -269 -102 -265 281
41396: -269 -137 -265 286
41405: -276 -103 -260 36
41409: -276 -103 -264 232
41415: -276 -110 -263 184
41417: -276 -110 -265 282
41418: -276 -110 -266 331
41513: -290 -112 -263 184
41514: -290 -112 -264 233
41515: -290 -112 -265 282
41623: -304 -121 -310 95
41628: -304 -121 -315 340
41666: -311 -115 -311 143
41694: -311 -143 -311 147
41710: -318 -109 -313 240
41712: -318 -109 -315 338
41748: -325 -103 -309 43
41755: -325 -110 -309 44
41761: -325 -110 -315 338
41797: -332 -104 -309 43
41809: -332 -111 -314 289
41851: -339 -105 -314 288
42193: -46 -154 -26 197
42200: -46 -161 -26 198
42207: -46 -168 -26 199
42214: -46 -175 -26 200
42221: -46 -182 -26 201
42228: -46 -189 -26 202
42235: -46 -196 -26 203
42253: -53 -162 -72 59
42254: -53 -162 -73 108
42257: -53 -162 -76 255
42268: -53 -176 -73 110
42275: -53 -183 -73 111
42338: -67 -150 -73 106
42357: -67 -171 -71 11
42359: -67 -171 -73 109
42366: -67 -178 -73 110
42380: -67 -192 -73 112
42384: -67 -192 -77 308
42409: -74 -172 -74 158
42541: -95 -161 -73 107
42590: -102 -155 -122 114
42603: -102 -169 -121 67
42610: -102 -176 -121 68
42617: -102 -183 -121 69
42624: -102 -190 -121 70
42631: -109 -149 -121 64
42645: -109 -163 -121 66
42651: -109 -170 -120 18
42652: -109 -170 -121 67
42687: -116 -157 -121 65
42701: -116 -171 -121 67
42773: -123 -193 -123 168
42778: -130 -152 -121 64
42785: -130 -159 -121 65
42786: -130 -159 -122 114
42799: -130 -173 -121 67
42890: -144 -168 -121 66
42904: -144 -182 -121 68
42933: -151 -155 -171 121
42939: -151 -162 -170 73
42977: -158 -149 -173 218
43005: -158 -177 -173 222
43015: -158 -191 -169 28
43017: -158 -191 -171 126
43023: -165 -150 -170 71
43058: -165 -185 -170 76
43109: -172 -186 -172 174
43116: -172 -193 -172 175
43156: -179 -187 -170 76
43167: -179 -194 -174 273
43233: -193 -168 -170 73
43236: -193 -168 -173 220
43247: -193 -182 -170 75
43322: -207 -149 -224 323
43365: -214 -150 -218 29
43366: -214 -150 -219 78
43367: -214 -150 -220 127
43369: -214 -150 -222 225
43370: -214 -150 -223 274
43371: -214 -150 -224 323
43393: -214 -178 -218 33
43417: -221 -151 -221 176
43424: -221 -158 -221 177
43431: -221 -165 -221 178
43445: -221 -179 -221 180
43452: -221 -186 -221 181
43459: -221 -193 -221 182
43576: -242 -168 -219 80
43603: -242 -196 -218 35
43619: -249 -155 -269 135
43623: -249 -155 -273 331
43626: -249 -162 -269 136
43660: -256 -149 -268 85
43710: -263 -150 -269 134
43712: -263 -150 -271 232
44058: -312 -157 -316 44
44117: -319 -165 -319 192
44124: -319 -172 -319 193
44191: -326 -194 -316 49
44286: -340 -189 -320 244
44448: -26 -200 -34 246
44455: -26 -207 -34 247
44462: -26 -214 -34 248
44469: -26 -221 -34 249
44476: -26 -228 -34 250
44483: -26 -235 -34 251
44490: -26 -242 -34 252
44654: -54 -211 -79 59
44656: -54 -211 -81 157
44659: -54 -211 -84 304
44676: -54 -232 -80 111
44683: -54 -239 -80 112
44739: -68 -199 -80 106
44743: -68 -199 -84 302
44746: -68 -206 -80 107
44767: -68 -227 -80 110
44774: -68 -234 -80 111
44781: -68 -241 -80 112
44802: -75 -214 -80 108
44810: -75 -221 -81 158
45004: -103 -218 -128 67
45018: -103 -232 -128 69
45024: -103 -239 -127 21
45025: -103 -239 -128 70
45032: -110 -198 -128 64
45046: -110 -212 -128 66
45060: -110 -226 -128 68
45067: -110 -233 -128 69
45074: -110 -240 -128 70
45235: -138 -209 -128 65
45284: -145 -210 -128 65
45305: -145 -231 -128 68
45324: -145 -245 -133 315
45532: -180 -208 -180 219
45579: -187 -209 -178 121
45744: -208 -219 -231 326
45746: -208 -226 -226 82
46060: -257 -198 -274 36
46065: -257 -198 -279 281
46081: -257 -219 -274 39
46095: -257 -233 -274 41
46103: -257 -240 -275 91
46153: -264 -241 -276 140
46167: -271 -207 -276 135
46211: -278 -201 -278 232
46239: -278 -229 -278 236
46246: -278 -236 -278 237
46363: -299 -204 -325 142
46404: -306 -198 -324 92
46406: -306 -198 -326 190
46454: -313 -199 -325 141
46455: -313 -199 -326 190
46899: -34 -250 -42 295
46906: -34 -257 -42 296
46913: -34 -264 -42 297
46920: -34 -271 -42 298
46927: -34 -278 -42 299
46934: -34 -285 -42 300
46941: -34 -292 -42 301
47055: -55 -260 -86 59
47061: -55 -267 -85 11
47068: -55 -274 -85 12
47138: -69 -248 -85 8
47140: -69 -248 -87 106
47168: -69 -276 -87 110
47173: -69 -283 -85 13
47175: -69 -283 -87 111
47180: -69 -290 -85 14
47182: -69 -290 -87 112
47224: -76 -284 -87 111
47325: -90 -286 -90 258
47336: -97 -252 -87 106
47391: -104 -253 -135 65
47392: -104 -253 -136 114
47393: -104 -253 -137 163
47405: -104 -267 -135 67
47412: -104 -274 -135 68
47426: -104 -288 -135 70
47432: -111 -247 -134 15
47433: -111 -247 -135 64
47440: -111 -254 -135 65
47475: -111 -289 -135 70
47538: -125 -256 -135 65
47633: -139 -251 -139 260
47647: -139 -265 -139 262
47661: -139 -279 -139 264
47668: -139 -286 -139 265
47742: -153 -260 -185 122
47757: -153 -274 -186 173
47775: -160 -247 -183 22
47776: -160 -247 -184 71
47779: -160 -247 -187 218
47781: -160 -247 -189 316
47824: -167 -248 -183 22
47825: -167 -248 -184 71
47826: -167 -248 -185 120
47827: -167 -248 -186 169
47828: -167 -248 -187 218
47829: -167 -248 -188 267
47830: -167 -248 -189 316
47932: -181 -257 -186 170
47976: -188 -251 -188 267
47997: -188 -272 -188 270
48004: -188 -279 -188 271
48011: -188 -286 -188 272
48275: -230 -257 -235 177
48421: -251 -253 -283 135
48427: -251 -260 -282 87
48443: -251 -274 -284 187
48704: -286 -293 -286 287
48804: -307 -247 -330 43
48805: -307 -247 -331 92
48806: -307 -247 -332 141
48807: -307 -247 -333 190
48808: -307 -247 -334 239
48810: -307 -247 -336 337
48828: -307 -268 -333 193
48853: -314 -248 -330 43
48854: -314 -248 -331 92
48855: -314 -248 -332 141
48856: -314 -248 -333 190
48857: -314 -248 -334 239
48859: -314 -248 -336 337
48904: -321 -249 -332 141
48982: -328 -278 -333 194
48996: -328 -292 -333 196
49005: -335 -251 -335 288
49040: -335 -286 -335 293
49047: -335 -293 -335 294
49346: -42 -300 -46 148
49353: -42 -307 -46 149
49360: -42 -314 -46 150
49367: -42 -321 -46 151
49374: -42 -328 -46 152
49381: -42 -335 -46 153
49388: -42 -342 -46 154
49456: -56 -309 -93 59
49459: -56 -309 -96 206
49460: -56 -309 -97 255
49462: -56 -316 -92 11
49472: -56 -323 -95 159
49478: -56 -330 -94 111
49488: -56 -337 -97 259
49541: -70 -297 -94 106
49581: -70 -339 -92 14
49583: -70 -339 -94 112
49653: -84 -313 -94 108
49695: -91 -307 -94 107
49748: -98 -308 -98 303
49783: -98 -343 -98 308
49793: -105 -302 -143 114
49812: -105 -323 -141 19
49815: -105 -323 -144 166
49820: -105 -330 -142 69
49829: -105 -337 -144 168
49833: -112 -296 -141 15
49834: -112 -296 -142 64
49848: -112 -310 -142 66
49876: -112 -338 -142 70
49904: -119 -318 -142 67
49932: -126 -298 -142 64
49988: -133 -306 -142 65
50023: -133 -341 -142 70
50037: -140 -307 -142 65
50044: -140 -314 -142 66
50047: -140 -314 -145 213
50098: -147 -315 -147 311
50126: -147 -343 -147 315
50176: -161 -296 -190 22
50178: -161 -296 -192 120
50180: -161 -296 -194 218
50181: -161 -296 -195 267
50227: -168 -297 -192 120
50229: -168 -297 -194 218
50230: -168 -297 -195 267
50241: -168 -311 -192 122
50387: -189 -314 -191 73
50389: -189 -314 -193 171
50390: -189 -314 -194 220
50391: -189 -314 -195 269
50402: -189 -328 -192 124
50403: -189 -328 -193 173
50405: -189 -328 -195 271
50427: -196 -301 -196 316
50434: -196 -308 -196 317
50448: -196 -322 -196 319
50462: -196 -336 -196 321
50469: -196 -343 -196 322
50479: -203 -302 -241 128
50485: -203 -309 -240 80
50770: -245 -301 -245 323
50798: -245 -329 -245 327
50829: -252 -309 -290 136
50913: -266 -297 -290 134
51165: -301 -302 -339 142
51208: -308 -296 -340 190
51237: -308 -324 -341 243
51248: -308 -338 -338 98
51265: -315 -304 -341 240
51298: -315 -339 -339 147
51532: -16 -23
51533: -16 -30
51534: -16 -37
51535: -16 -44
51549: -10 -17
51550: -10 -24
51551: -10 -31
51552: -10 -38
51553: -10 -45
51602: -26 -33
51603: -26 -40
51604: -26 -47
51627: -34 -41
51628: -34 -48
51651: -42 -49
51659: -57 -64
51660: -57 -71
51663: -57 -92
51664: -64 -71
51665: -64 -78
51667: -64 -92
51670: -71 -92
51672: -78 -92
51674: 50 57 64 71 78 85 92
51696: 51 58 65 72 79 86 93
51713: -73 -87
51714: -73 -94
51715: -80 -87
51716: -80 -94
51717: -87 -94
51718: 52 59 66 73 80 87 94
51719: -53 -60
51720: -53 -67
51721: -53 -74
51722: -53 -81
51723: -53 -88
51724: -53 -95
51725: -60 -67
51731: -67 -81
51733: -67 -95
51739: -88 -95
51740: 53 60 67 74 81 88 95
51741: -54 -61
51742: -54 -68
51743: -54 -75
51744: -54 -82
51746: -54 -96
51747: -61 -68
51752: -68 -75
51754: -68 -89
51757: -75 -89
51762: 54 61 68 75 82 89 96
51763: -55 -62
51764: -55 -69
51765: -55 -76
51766: -55 -83
51767: -55 -90
51768: -55 -97
51775: -69 -83
51777: -69 -97
51784: 55 62 69 76 83 90 97
51785: -56 -63
51786: -56 -70
51787: -56 -77
51788: -56 -84
51789: -56 -91
51790: -56 -98
51791: -63 -70
51795: -63 -98
51796: -70 -77
51798: -70 -91
51804: -84 -98
51805: -91 -98
51806: 56 63 70 77 84 91 98
51814: -106 -120
51818: -113 -120
51823: -120 -134
51826: -127 -141
51827: -134 -141
51828: 99 106 113 120 127 134 141
51844: -121 -128
51847: -128 -135
51848: -128 -142
51849: -135 -142
51850: 100 107 114 121 128 135 142
51872: 101 108 115 122 129 136 143
51873: -102 -109
51874: -102 -116
51875: -102 -123
51877: -102 -137
51878: -102 -144
51879: -109 -116
51880: -109 -123
51881: -109 -130
51882: -109 -137
51894: 102 109 116 123 130 137 144
51895: -103 -110
51896: -103 -117
51898: -103 -131
51899: -103 -138
51900: -103 -145
51901: -110 -117
51902: -110 -124
51903: -110 -131
51904: -110 -138
51905: -110 -145
51909: -117 -145
51916: 103 110 117 124 131 138 145
51917: -104 -111
51918: -104 -118
51919: -104 -125
51920: -104 -132
51921: -104 -139
51923: -111 -118
51924: -111 -125
51926: -111 -139
51927: -111 -146
51933: -125 -139
51938: 104 111 118 125 132 139 146
51939: -105 -112
51940: -105 -119
51941: -105 -126
51942: -105 -133
51943: -105 -140
51944: -105 -147
51945: -112 -119
51946: -112 -126
51947: -112 -133
51948: -112 -140
51953: -119 -147
51958: -133 -147
51959: -140 -147
51960: 105 112 119 126 133 140 147
51967: -155 -162
51969: -155 -176
51971: -155 -190
51975: -162 -190
51976: -169 -176
51982: 148 155 162 169 176 183 190
51983: -149 -156
51985: -149 -170
51986: -149 -177
51987: -149 -184
51988: -149 -191
51993: -156 -191
51994: -163 -170
51998: -170 -177
51999: -170 -184
52000: -170 -191
52001: -177 -184
52003: -184 -191
52004: 149 156 163 170 177 184 191
52005: -150 -157
52007: -150 -171
52008: -150 -178
52009: -150 -185
52010: -150 -192
52011: -157 -164
52012: -157 -171
52022: -171 -192
52024: -178 -192
52026: 150 157 164 171 178 185 192
52027: -151 -158
52028: -151 -165
52031: -151 -186
52033: -158 -165
52034: -158 -172
52036: -158 -186
52041: -165 -193
52048: 151 158 165 172 179 186 193
52049: -152 -159
52051: -152 -173
52053: -152 -187
52054: -152 -194
52055: -159 -166
52056: -159 -173
52059: -159 -194
52060: -166 -173
52065: -173 -187
52066: -173 -194
52070: 152 159 166 173 180 187 194
52071: -153 -160
52072: -153 -167
52073: -153 -174
52074: -153 -181
52075: -153 -188
52076: -153 -195
52079: -160 -181
52080: -160 -188
52081: -160 -195
52082: -167 -174
52085: -167 -195
52088: -174 -195
52092: 153 160 167 174 181 188 195
52102: -161 -189
52105: -168 -182
52106: -168 -189
52114: 154 161 168 175 182 189 196
52121: -204 -211
52124: -204 -232
52125: -204 -239
52128: -211 -232
52129: -211 -239
52136: 197 204 211 218 225 232 239
52137: -198 -205
52139: -198 -219
52141: -198 -233
52142: -198 -240
52157: -233 -240
52158: 198 205 212 219 226 233 240
52159: -199 -206
52160: -199 -213
52161: -199 -220
52163: -199 -234
52164: -199 -241
52176: -220 -241
52179: -234 -241
52180: 199 206 213 220 227 234 241
52188: -207 -221
52195: -214 -242
52202: 200 207 214 221 228 235 242
52203: -201 -208
52210: -208 -222
52211: -208 -229
52226: -202 -216
52227: -202 -223
52230: -202 -244
52242: -223 -244
52246: 202 209 216 223 230 237 244
52247: -203 -210
52249: -203 -224
52252: -203 -245
52261: -217 -245
52266: -231 -245
52275: -253 -260
52278: -253 -281
52279: -253 -288
52281: -260 -274
52282: -260 -281
52284: -267 -274
52290: 246 253 260 267 274 281 288
52291: -247 -254
52293: -247 -268
52294: -247 -275
52295: -247 -282
52306: -268 -275
52307: -268 -282
52312: 247 254 261 268 275 282 289
52313: -248 -255
52314: -248 -262
52315: -248 -269
52320: -255 -269
52323: -255 -290
52328: -269 -276
52329: -269 -283
52334: 248 255 262 269 276 283 290
52335: -249 -256
52336: -249 -263
52337: -249 -270
52339: -249 -284
52340: -249 -291
52344: -256 -284
52347: -263 -277
52365: -257 -278
52367: -257 -292
52374: -271 -292
52378: 250 257 264 271 278 285 292
52380: -251 -265
52385: -258 -265
52388: -258 -286
52392: -265 -286
52400: 251 258 265 272 279 286 293
52401: -252 -259
52402: -252 -266
52404: -252 -280
52406: -252 -294
52414: -266 -287
52415: -266 -294
52422: 252 259 266 273 280 287 294
52429: -302 -309
52431: -302 -323
52432: -302 -330
52434: -309 -316
52438: -316 -323
52439: -316 -330
52440: -316 -337
52444: 295 302 309 316 323 330 337
52445: -296 -303
52447: -296 -317
52449: -296 -331
52450: -296 -338
52463: -324 -331
52464: -324 -338
52467: -297 -304
52468: -297 -311
52470: -297 -325
52471: -297 -332
52472: -297 -339
52483: -318 -332
52488: 297 304 311 318 325 332 339
52490: -298 -312
52492: -298 -326
52510: 298 305 312 319 326 333 340
52511: -299 -306
52512: -299 -313
52514: -299 -327
52516: -299 -341
52519: -306 -327
52523: -313 -327
52525: -313 -341
52554: 300 307 314 321 328 335 342
52555: -301 -308
52561: -308 -315
52562: -308 -322
52565: -308 -343
52569: -315 -343
52576: 301 308 315 322 329 336 343
52650: -156 -60 158
52654: -205 -57 12
52655: -205 -58 61
52658: -205 -61 208
52661: -254 -57 13
52668: -303 -57 14
52706: -213 -116 166
52707: -213 -117 215
52710: -262 -113 20
52715: -262 -118 265
52717: -311 -113 21
52723: -311 -119 315
52753: -221 -170 75
52754: -221 -171 124
52755: -221 -172 173
52756: -221 -173 222
52757: -221 -174 271
52767: -319 -170 77
52813: -278 -230 279
52831: -90 -283 135
52832: -90 -284 184
52835: -90 -287 331
52866: -335 -283 140
52867: -335 -284 189
52870: -335 -287 336
52880: -98 -339 142
52882: -98 -341 240
52886: -147 -338 94
52889: -147 -341 241
52895: -196 -340 193
52896: -196 -341 242
52900: -245 -338 96
52901: -245 -339 145
52905: -245 -343 341
53280: -57 -10 -67 150
53281: -57 -10 -68 199
53282: -57 -10 -69 248
53283: -57 -10 -70 297
53416: -60 -155 -56 316
53542: -62 -257 -84 334
53616: -113 -16 -109 149
53617: -113 -16 -110 198
53618: -113 -16 -111 247
53619: -113 -16 -112 296
53759: -116 -162 -105 316
53912: -119 -310 -111 289
53982: -169 -26 -181 250
53983: -169 -26 -182 299
54002: -170 -71 -152 204
54003: -170 -71 -153 253
54033: -170 -76 -183 13
54039: -170 -76 -189 307
54330: -225 -34 -235 153
54358: -226 -80 -214 157
54400: -227 -128 -207 163
54603: -231 -325 -214 192
54679: -281 -42 -290 105
54680: -281 -42 -291 154
54687: -282 -85 -249 155
54800: -284 -185 -264 220
55057: -338 -96 -325 110
55060: -338 -96 -328 257
55088: -339 -142 -307 261
55105: -339 -145 -324 68
55106: -339 -145 -325 117
55109: -339 -145 -328 264
55186: -341 -240 -307 275
55189: -341 -241 -310 80
55193: -341 -241 -314 276
55681: -57 -10 -72 150
55682: -57 -10 -79 199
55684: -57 -10 -93 297
55938: -62 -257 -58 89
56017: -113 -16 -122 149
56018: -113 -16 -129 198
56379: -169 -26 -158 54
56384: -169 -26 -193 299
56408: -170 -72 -165 107
56418: -170 -73 -186 255
56436: -170 -76 -165 111
56518: -172 -172 -151 25
56729: -225 -34 -208 55
57080: -281 -42 -265 105
57185: -284 -183 -265 120
57192: -284 -184 -265 121
57213: -284 -187 -265 124
57225: -284 -189 -251 28
57401: -337 -46 -308 53
57402: -337 -46 -315 102
57461: -338 -96 -336 257
57510: -339 -145 -336 264
57584: -341 -240 -315 128
57587: -341 -240 -336 275
57590: -341 -241 -308 80
57822: -116 -115 -115
58431: -57 -53 -72
58434: -57 -54 -79
58806: -113 -105 -143
58995: -118 -265
59176: -170 -158
59177: -170 -60
59178: -170 -72
59179: -170 -156
59221: -170 -157 -165
59237: -171 -165
59293: -171 -167 -269
59300: -173 -222
59358: -174 -270
59359: -174 -186
59360: -174 -284
59361: -174 -272
59396: -174 -273 -333
59401: -174 -184 -158
59828: -231 -240 -208
59969: -283 -265
60029: -284 -188
60032: -284 -186
60273: -338 -98
60274: -338 -308
60277: -338 -303
60335: -339 -315
60361: -339 -145 -327
60456: -341 -245
60457: -341 -329
60458: -341 -231
60459: -341 -243
60578: 1
60579: 10
60580: 16
60581: 26
60582: 34
60583: 42