1 2 2 2
UNSAT
0: -1 -2
1: -1 -3
2: -1 -4
3: -1 -5
4: -1 -6
5: -1 -7
28: -9 -10
33: -10 -11
34: -10 -12
35: -10 -13
36: -10 -14
51: -16 -18
52: -16 -19
53: -16 -20
54: -16 -21
81: -25 -26
84: -26 -27
85: -26 -28
104: -32 -34
105: -32 -35
130: -41 -42
153: 43 44 45 46 47 48 49
169: -53 -54
170: -53 -55
171: -53 -56
172: -54 -55
173: -54 -56
175: 50 51 52 53 54 55 56
176: -57 -58
179: -57 -61
186: -58 -63
197: 57 58 59 60 61 62 63
201: -64 -68
202: -64 -69
207: -65 -69
216: -68 -69
218: -69 -70
219: 64 65 66 67 68 69 70
221: -71 -73
222: -71 -74
223: -71 -75
233: -73 -76
234: -73 -77
238: -75 -76
240: -76 -77
241: 71 72 73 74 75 76 77
246: -78 -83
251: -79 -83
252: -79 -84
255: -80 -83
256: -80 -84
257: -81 -82
262: -83 -84
263: 78 79 80 81 82 83 84
264: -85 -86
265: -85 -87
269: -85 -91
273: -86 -90
285: 85 86 87 88 89 90 91
307: 92 93 94 95 96 97 98
329: 99 100 101 102 103 104 105
333: -106 -110
351: 106 107 108 109 110 111 112
353: -113 -115
354: -113 -116
373: 113 114 115 116 117 118 119
384: -121 -126
389: -123 -124
393: -124 -126
395: 120 121 122 123 124 125 126
399: -127 -131
404: -128 -131
408: -129 -131
417: 127 128 129 130 131 132 133
418: -134 -135
419: -134 -136
420: -134 -137
425: -135 -137
437: -138 -140
438: -139 -140
439: 134 135 136 137 138 139 140
440: -141 -142
441: -141 -143
442: -141 -144
447: -142 -144
457: -144 -147
461: 141 142 143 144 145 146 147
468: -149 -150
469: -149 -151
471: -149 -153
472: -149 -154
475: -150 -153
476: -150 -154
482: -153 -154
483: 148 149 150 151 152 153 154
484: -155 -156
486: -155 -158
487: -155 -159
488: -155 -160
489: -155 -161
491: -156 -158
492: -156 -159
493: -156 -160
494: -156 -161
496: -157 -159
497: -157 -160
498: -157 -161
499: -158 -159
502: -159 -160
505: 155 156 157 158 159 160 161
506: -162 -163
507: -162 -164
508: -162 -165
509: -162 -166
510: -162 -167
511: -162 -168
512: -163 -164
513: -163 -165
514: -163 -166
517: -164 -165
518: -164 -166
521: -165 -166
527: 162 163 164 165 166 167 168
528: -169 -170
529: -169 -171
530: -169 -172
533: -169 -175
534: -170 -171
535: -170 -172
539: -171 -172
544: -172 -174
545: -172 -175
549: 169 170 171 172 173 174 175
553: -176 -180
556: -177 -178
557: -177 -179
559: -177 -181
560: -177 -182
561: -178 -179
563: -178 -181
564: -178 -182
571: 176 177 178 179 180 181 182
572: -183 -184
573: -183 -185
574: -183 -186
575: -183 -187
577: -183 -189
578: -184 -185
579: -184 -186
580: -184 -187
581: -184 -188
583: -185 -186
584: -185 -187
586: -185 -189
587: -186 -187
588: -186 -188
590: -187 -188
591: -187 -189
593: 183 184 185 186 187 188 189
594: -190 -191
595: -190 -192
596: -190 -193
597: -190 -194
598: -190 -195
599: -190 -196
600: -191 -192
601: -191 -193
602: -191 -194
604: -191 -196
605: -192 -193
606: -192 -194
608: -192 -196
609: -193 -194
611: -193 -196
612: -194 -195
613: -194 -196
615: 190 191 192 193 194 195 196
629: -199 -202
630: -199 -203
636: -202 -203
637: 197 198 199 200 201 202 203
646: -205 -208
648: -205 -210
654: -207 -209
659: 204 205 206 207 208 209 210
676: -214 -216
681: 211 212 213 214 215 216 217
682: -218 -219
683: -218 -220
690: -219 -222
691: -219 -223
692: -219 -224
694: -220 -222
695: -220 -223
696: -220 -224
703: 218 219 220 221 222 223 224
707: -225 -229
716: -227 -229
725: 225 226 227 228 229 230 231
727: -232 -234
729: -232 -236
731: -232 -238
735: -233 -237
747: 232 233 234 235 236 237 238
748: -239 -240
749: -239 -241
751: -239 -243
758: -240 -245
769: 239 240 241 242 243 244 245
777: -247 -249
781: -248 -249
782: -248 -250
791: 246 247 248 249 250 251 252
792: -253 -254
797: -253 -259
800: -254 -257
801: -254 -258
806: -255 -259
813: 253 254 255 256 257 258 259
819: -260 -266
835: 260 261 262 263 264 265 266
857: 267 268 269 270 271 272 273
862: -274 -279
863: -274 -280
868: -275 -280
879: 274 275 276 277 278 279 280
893: -283 -286
901: 281 282 283 284 285 286 287
910: -289 -292
914: -290 -292
920: -292 -293
923: 288 289 290 291 292 293 294
931: -296 -298
932: -296 -299
935: -297 -298
936: -297 -299
939: -298 -299
945: 295 296 297 298 299 300 301
948: -302 -305
950: -302 -307
953: -303 -305
955: -303 -307
956: -303 -308
959: -304 -307
961: -305 -306
962: -305 -307
964: -306 -307
966: -307 -308
967: 302 303 304 305 306 307 308
968: -309 -310
969: -309 -311
970: -309 -312
971: -309 -313
972: -309 -314
973: -309 -315
974: -310 -311
975: -310 -312
976: -310 -313
977: -310 -314
978: -310 -315
979: -311 -312
980: -311 -313
981: -311 -314
983: -312 -313
984: -312 -314
985: -312 -315
986: -313 -314
987: -313 -315
988: -314 -315
989: 309 310 311 312 313 314 315
990: -316 -317
991: -316 -318
992: -316 -319
993: -316 -320
994: -316 -321
995: -316 -322
997: -317 -319
999: -317 -321
1000: -317 -322
1001: -318 -319
1003: -318 -321
1005: -319 -320
1006: -319 -321
1007: -319 -322
1008: -320 -321
1009: -320 -322
1010: -321 -322
1011: 316 317 318 319 320 321 322
1012: -323 -324
1013: -323 -325
1014: -323 -326
1015: -323 -327
1016: -323 -328
1017: -323 -329
1019: -324 -326
1020: -324 -327
1021: -324 -328
1022: -324 -329
1023: -325 -326
1024: -325 -327
1027: -326 -327
1028: -326 -328
1029: -326 -329
1031: -327 -329
1033: 323 324 325 326 327 328 329
1034: -330 -331
1040: -331 -332
1041: -331 -333
1042: -331 -334
1043: -331 -335
1045: -332 -333
1046: -332 -334
1049: -333 -334
1055: 330 331 332 333 334 335 336
1059: -337 -341
1061: -337 -343
1064: -338 -341
1066: -338 -343
1068: -339 -341
1070: -339 -343
1073: -340 -343
1075: -341 -343
1077: 337 338 339 340 341 342 343
1568: -53 -155 -1 50
1577: -53 -156 -10 64
1583: -53 -157 -16 57
1593: -53 -158 -26 78
1599: -53 -159 -32 71
1609: -53 -160 -42 92
1615: -53 -161 -48 85
1617: -54 -204 -1 50
1642: -54 -207 -26 78
1648: -54 -208 -32 71
1681: -55 -255 -16 57
1691: -55 -256 -26 78
1713: -55 -259 -48 85
1715: -56 -302 -1 50
1740: -56 -305 -26 78
1746: -56 -306 -32 71
1756: -56 -307 -42 92
1762: -56 -308 -48 85
1911: -102 -162 -1 99
1920: -102 -163 -10 113
1942: -102 -166 -32 120
1985: -103 -214 -26 127
2034: -104 -263 -26 127
2058: -105 -309 -1 99
2083: -105 -312 -26 127
2156: -149 -71 -1 148
2165: -149 -72 -10 162
2171: -149 -73 -16 155
2181: -149 -74 -26 176
2187: -149 -75 -32 169
2197: -149 -76 -42 190
2203: -149 -77 -48 183
2205: -150 -120 -1 148
2214: -150 -121 -10 162
2220: -150 -122 -16 155
2230: -150 -123 -26 176
2246: -150 -125 -42 190
2252: -150 -126 -48 183
2352: -153 -267 -1 148
2361: -153 -268 -10 162
2367: -153 -269 -16 155
2377: -153 -270 -26 176
2383: -153 -271 -32 169
2393: -153 -272 -42 190
2399: -153 -273 -48 183
2401: -154 -316 -1 148
2410: -154 -317 -10 162
2416: -154 -318 -16 155
2426: -154 -319 -26 176
2432: -154 -320 -32 169
2442: -154 -321 -42 190
2448: -154 -322 -48 183
2499: -198 -78 -1 197
2508: -198 -79 -10 211
2514: -198 -80 -16 204
2524: -198 -81 -26 225
2530: -198 -82 -32 218
2540: -198 -83 -42 239
2546: -198 -84 -48 232
2548: -199 -127 -1 197
2563: -199 -129 -16 204
2573: -199 -130 -26 225
2579: -199 -131 -32 218
2589: -199 -132 -42 239
2595: -199 -133 -48 232
2695: -202 -274 -1 197
2704: -202 -275 -10 211
2710: -202 -276 -16 204
2720: -202 -277 -26 225
2726: -202 -278 -32 218
2736: -202 -279 -42 239
2742: -202 -280 -48 232
2744: -203 -323 -1 197
2753: -203 -324 -10 211
2759: -203 -325 -16 204
2769: -203 -326 -26 225
2775: -203 -327 -32 218
2785: -203 -328 -42 239
2791: -203 -329 -48 232
2842: -247 -85 -1 246
2851: -247 -86 -10 260
2857: -247 -87 -16 253
2867: -247 -88 -26 274
2883: -247 -90 -42 288
2916: -248 -137 -26 274
2940: -249 -183 -1 246
2949: -249 -184 -10 260
2955: -249 -185 -16 253
2965: -249 -186 -26 274
2971: -249 -187 -32 267
2981: -249 -188 -42 288
2987: -249 -189 -48 281
2989: -250 -232 -1 246
3014: -250 -235 -26 274
3030: -250 -237 -42 288
3185: -296 -92 -1 295
3194: -296 -93 -10 309
3200: -296 -94 -16 302
3210: -296 -95 -26 323
3216: -296 -96 -32 316
3226: -296 -97 -42 337
3232: -296 -98 -48 330
3234: -297 -141 -1 295
3243: -297 -142 -10 309
3249: -297 -143 -16 302
3259: -297 -144 -26 323
3265: -297 -145 -32 316
3275: -297 -146 -42 337
3281: -297 -147 -48 330
3283: -298 -190 -1 295
3332: -299 -239 -1 295
3363: -299 -243 -32 316
3379: -299 -245 -48 330
3598: -10 -102 -71 2
3599: -10 -102 -72 9
3602: -10 -102 -75 30
3603: -10 -102 -76 37
3605: -10 -103 -78 2
3610: -10 -103 -83 37
3611: -10 -103 -84 44
3612: -10 -104 -85 2
3613: -10 -104 -86 9
3618: -10 -104 -91 44
3619: -10 -105 -92 2
3620: -10 -105 -93 9
3836: -57 -10 -64 51
3837: -57 -10 -65 58
3841: -57 -10 -69 86
3842: -57 -10 -70 93
3998: -60 -159 -79 58
4040: -61 -207 -72 58
4110: -62 -259 -93 58
4144: -63 -306 -78 51
4172: -106 -16 -57 100
4382: -110 -214 -71 100
4386: -110 -214 -75 128
4443: -111 -264 -83 135
4481: -112 -312 -72 107
4493: -112 -313 -84 142
4494: -112 -314 -85 100
4536: -155 -26 -78 149
4538: -155 -26 -80 163
4539: -155 -26 -81 170
4540: -155 -26 -82 177
4541: -155 -26 -83 184
4581: -156 -74 -74 170
4585: -156 -75 -78 149
4613: -157 -121 -57 149
4723: -159 -220 -69 184
4742: -159 -223 -88 170
4748: -159 -224 -94 163
4749: -159 -224 -95 170
4795: -160 -273 -92 149
4837: -161 -321 -85 149
4838: -161 -321 -86 156
4872: -204 -32 -71 198
4873: -204 -32 -72 205
4874: -204 -32 -73 212
4876: -204 -32 -75 226
4921: -205 -81 -71 198
5012: -207 -178 -64 198
5013: -207 -178 -65 205
5015: -207 -178 -67 219
5020: -207 -179 -72 205
5033: -207 -181 -85 198
5037: -207 -181 -89 226
5038: -207 -181 -90 233
5040: -207 -182 -92 198
5043: -207 -182 -95 219
5046: -207 -182 -98 240
5236: -253 -42 -92 247
5238: -253 -42 -94 261
5299: -255 -135 -57 247
5344: -256 -183 -53 268
5369: -256 -187 -78 247
5370: -256 -187 -79 254
5411: -257 -235 -71 247
5511: -259 -333 -73 261
5572: -302 -48 -85 296
5573: -302 -48 -86 303
5574: -302 -48 -87 310
5578: -302 -48 -91 338
5621: -303 -97 -85 296
5687: -305 -190 -53 317
5688: -305 -190 -54 324
5689: -305 -190 -55 331
5690: -305 -190 -56 338
5713: -305 -194 -79 303
5796: -307 -290 -64 296
5797: -307 -290 -65 303
5799: -307 -290 -67 317
5800: -307 -290 -68 324
5801: -307 -290 -69 331
5808: -307 -291 -76 331
5950: -16 -53 -120 3
5952: -16 -53 -122 17
5953: -16 -53 -123 24
5954: -16 -53 -124 31
5956: -16 -53 -126 45
5957: -16 -54 -127 3
5960: -16 -54 -130 24
5964: -16 -55 -134 3
5966: -16 -55 -136 17
5967: -16 -55 -137 24
5968: -16 -55 -138 31
5970: -16 -55 -140 45
5971: -16 -56 -141 3
5973: -16 -56 -143 17
5975: -16 -56 -145 31
5976: -16 -56 -146 38
6240: -64 -10 -116 73
6398: -67 -159 -127 52
6400: -67 -159 -129 66
6404: -67 -159 -133 94
6415: -67 -161 -144 73
6440: -68 -207 -120 52
6441: -68 -207 -121 59
6552: -70 -307 -134 52
6553: -70 -307 -135 59
6575: -113 -16 -108 115
6724: -116 -163 -110 129
6748: -116 -167 -134 101
6769: -117 -212 -106 101
6774: -117 -212 -111 136
6785: -117 -214 -122 115
6817: -118 -260 -105 143
6937: -162 -26 -127 150
6938: -162 -26 -128 157
6939: -162 -26 -129 164
6940: -162 -26 -130 171
6941: -162 -26 -131 178
6942: -162 -26 -132 185
6943: -162 -26 -133 192
6962: -163 -71 -103 178
6993: -163 -76 -134 150
6995: -163 -76 -136 164
6997: -163 -76 -138 178
6998: -163 -76 -139 185
6999: -163 -76 -140 192
7000: -163 -77 -141 150
7002: -163 -77 -143 164
7004: -163 -77 -145 178
7005: -163 -77 -146 185
7006: -163 -77 -147 192
7116: -166 -219 -110 178
7147: -166 -224 -141 150
7148: -166 -224 -142 157
7273: -211 -32 -120 199
7274: -211 -32 -121 206
7277: -211 -32 -124 227
7371: -213 -130 -120 199
7412: -214 -177 -112 241
7421: -214 -179 -121 206
7422: -214 -179 -122 213
7434: -214 -181 -134 199
7444: -214 -182 -144 220
7637: -260 -42 -141 248
7642: -260 -42 -146 283
7747: -263 -183 -104 283
7764: -263 -186 -121 255
7778: -263 -188 -135 255
7913: -266 -333 -123 269
7916: -266 -333 -126 290
7973: -309 -48 -134 297
7974: -309 -48 -135 304
7975: -309 -48 -136 311
7976: -309 -48 -137 318
7977: -309 -48 -138 325
7978: -309 -48 -139 332
7979: -309 -48 -140 339
8091: -312 -190 -105 339
8126: -312 -195 -140 339
8485: -26 -198 -156 11
8491: -26 -199 -162 4
8492: -26 -199 -163 11
8494: -26 -199 -165 25
8496: -26 -199 -167 39
8497: -26 -199 -168 46
8505: -26 -201 -176 4
8510: -26 -201 -181 39
8512: -26 -202 -183 4
8514: -26 -202 -185 18
8515: -26 -202 -186 25
8517: -26 -202 -188 39
8519: -26 -203 -190 4
8520: -26 -203 -191 11
8521: -26 -203 -192 18
8522: -26 -203 -193 25
8525: -26 -203 -196 46
8638: -71 -10 -162 53
8640: -71 -10 -164 67
8641: -71 -10 -165 74
8642: -71 -10 -166 81
8643: -71 -10 -167 88
8644: -71 -10 -168 95
8711: -72 -62 -186 74
8712: -72 -62 -187 81
8713: -72 -62 -188 88
8718: -72 -63 -193 74
8719: -72 -63 -194 81
8721: -72 -63 -196 95
8723: -73 -106 -149 60
8822: -75 -204 -150 67
8841: -75 -207 -169 53
8855: -75 -209 -183 53
8859: -75 -209 -187 81
8862: -75 -210 -190 53
8866: -75 -210 -194 81
8924: -77 -302 -154 95
8974: -120 -16 -155 102
8978: -120 -16 -159 130
8979: -120 -16 -160 137
8980: -120 -16 -161 144
9018: -121 -64 -150 116
9019: -121 -64 -151 123
9027: -121 -65 -159 130
9045: -121 -68 -177 109
9050: -121 -68 -182 144
9051: -121 -69 -183 102
9052: -121 -69 -184 109
9054: -121 -69 -186 123
9055: -121 -69 -187 130
9058: -121 -70 -190 102
9060: -121 -70 -192 116
9061: -121 -70 -193 123
9101: -122 -118 -184 109
9108: -122 -119 -191 109
9111: -122 -119 -194 130
9130: -123 -164 -164 116
9184: -124 -214 -169 102
9220: -125 -261 -156 109
9254: -125 -266 -190 102
9296: -126 -314 -183 102
9339: -169 -26 -177 158
9340: -169 -26 -178 165
9341: -169 -26 -179 172
9343: -169 -26 -181 186
9344: -169 -26 -182 193
9361: -170 -71 -150 165
9390: -170 -75 -179 172
9394: -170 -76 -183 151
9398: -170 -76 -187 179
9401: -170 -77 -190 151
9406: -170 -77 -195 186
9407: -170 -77 -196 193
9416: -171 -121 -156 158
9418: -171 -121 -158 172
9419: -171 -121 -159 179
9420: -171 -121 -160 186
9675: -218 -32 -170 207
9680: -218 -32 -175 242
9720: -219 -80 -166 228
9748: -219 -84 -194 228
9762: -220 -128 -159 228
9774: -220 -130 -171 214
9788: -220 -132 -185 214
9795: -220 -133 -192 214
9916: -223 -276 -166 228
9944: -223 -280 -194 228
9960: -224 -324 -161 242
9965: -224 -325 -166 228
9986: -224 -328 -187 228
10038: -267 -42 -190 249
10040: -267 -42 -192 263
10041: -267 -42 -193 270
10042: -267 -42 -194 277
10044: -267 -42 -196 291
10050: -268 -85 -153 284
10079: -268 -89 -182 291
10123: -269 -138 -177 256
10213: -271 -235 -169 249
10297: -273 -331 -155 249
10318: -273 -334 -176 249
10336: -273 -336 -194 277
10374: -316 -48 -183 298
10375: -316 -48 -184 305
10376: -316 -48 -185 312
10377: -316 -48 -186 319
10378: -316 -48 -187 326
10379: -316 -48 -188 333
10380: -316 -48 -189 340
10466: -318 -145 -177 305
10556: -320 -242 -169 298
10591: -321 -289 -155 298
10596: -321 -289 -160 333
10597: -321 -289 -161 340
10598: -321 -290 -162 298
10600: -321 -290 -164 312
10601: -321 -290 -165 319
10602: -321 -290 -166 326
10603: -321 -290 -167 333
10612: -321 -292 -176 298
10616: -321 -292 -180 326
10617: -321 -292 -181 333
10622: -321 -293 -186 319
10623: -321 -293 -187 326
10661: -322 -341 -176 298
10663: -322 -341 -178 312
10664: -322 -341 -179 319
10665: -322 -341 -180 326
10666: -322 -341 -181 333
10667: -322 -341 -182 340
10836: -32 -149 -204 5
10837: -32 -149 -205 12
10838: -32 -149 -206 19
10840: -32 -149 -208 33
10841: -32 -149 -209 40
10842: -32 -149 -210 47
10843: -32 -150 -211 5
10844: -32 -150 -212 12
10845: -32 -150 -213 19
10864: -32 -153 -232 5
10865: -32 -153 -233 12
10866: -32 -153 -234 19
10868: -32 -153 -236 33
10869: -32 -153 -237 40
10870: -32 -153 -238 47
10871: -32 -154 -239 5
10872: -32 -154 -240 12
10873: -32 -154 -241 19
10875: -32 -154 -243 33
10877: -32 -154 -245 47
11039: -78 -10 -211 54
11042: -78 -10 -214 75
11043: -78 -10 -215 82
11044: -78 -10 -216 89
11075: -79 -57 -198 61
11160: -80 -111 -234 68
11167: -80 -112 -241 68
11198: -81 -158 -223 89
11199: -81 -158 -224 96
11200: -81 -159 -225 54
11229: -82 -205 -205 61
11312: -83 -259 -239 54
11356: -84 -307 -234 68
11375: -127 -16 -204 103
11376: -127 -16 -205 110
11377: -127 -16 -206 117
11378: -127 -16 -207 124
11379: -127 -16 -208 131
11462: -128 -70 -242 124
11524: -130 -163 -206 117
11550: -130 -167 -232 103
11557: -130 -168 -239 103
11655: -132 -266 -239 103
11777: -177 -73 -214 173
11816: -178 -121 -204 152
11818: -178 -121 -206 166
11819: -178 -121 -207 173
11820: -178 -121 -208 180
11822: -178 -121 -210 194
11853: -178 -126 -241 166
11968: -181 -268 -209 187
11998: -181 -273 -239 152
12040: -182 -321 -232 152
12076: -225 -32 -219 208
12079: -225 -32 -222 229
12080: -225 -32 -223 236
12081: -225 -32 -224 243
12105: -226 -78 -199 215
12132: -226 -82 -226 208
12158: -227 -127 -203 243
12337: -230 -279 -235 222
12353: -231 -323 -202 236
12439: -274 -42 -239 250
12442: -274 -42 -242 271
12443: -274 -42 -243 278
12565: -277 -186 -218 250
12567: -277 -186 -220 264
12569: -277 -186 -222 278
12662: -279 -283 -217 292
12698: -280 -331 -204 250
12705: -280 -332 -211 250
12712: -280 -333 -218 250
12718: -280 -333 -224 292
12775: -323 -48 -232 299
12776: -323 -48 -233 306
12778: -323 -48 -235 320
12779: -323 -48 -236 327
12780: -323 -48 -237 334
12781: -323 -48 -238 341
12861: -325 -144 -220 313
13008: -328 -291 -220 313
13024: -328 -293 -236 327
13384: -42 -296 -253 6
13386: -42 -296 -255 20
13387: -42 -296 -256 27
13388: -42 -296 -257 34
13391: -42 -297 -260 6
13392: -42 -297 -261 13
13394: -42 -297 -263 27
13395: -42 -297 -264 34
13398: -42 -298 -267 6
13399: -42 -298 -268 13
13403: -42 -298 -272 41
13405: -42 -299 -274 6
13406: -42 -299 -275 13
13407: -42 -299 -276 20
13408: -42 -299 -277 27
13409: -42 -299 -278 34
13410: -42 -299 -279 41
13440: -85 -10 -260 55
13441: -85 -10 -261 62
13442: -85 -10 -262 69
13444: -85 -10 -264 83
13445: -85 -10 -265 90
13446: -85 -10 -266 97
13603: -88 -159 -276 69
13604: -88 -159 -277 76
13643: -89 -207 -267 55
13755: -91 -307 -281 55
13776: -134 -16 -253 104
13777: -134 -16 -254 111
13780: -134 -16 -257 132
13781: -134 -16 -258 139
13782: -134 -16 -259 146
13848: -135 -68 -276 118
13864: -135 -70 -292 132
13928: -137 -163 -258 139
14140: -183 -26 -274 153
14143: -183 -26 -277 174
14145: -183 -26 -279 188
14146: -183 -26 -280 195
14162: -184 -71 -247 160
14163: -184 -71 -248 167
14164: -184 -71 -249 174
14217: -185 -121 -253 153
14219: -185 -121 -255 167
14220: -185 -121 -256 174
14223: -185 -121 -259 195
14304: -186 -175 -291 174
14315: -187 -219 -253 153
14318: -187 -219 -256 174
14319: -187 -219 -257 181
14321: -187 -219 -259 195
14322: -187 -220 -260 153
14323: -187 -220 -261 160
14327: -187 -220 -265 188
14328: -187 -220 -266 195
14350: -187 -224 -288 153
14351: -187 -224 -289 160
14352: -187 -224 -290 167
14354: -187 -224 -292 181
14355: -187 -224 -293 188
14381: -188 -270 -270 174
14441: -189 -321 -281 153
14451: -189 -322 -291 174
14476: -232 -32 -267 202
14477: -232 -32 -268 209
14480: -232 -32 -271 230
14481: -232 -32 -272 237
14482: -232 -32 -273 244
14529: -233 -81 -271 230
14609: -235 -177 -253 202
14612: -235 -177 -256 223
14613: -235 -177 -257 230
14615: -235 -177 -259 244
14616: -235 -178 -260 202
14618: -235 -178 -262 216
14619: -235 -178 -263 223
14622: -235 -178 -266 244
14644: -235 -182 -288 202
14646: -235 -182 -290 216
14647: -235 -182 -291 223
14648: -235 -182 -292 230
14649: -235 -182 -293 237
14679: -236 -229 -274 202
14732: -237 -278 -278 230
14750: -238 -323 -247 209
14751: -238 -323 -248 216
14756: -238 -324 -253 202
14793: -238 -329 -290 216
14795: -238 -329 -292 230
14897: -283 -134 -247 258
14909: -283 -135 -259 293
14924: -283 -138 -274 251
14929: -283 -138 -279 286
14983: -284 -188 -284 272
14997: -285 -232 -249 272
15052: -286 -282 -255 265
15298: -333 -191 -256 321
15305: -333 -192 -263 321
15316: -333 -194 -274 300
15333: -333 -196 -291 321
15736: -48 -247 -302 7
15739: -48 -247 -305 28
15746: -48 -248 -312 28
15750: -48 -249 -316 7
15751: -48 -249 -317 14
15752: -48 -249 -318 21
15754: -48 -249 -320 35
15756: -48 -249 -322 49
15761: -48 -250 -327 35
15765: -48 -251 -331 14
15841: -92 -10 -309 56
15844: -92 -10 -312 77
15845: -92 -10 -313 84
15846: -92 -10 -314 91
15847: -92 -10 -315 98
15902: -93 -60 -321 91
15906: -93 -61 -325 70
15951: -94 -109 -321 91
16114: -97 -259 -337 56
16177: -141 -16 -302 105
16178: -141 -16 -303 112
16182: -141 -16 -307 140
16183: -141 -16 -308 147
16230: -142 -65 -306 133
16321: -144 -162 -299 133
16330: -144 -163 -308 147
16541: -190 -26 -323 154
16542: -190 -26 -324 161
16544: -190 -26 -326 175
16547: -190 -26 -329 196
16563: -191 -71 -296 161
16564: -191 -71 -297 168
16565: -191 -71 -298 175
16610: -191 -77 -343 196
16620: -192 -121 -304 168
16621: -192 -121 -305 175
16622: -192 -121 -306 182
16623: -192 -121 -307 189
16669: -193 -170 -304 168
16680: -193 -171 -315 196
16712: -194 -218 -298 175
16716: -194 -219 -302 154
16717: -194 -219 -303 161
16719: -194 -219 -305 175
16720: -194 -219 -306 182
16721: -194 -219 -307 189
16727: -194 -220 -313 182
16728: -194 -220 -314 189
16744: -194 -223 -330 154
16745: -194 -223 -331 161
16747: -194 -223 -333 175
16748: -194 -223 -334 182
16750: -194 -223 -336 196
16800: -195 -273 -337 154
16877: -239 -32 -316 203
16879: -239 -32 -318 217
16880: -239 -32 -319 224
16881: -239 -32 -320 231
16882: -239 -32 -321 238
16883: -239 -32 -322 245
16919: -240 -80 -309 203
16930: -240 -81 -320 231
16953: -240 -84 -343 245
17013: -242 -177 -305 224
17015: -242 -177 -307 238
17017: -242 -178 -309 203
17019: -242 -178 -311 217
17020: -242 -178 -312 224
17022: -242 -178 -314 238
17023: -242 -178 -315 245
17041: -242 -181 -333 224
17064: -243 -226 -307 238
17072: -243 -227 -315 245
17080: -243 -229 -323 203
17129: -244 -278 -323 203
17143: -244 -280 -337 203
17182: -245 -327 -327 231
17241: -288 -42 -337 252
17242: -288 -42 -338 259
17247: -288 -42 -343 294
17304: -290 -135 -302 252
17309: -290 -135 -307 287
17310: -290 -135 -308 294
17318: -290 -137 -316 252
17323: -290 -137 -321 287
17334: -290 -139 -332 266
17345: -290 -140 -343 294
17370: -291 -186 -319 273
17374: -291 -187 -323 252
17377: -291 -187 -326 273
17384: -291 -188 -333 273
17394: -291 -189 -343 294
17406: -292 -233 -306 280
17413: -292 -234 -313 280
17421: -292 -235 -321 287
17434: -292 -237 -334 280
17458: -293 -283 -309 252
17473: -293 -285 -324 259
17483: -293 -286 -334 280
17533: -294 -335 -335 287
17578: -337 -48 -331 308
17580: -337 -48 -333 322
17583: -337 -48 -336 343
17610: -338 -94 -314 336
17611: -338 -94 -315 343
17618: -338 -95 -322 343
17624: -338 -96 -328 336
17667: -339 -144 -322 343
17668: -339 -145 -323 301
17745: -341 -240 -302 301
17750: -341 -240 -307 336
17752: -341 -241 -309 301
17757: -341 -241 -314 336
17764: -341 -242 -321 336
17765: -341 -242 -322 343
18351: -64 -53 -159 31
18399: -71 -53 -158 25
18401: -71 -53 -160 39
18402: -71 -53 -161 46
18404: -71 -54 -205 11
18495: -85 -53 -156 13
18517: -85 -56 -304 20
18558: -92 -55 -254 14
19053: -162 -153 -273 45
19059: -162 -154 -321 38
19060: -162 -154 -322 45
19177: -183 -150 -124 34
19347: -204 -202 -280 44
19353: -204 -203 -328 37
19402: -211 -203 -328 38
19674: -253 -249 -187 30
19723: -260 -249 -187 31
20007: -302 -297 -142 9
20105: -316 -297 -142 11
20121: -316 -299 -242 25
20124: -316 -299 -245 46
20166: -323 -298 -196 47
20266: -337 -299 -240 14
20267: -337 -299 -241 21
20268: -337 -299 -242 28
20400: -16 -10 -101 66
20401: -16 -10 -102 73
20402: -16 -10 -103 80
20403: -16 -10 -104 87
20404: -16 -10 -105 94
20752: -65 -60 -159 80
20768: -65 -62 -259 94
20876: -86 -57 -10 69
20964: -93 -62 -259 98
21166: -121 -112 -314 88
21267: -142 -106 -16 63
21319: -149 -155 -26 78
21350: -149 -160 -267 50
21362: -149 -161 -321 85
21371: -156 -156 -71 51
21374: -156 -156 -74 72
21417: -163 -155 -26 80
21427: -163 -157 -120 52
21429: -163 -157 -122 66
21430: -163 -157 -123 73
21431: -163 -157 -124 80
21436: -163 -158 -171 66
21443: -163 -159 -220 66
21466: -170 -155 -26 81
21515: -177 -155 -26 82
21539: -177 -159 -218 54
21543: -177 -159 -222 82
21550: -177 -160 -271 82
21557: -177 -161 -320 82
21564: -184 -155 -26 83
21590: -184 -159 -220 69
21661: -198 -204 -32 71
21675: -198 -206 -130 71
21681: -198 -207 -178 64
21684: -198 -207 -181 85
21685: -198 -207 -182 92
21770: -212 -206 -127 52
21771: -212 -206 -128 59
21772: -212 -206 -129 66
21773: -212 -206 -130 73
21782: -212 -207 -181 87
21783: -212 -207 -182 94
21798: -212 -210 -323 52
21808: -219 -204 -32 74
21819: -219 -206 -127 53
21823: -219 -206 -131 81
21828: -219 -207 -178 67
21831: -219 -207 -181 88
21832: -219 -207 -182 95
21896: -226 -210 -323 54
22007: -247 -253 -42 92
22045: -247 -259 -332 64
22062: -254 -254 -90 86
22105: -261 -253 -42 94
22127: -261 -257 -232 52
22136: -261 -258 -283 66
22154: -268 -253 -42 95
22212: -275 -255 -135 61
22252: -282 -253 -42 97
22274: -282 -257 -232 55
22301: -289 -253 -42 98
22334: -289 -258 -285 84
22341: -289 -259 -334 84
22349: -296 -302 -48 85
22379: -296 -307 -288 50
22382: -296 -307 -291 71
22447: -310 -302 -48 87
22463: -310 -305 -190 52
22473: -310 -306 -242 73
22531: -317 -307 -293 88
22594: -331 -302 -48 90
22629: -331 -307 -293 90
22633: -331 -308 -339 69
22643: -338 -302 -48 91
22744: -10 -16 -51 107
22746: -10 -16 -53 121
22747: -10 -16 -54 128
22748: -10 -16 -55 135
22749: -10 -16 -56 142
23218: -73 -69 -259 144
23326: -94 -64 -10 119
23423: -108 -113 -16 107
23708: -143 -118 -266 147
23720: -150 -162 -26 127
23723: -150 -163 -71 99
23727: -150 -163 -75 127
23745: -150 -166 -219 106
23748: -150 -166 -222 127
23749: -150 -166 -223 134
23750: -150 -166 -224 141
23769: -157 -162 -26 128
23780: -157 -164 -121 107
23794: -157 -166 -219 107
23798: -157 -166 -223 135
23799: -157 -166 -224 142
23828: -164 -164 -120 101
23829: -164 -164 -121 108
23867: -171 -162 -26 130
23871: -171 -163 -72 109
23916: -178 -162 -26 131
23919: -178 -163 -71 103
23941: -178 -166 -219 110
23945: -178 -166 -223 138
23946: -178 -166 -224 145
23965: -185 -162 -26 132
24014: -192 -162 -26 133
24062: -199 -211 -32 120
24083: -199 -214 -179 120
24085: -199 -214 -181 134
24098: -199 -216 -278 127
24105: -199 -217 -327 127
24111: -206 -211 -32 121
24171: -213 -213 -127 101
24175: -213 -213 -131 129
24209: -220 -211 -32 123
24228: -220 -214 -177 109
24230: -220 -214 -179 123
24232: -220 -214 -181 137
24233: -220 -214 -182 144
24244: -220 -216 -277 123
24248: -220 -217 -323 102
24251: -220 -217 -326 123
24277: -227 -214 -177 110
24326: -234 -214 -177 111
24356: -241 -211 -32 126
24375: -241 -214 -177 112
24410: -248 -261 -86 106
24457: -255 -260 -42 142
24458: -255 -261 -85 100
24459: -255 -261 -86 107
24462: -255 -261 -89 128
24464: -255 -261 -91 142
24472: -255 -263 -183 100
24487: -255 -265 -282 107
24519: -262 -262 -139 136
24623: -276 -263 -187 131
24653: -283 -260 -42 146
24702: -290 -260 -42 147
24720: -290 -263 -186 126
24724: -290 -264 -232 105
24739: -290 -266 -331 112
24741: -290 -266 -333 126
24742: -290 -266 -334 133
24750: -297 -309 -48 134
24753: -297 -310 -93 106
24799: -304 -309 -48 135
24802: -304 -310 -93 107
24803: -304 -310 -94 114
24804: -304 -310 -95 121
24806: -304 -310 -97 135
24815: -304 -312 -190 100
24819: -304 -312 -194 128
24946: -325 -309 -48 138
24995: -332 -309 -48 139
24998: -332 -310 -93 111
25002: -332 -310 -97 139
25011: -332 -312 -190 104
25012: -332 -312 -191 111
25019: -332 -313 -240 111
25033: -332 -315 -338 111
25044: -339 -309 -48 140
25075: -339 -314 -289 112
25313: -32 -26 -198 159
25314: -32 -26 -199 166
25316: -32 -26 -201 180
25317: -32 -26 -202 187
25318: -32 -26 -203 194
25433: -53 -71 -10 162
25449: -53 -73 -110 176
25450: -53 -73 -111 183
25459: -53 -75 -204 148
25461: -53 -75 -206 162
25466: -53 -76 -253 148
25467: -53 -76 -254 155
25468: -53 -76 -255 162
25469: -53 -76 -256 169
25470: -53 -76 -257 176
25471: -53 -76 -258 183
25472: -53 -76 -259 190
25478: -53 -77 -307 183
25482: -60 -71 -10 163
25531: -67 -71 -10 164
25563: -67 -75 -210 192
25599: -74 -74 -155 151
25603: -74 -74 -159 179
25629: -81 -71 -10 166
25678: -88 -71 -10 167
25727: -95 -71 -10 168
25766: -95 -76 -259 196
25775: -102 -120 -16 155
25785: -102 -121 -68 176
25786: -102 -121 -69 183
25942: -123 -123 -162 151
25945: -123 -123 -165 172
25971: -130 -120 -16 159
25977: -130 -121 -64 152
26012: -130 -126 -309 152
26170: -158 -169 -26 177
26181: -158 -171 -121 156
26219: -165 -169 -26 178
26271: -172 -170 -71 151
26317: -179 -169 -26 180
26328: -179 -171 -121 159
26366: -186 -169 -26 181
26420: -193 -170 -73 168
26424: -193 -170 -77 196
26452: -193 -174 -273 196
26512: -207 -218 -32 170
26547: -207 -223 -277 170
26548: -207 -223 -278 177
26550: -207 -223 -280 191
26554: -207 -224 -326 170
26556: -207 -224 -328 184
26568: -214 -219 -81 171
26594: -214 -223 -275 157
26601: -214 -224 -324 157
26603: -214 -224 -326 171
26715: -235 -219 -81 174
26723: -235 -220 -131 181
26741: -235 -223 -275 160
26746: -235 -223 -280 195
26752: -235 -224 -328 188
26764: -242 -219 -81 175
26795: -242 -223 -280 196
26801: -242 -224 -328 189
26809: -249 -267 -42 190
26817: -249 -269 -134 148
26818: -249 -269 -135 155
26835: -249 -271 -236 176
26846: -249 -273 -331 155
26847: -249 -273 -332 162
26849: -249 -273 -334 176
26858: -256 -267 -42 191
26907: -263 -267 -42 192
26975: -270 -270 -187 179
26976: -270 -270 -188 186
27005: -277 -267 -42 194
27054: -284 -267 -42 195
27094: -284 -273 -334 181
27103: -291 -267 -42 196
27111: -291 -269 -134 154
27130: -291 -271 -237 189
27140: -291 -273 -331 161
27141: -291 -273 -332 168
27143: -291 -273 -334 182
27151: -298 -316 -48 183
27161: -298 -318 -142 155
27178: -298 -320 -243 176
27181: -298 -321 -288 148
27186: -298 -321 -293 183
27200: -305 -316 -48 184
27233: -305 -321 -291 170
27249: -312 -316 -48 185
27290: -312 -322 -341 178
27314: -319 -319 -190 151
27316: -319 -319 -192 165
27318: -319 -319 -194 179
27319: -319 -319 -195 186
27347: -326 -316 -48 187
27357: -326 -318 -142 159
27373: -326 -320 -242 173
27381: -326 -321 -292 180
27396: -333 -316 -48 188
27426: -333 -321 -288 153
27427: -333 -321 -289 160
27428: -333 -321 -290 167
27430: -333 -321 -292 181
27431: -333 -321 -293 188
27445: -340 -316 -48 189
27479: -340 -321 -292 182
27658: -26 -32 -149 207
27659: -26 -32 -150 214
27660: -26 -32 -151 221
27662: -26 -32 -153 235
27663: -26 -32 -154 242
27834: -54 -78 -10 211
27853: -54 -81 -155 197
27879: -54 -84 -307 232
27981: -75 -78 -10 214
28059: -82 -82 -207 222
28176: -103 -127 -16 204
28225: -110 -127 -16 205
28259: -110 -132 -260 198
28274: -117 -127 -16 206
28323: -124 -127 -16 207
28343: -124 -130 -162 200
28402: -131 -131 -214 222
28494: -145 -130 -166 231
28605: -159 -181 -270 219
28608: -159 -181 -273 240
28612: -159 -182 -319 219
28614: -159 -182 -321 233
28654: -166 -181 -270 220
28662: -166 -182 -320 227
28663: -166 -182 -321 234
28803: -187 -181 -272 237
28804: -187 -181 -273 244
28855: -194 -182 -317 210
28859: -194 -182 -321 238
28860: -194 -182 -322 245
28925: -208 -227 -128 205
28927: -208 -227 -130 219
28962: -215 -225 -32 220
29011: -222 -225 -32 221
29153: -236 -231 -328 237
29196: -243 -230 -280 245
29210: -250 -274 -42 239
29225: -250 -277 -183 197
29228: -250 -277 -186 218
29259: -257 -274 -42 240
29268: -257 -276 -135 205
29357: -271 -274 -42 242
29431: -278 -278 -235 222
29455: -285 -274 -42 244
29464: -285 -276 -135 209
29541: -292 -280 -331 210
29542: -292 -280 -332 217
29543: -292 -280 -333 224
29552: -299 -323 -48 232
29562: -299 -325 -142 204
29583: -299 -328 -289 204
29589: -299 -329 -337 197
29601: -306 -323 -48 233
29650: -313 -323 -48 234
29699: -320 -323 -48 235
29709: -320 -325 -142 207
29715: -320 -326 -190 200
29716: -320 -326 -191 207
29717: -320 -326 -192 214
29720: -320 -326 -195 235
29737: -320 -329 -338 207
29774: -327 -327 -242 222
29797: -334 -323 -48 237
29817: -334 -326 -194 230
29846: -341 -323 -48 238
30227: -48 -42 -296 259
30228: -48 -42 -297 266
30229: -48 -42 -298 273
30230: -48 -42 -299 280
30232: -48 -42 -301 294
30235: -55 -85 -10 260
30258: -55 -88 -159 274
30267: -55 -89 -210 288
30303: -62 -88 -155 247
30338: -69 -86 -57 248
30382: -76 -85 -10 263
30431: -83 -85 -10 264
30519: -90 -90 -259 293
30548: -97 -88 -155 252
30577: -104 -134 -16 253
30607: -104 -138 -214 267
30618: -104 -140 -309 246
30621: -104 -140 -312 267
30646: -111 -137 -162 247
30675: -118 -134 -16 255
30682: -118 -135 -65 255
30685: -118 -135 -68 276
30724: -125 -134 -16 256
30793: -132 -137 -162 250
30862: -139 -139 -266 293
30923: -153 -183 -26 274
30929: -153 -184 -74 267
30948: -153 -187 -219 253
30949: -153 -187 -220 260
31021: -167 -183 -26 276
31119: -181 -183 -26 278
31122: -181 -184 -71 250
31136: -181 -186 -169 250
31144: -181 -187 -219 257
31145: -181 -187 -220 264
31149: -181 -187 -224 292
31205: -188 -188 -273 293
31220: -195 -184 -71 252
31240: -195 -186 -175 294
31247: -195 -187 -224 294
31280: -202 -234 -131 274
31284: -202 -235 -177 253
31310: -202 -238 -329 288
31314: -209 -232 -32 268
31326: -209 -234 -128 254
31353: -209 -238 -323 247
31363: -216 -232 -32 269
31416: -223 -233 -78 249
31427: -223 -234 -131 277
31431: -223 -235 -177 256
31432: -223 -235 -178 263
31433: -223 -235 -179 270
31436: -223 -235 -182 291
31437: -223 -236 -225 249
31443: -223 -236 -231 291
31455: -223 -238 -327 277
31461: -230 -232 -32 271
31465: -230 -233 -78 250
31559: -244 -232 -32 273
31563: -244 -233 -78 252
31578: -244 -235 -177 259
31669: -258 -283 -135 254
31743: -265 -286 -286 283
31783: -272 -285 -235 270
31905: -293 -281 -42 294
32028: -307 -334 -242 268
32031: -307 -334 -245 289
32080: -314 -334 -245 290
32104: -321 -331 -94 263
32105: -321 -331 -95 270
32108: -321 -331 -98 291
32110: -321 -332 -142 256
32115: -321 -332 -147 291
32120: -321 -333 -194 277
32121: -321 -333 -195 284
32153: -328 -331 -94 264
32228: -335 -335 -288 251
32572: -42 -48 -247 307
32573: -42 -48 -248 314
32574: -42 -48 -249 321
32575: -42 -48 -250 328
32576: -42 -48 -251 335
32636: -56 -92 -10 309
32651: -56 -94 -109 316
32659: -56 -95 -159 323
32685: -63 -92 -10 310
32751: -70 -94 -111 332
32783: -77 -92 -10 312
32832: -84 -92 -10 313
32881: -91 -92 -10 314
32900: -91 -95 -155 300
32971: -98 -98 -303 308
32975: -98 -98 -307 336
32998: -105 -144 -162 295
33027: -112 -141 -16 303
33076: -119 -141 -16 304
33086: -119 -142 -68 325
33125: -126 -141 -16 305
33155: -126 -145 -214 319
33174: -133 -141 -16 306
33223: -140 -141 -16 307
33243: -140 -144 -162 300
33313: -147 -147 -309 301
33324: -154 -190 -26 323
33327: -154 -191 -71 295
33349: -154 -194 -219 302
33350: -154 -194 -220 309
33373: -161 -190 -26 324
33440: -168 -193 -170 304
33448: -168 -194 -220 311
33474: -175 -191 -71 298
33500: -175 -194 -223 333
33520: -182 -190 -26 327
33526: -182 -191 -74 320
33545: -182 -194 -219 306
33546: -182 -194 -220 313
33549: -182 -194 -223 334
33572: -189 -191 -71 300
33598: -189 -194 -223 335
33661: -196 -196 -321 336
33670: -203 -240 -78 295
33677: -203 -241 -127 295
33681: -203 -241 -131 323
33685: -203 -242 -177 302
33686: -203 -242 -178 309
33715: -210 -239 -32 317
33764: -217 -239 -32 318
33813: -224 -239 -32 319
33817: -224 -240 -78 298
33832: -224 -242 -177 305
33834: -224 -242 -179 319
33836: -224 -242 -181 333
33843: -224 -243 -230 333
33866: -231 -240 -78 299
33911: -238 -239 -32 321
33915: -238 -240 -78 300
33930: -238 -242 -177 307
33999: -245 -245 -323 301
34004: -245 -245 -328 336
34061: -259 -288 -42 338
34064: -259 -289 -87 310
34110: -266 -288 -42 339
34135: -266 -292 -235 318
34137: -266 -292 -237 332
34166: -273 -289 -91 340
34168: -273 -290 -135 305
34403: -308 -337 -48 331
34452: -315 -337 -48 332
34495: -315 -343 -343 339
34501: -322 -337 -48 333
34505: -322 -338 -94 312
34508: -322 -338 -97 333
34511: -322 -339 -142 305
34514: -322 -339 -145 326
34515: -322 -339 -146 333
34526: -322 -341 -241 312
34529: -322 -341 -244 333
34544: -322 -343 -343 340
34550: -329 -337 -48 334
34593: -329 -343 -343 341
34599: -336 -337 -48 335
34699: -1 -8 -1 2
34706: -1 -15 -1 3
34713: -1 -22 -1 4
34720: -1 -29 -1 5
34727: -1 -36 -1 6
34734: -1 -43 -1 7
35035: -50 -1 -50 8
35101: -57 -16 -53 157
35103: -57 -16 -55 255
35141: -64 -10 -51 58
35143: -64 -10 -53 156
35213: -71 -32 -53 159
35214: -71 -32 -54 208
35215: -71 -32 -55 257
35216: -71 -32 -56 306
35255: -78 -26 -53 158
35256: -78 -26 -54 207
35257: -78 -26 -55 256
35258: -78 -26 -56 305
35325: -85 -48 -53 161
35326: -85 -48 -54 210
35327: -85 -48 -55 259
35328: -85 -48 -56 308
35367: -92 -42 -53 160
35368: -92 -42 -54 209
35369: -92 -42 -55 258
35370: -92 -42 -56 307
35378: -99 -1 -99 15
35443: -106 -16 -101 115
35486: -113 -10 -102 163
35489: -113 -10 -105 310
35556: -120 -32 -102 166
35559: -120 -32 -105 313
35599: -127 -26 -103 214
35600: -127 -26 -104 263
35601: -127 -26 -105 312
35668: -134 -48 -102 168
35669: -134 -48 -103 217
35670: -134 -48 -104 266
35671: -134 -48 -105 315
35710: -141 -42 -102 167
35713: -141 -42 -105 314
35721: -148 -1 -148 22
35785: -155 -16 -149 73
35786: -155 -16 -150 122
35789: -155 -16 -153 269
35790: -155 -16 -154 318
35827: -162 -10 -149 72
35828: -162 -10 -150 121
35831: -162 -10 -153 268
35832: -162 -10 -154 317
35897: -169 -32 -149 75
35898: -169 -32 -150 124
35901: -169 -32 -153 271
35902: -169 -32 -154 320
35939: -176 -26 -149 74
35941: -176 -26 -151 172
36009: -183 -48 -149 77
36010: -183 -48 -150 126
36013: -183 -48 -153 273
36014: -183 -48 -154 322
36051: -190 -42 -149 76
36052: -190 -42 -150 125
36053: -190 -42 -151 174
36055: -190 -42 -153 272
36056: -190 -42 -154 321
36064: -197 -1 -197 29
36128: -204 -16 -198 80
36132: -204 -16 -202 276
36133: -204 -16 -203 325
36240: -218 -32 -198 82
36243: -218 -32 -201 229
36282: -225 -26 -198 81
36352: -232 -48 -198 84
36353: -232 -48 -199 133
36356: -232 -48 -202 280
36357: -232 -48 -203 329
36394: -239 -42 -198 83
36395: -239 -42 -199 132
36399: -239 -42 -203 328
36407: -246 -1 -246 36
36473: -253 -16 -249 185
36474: -253 -16 -250 234
36515: -260 -10 -249 184
36516: -260 -10 -250 233
36583: -267 -32 -247 89
36585: -267 -32 -249 187
36586: -267 -32 -250 236
36625: -274 -26 -247 88
36626: -274 -26 -248 137
36627: -274 -26 -249 186
36628: -274 -26 -250 235
36695: -281 -48 -247 91
36697: -281 -48 -249 189
36737: -288 -42 -247 90
36739: -288 -42 -249 188
36741: -288 -42 -251 286
36750: -295 -1 -295 43
36814: -302 -16 -296 94
36815: -302 -16 -297 143
36856: -309 -10 -296 93
36857: -309 -10 -297 142
36858: -309 -10 -298 191
36859: -309 -10 -299 240
36926: -316 -32 -296 96
36927: -316 -32 -297 145
36928: -316 -32 -298 194
36929: -316 -32 -299 243
36968: -323 -26 -296 95
36969: -323 -26 -297 144
36970: -323 -26 -298 193
36971: -323 -26 -299 242
37043: -330 -48 -301 343
37080: -337 -42 -296 97
37082: -337 -42 -298 195
37193: -16 -52 -10 99
37200: -16 -59 -10 100
37207: -16 -66 -10 101
37214: -16 -73 -10 102
37221: -16 -80 -10 103
37228: -16 -87 -10 104
37235: -16 -94 -10 105
37507: -58 -72 -58 60
37623: -72 -88 -62 258
37829: -107 -51 -107 64
37926: -121 -53 -106 15
37928: -121 -53 -108 113
37929: -121 -53 -109 162
37930: -121 -53 -110 211
37931: -121 -53 -111 260
37932: -121 -53 -112 309
37975: -128 -54 -106 15
37977: -128 -54 -108 113
37978: -128 -54 -109 162
37979: -128 -54 -110 211
37980: -128 -54 -111 260
37981: -128 -54 -112 309
38024: -135 -55 -106 15
38026: -135 -55 -108 113
38027: -135 -55 -109 162
38028: -135 -55 -110 211
38030: -135 -55 -112 309
38076: -142 -56 -109 162
38077: -142 -56 -110 211
38078: -142 -56 -111 260
38129: -149 -57 -155 23
38136: -149 -64 -155 24
38140: -149 -64 -159 220
38153: -149 -78 -158 173
38155: -149 -78 -160 271
38157: -149 -85 -155 27
38161: -149 -85 -159 223
38164: -149 -92 -155 28
38168: -149 -92 -159 224
38179: -156 -58 -156 72
38186: -156 -65 -156 73
38193: -156 -72 -156 74
38207: -156 -86 -156 76
38214: -156 -93 -156 77
38245: -163 -73 -159 221
38252: -163 -80 -159 222
38266: -163 -94 -159 224
38273: -170 -53 -159 218
38322: -177 -54 -159 218
38325: -177 -61 -155 23
38336: -177 -68 -159 220
38367: -184 -55 -155 22
38371: -184 -55 -159 218
38372: -184 -55 -160 267
38381: -184 -69 -155 24
38384: -184 -69 -158 171
38387: -184 -69 -161 318
38391: -184 -76 -158 172
38399: -184 -83 -159 222
38416: -191 -56 -155 22
38420: -191 -56 -159 218
38430: -191 -70 -155 24
38434: -191 -70 -159 220
38474: -198 -57 -206 128
38476: -198 -57 -208 226
38477: -198 -57 -209 275
38478: -198 -57 -210 324
38488: -198 -71 -206 130
38490: -198 -71 -208 228
38512: -198 -92 -209 280
38522: -205 -58 -205 79
38543: -205 -79 -205 82
38587: -212 -73 -207 179
38593: -212 -80 -206 131
38619: -219 -60 -204 30
38622: -219 -60 -207 177
38629: -219 -67 -207 178
38643: -219 -81 -207 180
38650: -219 -88 -207 181
38702: -226 -89 -210 328
38708: -226 -96 -209 280
38829: -247 -71 -253 39
38835: -247 -71 -259 333
38865: -254 -58 -254 86
38893: -254 -86 -254 90
38943: -261 -87 -255 139
38954: -261 -94 -259 336
39108: -289 -56 -259 330
39115: -289 -63 -259 331
39122: -289 -70 -259 332
39158: -296 -57 -302 44
39170: -296 -64 -307 290
39188: -296 -85 -304 146
39192: -296 -85 -308 342
39215: -303 -65 -303 94
39243: -303 -93 -303 98
39289: -310 -87 -307 293
39303: -317 -53 -307 288
39394: -324 -96 -307 294
39400: -331 -55 -306 239
39401: -331 -55 -307 288
39402: -331 -55 -308 337
39403: -331 -62 -302 44
39408: -331 -62 -307 289
39422: -331 -76 -307 291
39429: -331 -83 -307 292
39443: -331 -97 -307 294
39448: -338 -56 -305 190
39450: -338 -56 -307 288
39478: -338 -84 -307 292
39485: -338 -91 -307 293
39544: -10 -100 -16 50
39551: -10 -107 -16 51
39558: -10 -114 -16 52
39565: -10 -121 -16 53
39572: -10 -128 -16 54
39579: -10 -135 -16 55
39586: -10 -142 -16 56
39937: -66 -101 -66 106
39944: -66 -108 -66 107
39951: -66 -115 -66 108
39984: -73 -102 -64 8
39985: -73 -102 -65 57
39988: -73 -102 -68 204
39989: -73 -102 -69 253
39990: -73 -102 -70 302
40022: -73 -137 -67 160
40034: -80 -103 -65 57
40036: -80 -103 -67 155
40037: -80 -103 -68 204
40038: -80 -103 -69 253
40039: -80 -103 -70 302
40082: -87 -104 -64 8
40083: -87 -104 -65 57
40085: -87 -104 -67 155
40086: -87 -104 -68 204
40087: -87 -104 -69 253
40088: -87 -104 -70 302
40131: -94 -105 -64 8
40132: -94 -105 -65 57
40134: -94 -105 -67 155
40135: -94 -105 -68 204
40136: -94 -105 -69 253
40301: -115 -122 -115 116
40322: -115 -143 -115 119
40344: -122 -116 -116 164
40505: -143 -133 -116 166
40537: -150 -113 -162 24
40552: -150 -127 -163 75
40554: -150 -127 -165 173
40555: -150 -127 -166 222
40556: -150 -127 -167 271
40562: -150 -134 -166 223
40565: -150 -141 -162 28
40594: -157 -121 -163 74
40597: -157 -121 -166 221
40598: -157 -121 -167 270
40599: -157 -121 -168 319
40630: -164 -108 -164 121
40644: -164 -122 -164 123
40719: -178 -103 -162 22
40723: -178 -103 -166 218
40729: -178 -110 -165 170
40730: -178 -110 -166 219
40733: -178 -117 -162 24
40751: -178 -131 -166 222
40768: -185 -104 -162 22
40769: -185 -104 -163 71
40775: -185 -111 -162 23
40817: -192 -105 -162 22
40824: -192 -112 -162 23
40876: -199 -106 -214 177
40892: -199 -120 -216 277
40893: -199 -120 -217 326
40904: -199 -134 -214 181
40911: -199 -141 -214 182
40939: -206 -121 -214 179
41016: -220 -102 -214 176
41030: -220 -116 -214 178
41044: -220 -130 -214 180
41058: -220 -144 -214 182
41236: -248 -120 -266 333
41282: -255 -121 -263 186
41287: -255 -128 -261 89
41301: -255 -142 -261 91
41306: -255 -142 -266 336
41359: -269 -102 -263 183
41409: -276 -103 -264 232
41530: -290 -126 -266 333
41537: -290 -133 -266 334
41544: -290 -140 -266 335
41576: -297 -120 -312 193
41666: -311 -115 -311 143
41752: -325 -103 -313 239
41797: -332 -104 -309 43
41811: -332 -118 -309 45
42095: -32 -152 -26 197
42102: -32 -159 -26 198
42109: -32 -166 -26 199
42116: -32 -173 -26 200
42123: -32 -180 -26 201
42130: -32 -187 -26 202
42137: -32 -194 -26 203
42253: -53 -162 -72 59
42256: -53 -162 -75 206
42257: -53 -162 -76 255
42258: -53 -162 -77 304
42260: -53 -169 -72 60
42263: -53 -169 -75 207
42264: -53 -169 -76 256
42265: -53 -169 -77 305
42275: -53 -183 -73 111
42279: -53 -183 -77 307
42284: -53 -190 -75 210
42285: -53 -190 -76 259
42286: -53 -190 -77 308
42315: -60 -177 -71 12
42336: -67 -150 -71 8
42366: -67 -178 -73 110
42369: -67 -178 -76 257
42370: -67 -178 -77 306
42483: -88 -153 -71 8
42511: -88 -181 -71 12
42513: -88 -181 -73 110
42532: -95 -154 -71 8
42560: -95 -182 -71 12
42562: -95 -182 -73 110
42565: -95 -182 -76 257
42590: -102 -155 -122 114
42592: -102 -155 -124 212
42594: -102 -155 -126 310
42617: -102 -183 -121 69
42630: -109 -149 -120 15
42638: -109 -156 -121 65
42652: -109 -170 -121 67
42659: -109 -177 -121 68
42666: -109 -184 -121 69
42673: -109 -191 -121 70
42680: -116 -150 -121 64
42707: -116 -178 -120 19
42785: -130 -159 -121 65
42813: -130 -187 -121 69
42820: -130 -194 -121 70
42826: -137 -153 -120 15
42846: -137 -167 -126 311
42856: -137 -181 -122 117
42862: -137 -188 -121 69
42881: -144 -154 -126 309
42904: -144 -182 -121 68
42905: -144 -182 -122 117
42995: -158 -170 -170 74
43023: -165 -150 -170 71
43030: -165 -157 -170 72
43051: -165 -178 -170 75
43116: -172 -193 -172 175
43198: -186 -181 -170 75
43199: -186 -181 -171 124
43217: -186 -195 -175 322
43245: -193 -175 -175 319
43248: -193 -182 -171 124
43316: -207 -149 -218 29
43317: -207 -149 -219 78
43318: -207 -149 -220 127
43320: -207 -149 -222 225
43321: -207 -149 -223 274
43322: -207 -149 -224 323
43346: -207 -177 -220 131
43365: -214 -150 -218 29
43366: -214 -150 -219 78
43367: -214 -150 -220 127
43369: -214 -150 -222 225
43370: -214 -150 -223 274
43371: -214 -150 -224 323
43417: -221 -151 -221 176
43512: -235 -153 -218 29
43513: -235 -153 -219 78
43514: -235 -153 -220 127
43516: -235 -153 -222 225
43517: -235 -153 -223 274
43518: -235 -153 -224 323
43561: -242 -154 -218 29
43562: -242 -154 -219 78
43563: -242 -154 -220 127
43565: -242 -154 -222 225
43566: -242 -154 -223 274
43567: -242 -154 -224 323
43590: -242 -182 -219 82
43630: -249 -162 -273 332
43653: -249 -190 -268 91
43657: -249 -190 -272 287
43667: -256 -156 -268 86
43692: -256 -177 -272 285
43693: -256 -177 -273 334
43741: -263 -178 -272 285
43742: -263 -178 -273 334
43781: -270 -172 -270 186
43854: -277 -194 -273 336
43904: -291 -154 -267 36
43908: -291 -154 -271 232
43933: -291 -182 -268 89
43934: -291 -182 -269 138
43937: -291 -182 -272 285
43965: -298 -155 -321 289
43972: -298 -162 -321 290
43979: -298 -169 -321 291
43986: -298 -176 -321 292
43993: -298 -183 -321 293
43994: -298 -183 -322 342
44008: -305 -149 -322 337
44010: -305 -156 -317 93
44034: -305 -177 -320 243
44035: -305 -177 -321 292
44036: -305 -177 -322 341
44042: -305 -184 -321 293
44056: -312 -150 -321 288
44057: -312 -150 -322 337
44084: -312 -178 -321 292
44094: -312 -192 -317 98
44095: -312 -192 -318 147
44103: -319 -151 -319 190
44124: -319 -172 -319 193
44145: -319 -193 -319 196
44195: -326 -194 -320 245
44196: -326 -194 -321 294
44198: -333 -153 -316 43
44202: -333 -153 -320 239
44203: -333 -153 -321 288
44210: -333 -160 -321 289
44217: -333 -167 -321 290
44219: -333 -174 -316 46
44224: -333 -174 -321 291
44231: -333 -181 -321 292
44252: -340 -154 -321 288
44446: -26 -200 -32 148
44453: -26 -207 -32 149
44460: -26 -214 -32 150
44467: -26 -221 -32 151
44474: -26 -228 -32 152
44481: -26 -235 -32 153
44488: -26 -242 -32 154
44674: -54 -232 -78 13
44680: -54 -232 -84 307
44681: -54 -239 -78 14
44802: -75 -214 -80 108
44803: -75 -214 -81 157
44846: -82 -208 -82 205
44867: -82 -229 -82 208
44933: -96 -203 -78 8
44992: -103 -204 -130 163
45054: -110 -219 -129 116
45057: -110 -219 -132 263
45058: -110 -219 -133 312
45144: -124 -214 -128 66
45164: -124 -235 -127 20
45196: -131 -215 -131 213
45203: -131 -222 -131 214
45227: -138 -202 -127 15
45249: -138 -223 -128 67
45250: -138 -223 -129 116
45253: -138 -223 -132 263
45254: -138 -223 -133 312
45276: -145 -203 -127 15
45281: -145 -203 -132 260
45282: -145 -203 -133 309
45298: -145 -224 -128 67
45299: -145 -224 -129 116
45302: -145 -224 -132 263
45374: -159 -198 -176 22
45375: -159 -198 -177 71
45376: -159 -198 -178 120
45377: -159 -198 -179 169
45379: -159 -198 -181 267
45380: -159 -198 -182 316
45423: -166 -199 -176 22
45424: -166 -199 -177 71
45425: -166 -199 -178 120
45426: -166 -199 -179 169
45428: -166 -199 -181 267
45429: -166 -199 -182 316
45525: -180 -201 -180 218
45546: -180 -222 -180 221
45553: -180 -229 -180 222
45570: -187 -202 -176 22
45571: -187 -202 -177 71
45572: -187 -202 -178 120
45573: -187 -202 -179 169
45575: -187 -202 -181 267
45576: -187 -202 -182 316
45592: -187 -223 -177 74
45599: -187 -230 -177 75
45619: -194 -203 -176 22
45620: -194 -203 -177 71
45621: -194 -203 -178 120
45622: -194 -203 -179 169
45624: -194 -203 -181 267
45625: -194 -203 -182 316
45641: -194 -224 -177 74
45648: -194 -231 -177 75
45746: -208 -226 -226 82
45910: -229 -243 -229 231
45996: -243 -231 -231 327
46061: -257 -198 -275 85
46063: -257 -198 -277 183
46066: -257 -198 -280 330
46087: -257 -219 -280 333
46109: -264 -199 -274 36
46135: -264 -220 -279 284
46136: -264 -220 -280 333
46167: -271 -207 -276 135
46174: -271 -214 -276 136
46195: -271 -235 -276 139
46206: -271 -242 -280 336
46277: -285 -223 -274 39
46305: -292 -203 -274 36
46395: -299 -232 -329 342
46429: -306 -219 -328 291
46478: -313 -220 -328 291
46479: -313 -220 -329 340
46495: -313 -241 -324 98
46511: -320 -207 -326 191
46518: -320 -214 -326 192
46539: -320 -235 -326 195
46561: -327 -208 -327 240
46582: -327 -229 -327 243
46596: -327 -243 -327 245
46599: -334 -202 -323 43
46600: -334 -202 -324 92
46619: -334 -216 -329 339
46621: -334 -223 -324 95
46622: -334 -223 -325 144
46625: -334 -223 -328 291
46626: -334 -223 -329 340
46627: -334 -230 -323 47
46633: -334 -230 -329 341
46669: -341 -224 -323 46
46997: -48 -252 -42 295
47004: -48 -259 -42 296
47011: -48 -266 -42 297
47018: -48 -273 -42 298
47025: -48 -280 -42 299
47032: -48 -287 -42 300
47039: -48 -294 -42 301
47061: -55 -267 -85 11
47193: -76 -249 -91 302
47194: -76 -256 -85 9
47278: -83 -292 -85 14
47297: -90 -258 -90 254
47311: -90 -272 -90 256
47318: -90 -279 -90 257
47332: -90 -293 -90 259
47438: -111 -247 -140 309
47640: -139 -258 -139 261
47647: -139 -265 -139 262
47668: -139 -286 -139 265
47675: -139 -293 -139 266
47685: -146 -259 -135 65
47737: -153 -253 -187 219
47744: -153 -260 -187 220
47757: -153 -274 -186 173
47758: -153 -274 -187 222
47768: -153 -288 -183 28
47775: -160 -247 -183 22
47819: -160 -289 -185 126
47859: -167 -283 -183 27
47870: -167 -290 -187 224
47921: -174 -291 -189 322
47922: -181 -250 -183 22
47924: -181 -250 -185 120
47925: -181 -250 -186 169
47926: -181 -250 -187 218
47939: -181 -264 -186 171
47953: -181 -278 -186 173
47961: -181 -285 -187 223
47966: -181 -292 -185 126
47967: -181 -292 -186 175
47968: -181 -292 -187 224
47997: -188 -272 -188 270
48011: -188 -286 -188 272
48033: -195 -259 -189 317
48040: -195 -266 -189 318
48047: -195 -273 -189 319
48054: -195 -280 -189 320
48076: -202 -253 -232 30
48079: -202 -253 -235 177
48086: -202 -260 -235 178
48091: -202 -267 -233 81
48107: -202 -281 -235 181
48121: -209 -247 -235 176
48125: -209 -254 -232 30
48161: -209 -289 -233 84
48166: -209 -289 -238 329
48216: -223 -249 -232 29
48219: -223 -249 -235 176
48226: -223 -256 -235 177
48233: -223 -263 -235 178
48247: -223 -277 -235 180
48254: -223 -284 -235 181
48261: -223 -291 -235 182
48326: -237 -258 -237 275
48340: -237 -272 -237 277
48347: -237 -279 -237 278
48354: -237 -286 -237 279
48361: -237 -293 -237 280
48493: -258 -275 -285 236
48507: -258 -289 -285 238
48603: -272 -291 -283 140
48605: -272 -291 -285 238
48652: -279 -292 -283 140
48683: -286 -272 -286 284
48704: -286 -293 -286 287
48804: -307 -247 -330 43
48805: -307 -247 -331 92
48806: -307 -247 -332 141
48807: -307 -247 -333 190
48808: -307 -247 -334 239
48810: -307 -247 -336 337
48853: -314 -248 -330 43
48854: -314 -248 -331 92
48855: -314 -248 -332 141
48856: -314 -248 -333 190
48857: -314 -248 -334 239
48859: -314 -248 -336 337
48902: -321 -249 -330 43
48903: -321 -249 -331 92
48904: -321 -249 -332 141
48905: -321 -249 -333 190
48906: -321 -249 -334 239
48908: -321 -249 -336 337
48951: -328 -250 -330 43
48952: -328 -250 -331 92
48953: -328 -250 -332 141
48954: -328 -250 -333 190
48955: -328 -250 -334 239
48957: -328 -250 -336 337
49005: -335 -251 -335 288
49348: -42 -300 -48 246
49355: -42 -307 -48 247
49362: -42 -314 -48 248
49369: -42 -321 -48 249
49376: -42 -328 -48 250
49383: -42 -335 -48 251
49390: -42 -342 -48 252
49456: -56 -309 -93 59
49460: -56 -309 -97 255
49462: -56 -316 -92 11
49539: -70 -297 -92 8
49560: -70 -318 -92 11
49583: -70 -339 -94 112
49591: -77 -298 -95 155
49595: -77 -305 -92 9
49597: -77 -305 -94 107
49609: -77 -319 -92 11
49625: -77 -333 -94 111
49637: -84 -299 -92 8
49665: -84 -327 -92 12
49669: -84 -327 -96 208
49748: -98 -308 -98 303
49793: -105 -302 -143 114
49796: -105 -302 -146 261
49892: -119 -304 -144 163
49955: -126 -319 -144 165
49968: -126 -333 -143 118
49980: -133 -299 -141 15
50012: -133 -327 -145 215
50016: -133 -334 -142 69
50017: -133 -334 -143 118
50039: -140 -307 -144 163
50105: -147 -322 -147 312
50126: -147 -343 -147 315
50138: -154 -302 -194 219
50145: -154 -309 -194 220
50158: -154 -323 -193 173
50160: -154 -323 -195 271
50169: -154 -337 -190 28
50176: -161 -296 -190 22
50180: -161 -296 -194 218
50194: -161 -310 -194 220
50214: -161 -331 -193 174
50225: -168 -297 -190 22
50257: -168 -325 -194 222
50263: -168 -332 -193 174
50309: -175 -333 -190 27
50323: -182 -299 -190 22
50327: -182 -299 -194 218
50334: -182 -306 -194 219
50359: -182 -334 -191 76
50362: -182 -334 -194 223
50369: -182 -341 -194 224
50384: -189 -307 -195 268
50455: -196 -329 -196 320
50462: -196 -336 -196 321
50469: -196 -343 -196 322
50480: -203 -302 -242 177
50487: -203 -309 -242 178
50493: -203 -316 -241 130
50495: -203 -316 -243 228
50496: -203 -316 -244 277
50557: -210 -331 -242 181
50558: -210 -331 -243 230
50564: -210 -338 -242 182
50607: -217 -332 -243 230
50620: -224 -298 -242 176
50627: -224 -305 -242 177
50648: -224 -326 -242 180
50655: -224 -333 -242 181
50662: -224 -340 -242 182
50739: -238 -321 -242 179
50741: -238 -321 -244 277
50812: -245 -343 -245 329
50862: -259 -296 -288 36
50863: -259 -296 -289 85
50864: -259 -296 -290 134
50865: -259 -296 -291 183
50866: -259 -296 -292 232
50867: -259 -296 -293 281
50911: -266 -297 -288 36
50912: -266 -297 -289 85
50913: -266 -297 -290 134
50914: -266 -297 -291 183
50915: -266 -297 -292 232
50916: -266 -297 -293 281
50960: -273 -298 -288 36
50961: -273 -298 -289 85
50962: -273 -298 -290 134
50963: -273 -298 -291 183
50964: -273 -298 -292 232
50965: -273 -298 -293 281
51009: -280 -299 -288 36
51010: -280 -299 -289 85
51011: -280 -299 -290 134
51012: -280 -299 -291 183
51013: -280 -299 -292 232
51014: -280 -299 -293 281
51113: -294 -301 -294 330
51148: -294 -336 -294 335
51155: -294 -343 -294 336
51205: -308 -296 -337 43
51221: -308 -310 -339 143
51243: -308 -331 -340 195
51244: -308 -331 -341 244
51255: -315 -297 -338 92
51304: -322 -298 -338 92
51305: -322 -298 -339 141
51307: -322 -298 -341 239
51318: -322 -312 -338 94
51321: -322 -312 -341 241
51353: -329 -299 -338 92
51355: -329 -299 -340 190
51360: -329 -306 -338 93
51375: -329 -320 -339 144
51532: -16 -23
51533: -16 -30
51534: -16 -37
51535: -16 -44
51549: -10 -17
51550: -10 -24
51551: -10 -31
51552: -10 -38
51553: -10 -45
51583: -32 -39
51584: -32 -46
51602: -26 -33
51603: -26 -40
51604: -26 -47
51651: -42 -49
51660: -57 -71
51662: -57 -85
51664: -64 -71
51668: -71 -78
51669: -71 -85
51670: -71 -92
51671: -78 -85
51673: -85 -92
51674: 50 57 64 71 78 85 92
51685: -58 -93
51689: -65 -93
51696: 51 58 65 72 79 86 93
51713: -73 -87
51714: -73 -94
51718: 52 59 66 73 80 87 94
51719: -53 -60
51720: -53 -67
51721: -53 -74
51722: -53 -81
51723: -53 -88
51724: -53 -95
51740: 53 60 67 74 81 88 95
51744: -54 -82
51745: -54 -89
51746: -54 -96
51761: -89 -96
51762: 54 61 68 75 82 89 96
51763: -55 -62
51764: -55 -69
51765: -55 -76
51766: -55 -83
51767: -55 -90
51772: -62 -90
51774: -69 -76
51775: -69 -83
51777: -69 -97
51784: 55 62 69 76 83 90 97
51785: -56 -63
51786: -56 -70
51788: -56 -84
51789: -56 -91
51790: -56 -98
51793: -63 -84
51796: -70 -77
51797: -70 -84
51801: -77 -91
51802: -77 -98
51803: -84 -91
51806: 56 63 70 77 84 91 98
51814: -106 -120
51818: -113 -120
51819: -113 -127
51822: -120 -127
51823: -120 -134
51825: -127 -134
51826: -127 -141
51827: -134 -141
51828: 99 106 113 120 127 134 141
51850: 100 107 114 121 128 135 142
51858: -108 -122
51872: 101 108 115 122 129 136 143
51873: -102 -109
51875: -102 -123
51876: -102 -130
51878: -102 -144
51882: -109 -137
51894: 102 109 116 123 130 137 144
51901: -110 -117
51907: -117 -131
51915: -138 -145
51916: 103 110 117 124 131 138 145
51917: -104 -111
51918: -104 -118
51919: -104 -125
51921: -104 -139
51924: -111 -125
51925: -111 -132
51938: 104 111 118 125 132 139 146
51939: -105 -112
51940: -105 -119
51941: -105 -126
51943: -105 -140
51946: -112 -126
51950: -119 -126
51951: -119 -133
51954: -126 -133
51960: 105 112 119 126 133 140 147
51968: -155 -169
51970: -155 -183
51971: -155 -190
51972: -162 -169
51973: -162 -176
51974: -162 -183
51975: -162 -190
51977: -169 -183
51980: -176 -190
51982: 148 155 162 169 176 183 190
51983: -149 -156
51984: -149 -163
51985: -149 -170
51986: -149 -177
51987: -149 -184
51988: -149 -191
51990: -156 -170
51991: -156 -177
51994: -163 -170
51995: -163 -177
51996: -163 -184
51997: -163 -191
51998: -170 -177
52000: -170 -191
52001: -177 -184
52003: -184 -191
52004: 149 156 163 170 177 184 191
52005: -150 -157
52006: -150 -164
52007: -150 -171
52008: -150 -178
52009: -150 -185
52010: -150 -192
52011: -157 -164
52013: -157 -178
52017: -164 -178
52020: -171 -178
52023: -178 -185
52024: -178 -192
52026: 150 157 164 171 178 185 192
52031: -151 -186
52032: -151 -193
52034: -158 -172
52036: -158 -186
52038: -165 -172
52040: -165 -186
52041: -165 -193
52043: -172 -186
52045: -179 -186
52047: -186 -193
52048: 151 158 165 172 179 186 193
52055: -159 -166
52057: -159 -180
52058: -159 -187
52059: -159 -194
52062: -166 -187
52063: -166 -194
52069: -187 -194
52070: 152 159 166 173 180 187 194
52071: -153 -160
52072: -153 -167
52073: -153 -174
52074: -153 -181
52075: -153 -188
52076: -153 -195
52079: -160 -181
52080: -160 -188
52083: -167 -181
52086: -174 -181
52089: -181 -188
52090: -181 -195
52091: -188 -195
52092: 153 160 167 174 181 188 195
52093: -154 -161
52094: -154 -168
52095: -154 -175
52096: -154 -182
52097: -154 -189
52098: -154 -196
52101: -161 -182
52105: -168 -182
52108: -175 -182
52109: -175 -189
52110: -175 -196
52111: -182 -189
52112: -182 -196
52113: -189 -196
52114: 154 161 168 175 182 189 196
52124: -204 -232
52125: -204 -239
52131: -218 -232
52135: -232 -239
52136: 197 204 211 218 225 232 239
52137: -198 -205
52139: -198 -219
52140: -198 -226
52141: -198 -233
52142: -198 -240
52144: -205 -219
52148: -212 -219
52152: -219 -226
52153: -219 -233
52154: -219 -240
52158: 198 205 212 219 226 233 240
52159: -199 -206
52161: -199 -220
52162: -199 -227
52163: -199 -234
52164: -199 -241
52165: -206 -213
52166: -206 -220
52170: -213 -220
52174: -220 -227
52176: -220 -241
52180: 199 206 213 220 227 234 241
52202: 200 207 214 221 228 235 242
52211: -208 -229
52212: -208 -236
52213: -208 -243
52221: -229 -236
52224: 201 208 215 222 229 236 243
52225: -202 -209
52226: -202 -216
52227: -202 -223
52228: -202 -230
52229: -202 -237
52230: -202 -244
52232: -209 -223
52236: -216 -223
52240: -223 -230
52241: -223 -237
52242: -223 -244
52246: 202 209 216 223 230 237 244
52247: -203 -210
52248: -203 -217
52249: -203 -224
52250: -203 -231
52252: -203 -245
52254: -210 -224
52258: -217 -224
52262: -224 -231
52263: -224 -238
52264: -224 -245
52268: 203 210 217 224 231 238 245
52275: -253 -260
52276: -253 -267
52277: -253 -274
52279: -253 -288
52280: -260 -267
52281: -260 -274
52284: -267 -274
52285: -267 -281
52286: -267 -288
52289: -281 -288
52290: 246 253 260 267 274 281 288
52293: -247 -268
52294: -247 -275
52295: -247 -282
52296: -247 -289
52301: -254 -289
52305: -261 -289
52308: -268 -289
52310: -275 -289
52311: -282 -289
52312: 247 254 261 268 275 282 289
52318: -248 -290
52319: -255 -262
52321: -255 -276
52323: -255 -290
52325: -262 -276
52328: -269 -276
52329: -269 -283
52330: -269 -290
52331: -276 -283
52332: -276 -290
52333: -283 -290
52334: 248 255 262 269 276 283 290
52335: -249 -256
52336: -249 -263
52337: -249 -270
52338: -249 -277
52339: -249 -284
52340: -249 -291
52345: -256 -291
52352: -270 -291
52354: -277 -291
52355: -284 -291
52356: 249 256 263 270 277 284 291
52357: -250 -257
52358: -250 -264
52364: -257 -271
52365: -257 -278
52367: -257 -292
52370: -264 -285
52371: -264 -292
52372: -271 -278
52373: -271 -285
52374: -271 -292
52375: -278 -285
52377: -285 -292
52378: 250 257 264 271 278 285 292
52385: -258 -265
52386: -258 -272
52387: -258 -279
52388: -258 -286
52389: -258 -293
52397: -279 -286
52400: 251 258 265 272 279 286 293
52407: -259 -266
52408: -259 -273
52409: -259 -280
52416: -273 -280
52422: 252 259 266 273 280 287 294
52429: -302 -309
52430: -302 -316
52433: -302 -337
52434: -309 -316
52435: -309 -323
52437: -309 -337
52438: -316 -323
52439: -316 -330
52440: -316 -337
52441: -323 -330
52442: -323 -337
52444: 295 302 309 316 323 330 337
52445: -296 -303
52446: -296 -310
52447: -296 -317
52449: -296 -331
52450: -296 -338
52454: -303 -331
52457: -310 -324
52458: -310 -331
52461: -317 -331
52463: -324 -331
52465: -331 -338
52466: 296 303 310 317 324 331 338
52467: -297 -304
52469: -297 -318
52470: -297 -325
52471: -297 -332
52472: -297 -339
52474: -304 -318
52475: -304 -325
52476: -304 -332
52478: -311 -318
52479: -311 -325
52480: -311 -332
52483: -318 -332
52485: -325 -332
52487: -332 -339
52488: 297 304 311 318 325 332 339
52489: -298 -305
52491: -298 -319
52492: -298 -326
52493: -298 -333
52497: -305 -326
52498: -305 -333
52500: -312 -319
52504: -319 -326
52507: -326 -333
52509: -333 -340
52510: 298 305 312 319 326 333 340
52511: -299 -306
52512: -299 -313
52513: -299 -320
52514: -299 -327
52515: -299 -334
52516: -299 -341
52517: -306 -313
52520: -306 -334
52523: -313 -327
52526: -320 -327
52529: -327 -334
52531: -334 -341
52532: 299 306 313 320 327 334 341
52539: -307 -314
52540: -307 -321
52541: -307 -328
52542: -307 -335
52544: -314 -321
52545: -314 -328
52548: -321 -328
52549: -321 -335
52554: 300 307 314 321 328 335 342
52561: -308 -315
52563: -308 -329
52566: -315 -322
52571: -322 -336
52572: -322 -343
52574: -329 -343
52576: 301 308 315 322 329 336 343
52641: -107 -58 59
52647: -156 -57 11
52648: -156 -58 60
52650: -156 -60 158
52651: -156 -61 207
52652: -156 -62 256
52653: -156 -63 305
52654: -205 -57 12
52657: -205 -60 159
52658: -205 -61 208
52659: -205 -62 257
52660: -205 -63 306
52661: -254 -57 13
52664: -254 -60 160
52665: -254 -61 209
52666: -254 -62 258
52667: -254 -63 307
52668: -303 -57 14
52669: -303 -58 63
52671: -303 -60 161
52672: -303 -61 210
52673: -303 -62 259
52674: -303 -63 308
52696: -164 -113 18
52698: -164 -115 116
52699: -164 -116 165
52731: -74 -169 23
52755: -221 -172 173
52759: -270 -169 27
52766: -319 -169 28
52767: -319 -170 77
52768: -319 -171 126
52769: -319 -172 175
52771: -319 -174 273
52772: -319 -175 322
52780: -82 -225 30
52782: -82 -227 128
52785: -82 -230 275
52786: -82 -231 324
52787: -131 -225 31
52788: -131 -226 80
52791: -131 -229 227
52792: -131 -230 276
52793: -131 -231 325
52812: -278 -229 230
52813: -278 -230 279
52814: -278 -231 328
52815: -327 -225 35
52816: -327 -226 84
52817: -327 -227 133
52820: -327 -230 280
52821: -327 -231 329
52833: -90 -285 233
52834: -90 -286 282
52836: -139 -281 38
52837: -139 -282 87
52841: -139 -286 283
52843: -188 -281 39
52844: -188 -282 88
52845: -188 -283 137
52847: -188 -285 235
52850: -237 -281 40
52852: -237 -283 138
52853: -237 -284 187
52854: -237 -285 236
52869: -335 -286 287
52884: -98 -343 338
53280: -57 -10 -67 150
53281: -57 -10 -68 199
53552: -62 -259 -94 140
53553: -62 -259 -95 189
53759: -116 -162 -105 316
53811: -117 -212 -108 128
53815: -117 -212 -112 324
53824: -117 -214 -121 81
53829: -117 -214 -126 326
53978: -169 -26 -177 54
53979: -169 -26 -178 103
53983: -169 -26 -182 299
54020: -170 -74 -170 60
54060: -171 -121 -161 310
54314: -225 -32 -219 53
54319: -225 -32 -224 298
54420: -227 -131 -227 117
54679: -281 -42 -290 105
54680: -281 -42 -291 154
54720: -282 -90 -282 62
54770: -283 -139 -283 118
55014: -337 -48 -331 55
55017: -337 -48 -334 202
55681: -57 -10 -72 150
55684: -57 -10 -93 297
55840: -60 -159 -58 75
55857: -60 -161 -79 224
55952: -62 -259 -58 91
56017: -113 -16 -122 149
56019: -113 -16 -136 247
56020: -113 -16 -143 296
56156: -116 -162 -115 120
56215: -117 -212 -136 275
56379: -169 -26 -158 54
56383: -169 -26 -186 250
56384: -169 -26 -193 299
56429: -170 -75 -165 110
56492: -171 -126 -165 119
56715: -225 -32 -208 53
56719: -225 -32 -236 249
56720: -225 -32 -243 298
56958: -230 -276 -243 332
57006: -231 -325 -236 290
57079: -281 -42 -258 56
57592: -341 -241 -322 178
57886: -175 -172 -172
58431: -57 -53 -72
58504: -60 -156
58505: -60 -72
58531: -60 -159 -82
58566: -61 -79
58623: -61 -84 -93
58626: -62 -254
58627: -62 -86
58629: -62 -258
58687: -63 -303
58688: -63 -93
58736: -63 -95 -72
58913: -116 -121 -108
58934: -117 -215
59054: -119 -143
59176: -170 -158
59178: -170 -72
59179: -170 -156
59359: -174 -186
59416: -174 -189 -193
59420: -175 -193
59587: -226 -206 -215
59603: -227 -215
59645: -227 -212 -208
59725: -230 -236
59786: -231 -243
59908: -282 -258
59969: -283 -265
59972: -283 -262
60091: -285 -279
60093: -285 -236
60094: -285 -278
60258: -337 -297 -315
60273: -338 -98
60274: -338 -308
60275: -338 -63
60276: -338 -93
60335: -339 -315
60337: -339 -143
60383: -339 -312 -322
60395: -340 -196
60396: -340 -322
60456: -341 -245
60459: -341 -243
60489: -341 -244 -280
60505: -341 -326 -322
60578: 1
60579: 10
60580: 16
60581: 26
60582: 32
60583: 42