4 1 2
UNSAT
6: -2 -3
7: -2 -4
8: -2 -5
9: -2 -6
10: -2 -7
33: -10 -11
59: -18 -19
107: -33 -35
153: 43 44 45 46 47 48 49
219: 64 65 66 67 68 69 70
222: -71 -74
263: 78 79 80 81 82 83 84
285: 85 86 87 88 89 90 91
291: -92 -98
307: 92 93 94 95 96 97 98
329: 99 100 101 102 103 104 105
355: -113 -117
399: -127 -131
417: 127 128 129 130 131 132 133
461: 141 142 143 144 145 146 147
483: 148 149 150 151 152 153 154
514: -163 -166
515: -163 -167
527: 162 163 164 165 166 167 168
576: -183 -188
590: -187 -188
613: -194 -196
637: 197 198 199 200 201 202 203
661: -211 -213
685: -218 -222
694: -220 -222
700: -222 -223
703: 218 219 220 221 222 223 224
718: -227 -231
724: -230 -231
725: 225 226 227 228 229 230 231
778: -247 -250
782: -248 -250
791: 246 247 248 249 250 251 252
797: -253 -259
802: -254 -259
835: 260 261 262 263 264 265 266
857: 267 268 269 270 271 272 273
858: -274 -275
859: -274 -276
883: -281 -285
901: 281 282 283 284 285 286 287
923: 288 289 290 291 292 293 294
945: 295 296 297 298 299 300 301
1011: 316 317 318 319 320 321 322
1013: -323 -325
1015: -323 -327
1016: -323 -328
1035: -330 -332
1048: -332 -336
1055: 330 331 332 333 334 335 336
1520: -52 -106 -2 57
1528: -52 -107 -10 64
1551: -52 -110 -33 78
1560: -52 -111 -42 92
1958: -102 -168 -48 134
2335: -152 -222 -33 176
2402: -154 -316 -2 155
2520: -198 -81 -22 197
2540: -198 -83 -42 239
2546: -198 -84 -48 232
2557: -199 -128 -10 211
2565: -199 -129 -18 218
2569: -199 -130 -22 197
2589: -199 -132 -42 239
2595: -199 -133 -48 232
2712: -202 -276 -18 218
2761: -203 -325 -18 218
2785: -203 -328 -42 239
2892: -248 -134 -2 253
2932: -248 -139 -42 288
2941: -249 -183 -2 253
3021: -250 -236 -33 274
3030: -250 -237 -42 288
3036: -250 -238 -48 281
3194: -296 -93 -10 309
3206: -296 -95 -22 295
3217: -296 -96 -33 323
3226: -296 -97 -42 337
3232: -296 -98 -48 330
4216: -107 -64 -52 114
4412: -111 -260 -52 114
4452: -111 -266 -92 100
4461: -112 -309 -52 114
4608: -157 -120 -52 163
4635: -157 -124 -79 156
4642: -157 -125 -86 156
4648: -157 -126 -92 149
5087: -208 -230 -90 233
5095: -208 -231 -98 240
5503: -259 -332 -65 254
5508: -259 -332 -70 289
5531: -259 -336 -93 254
6055: -18 -152 -127 3
7098: -165 -175 -141 150
7130: -166 -221 -124 178
7280: -211 -33 -127 199
7281: -211 -33 -128 206
7282: -211 -33 -129 213
7283: -211 -33 -130 220
7285: -211 -33 -132 234
7286: -211 -33 -133 241
7491: -215 -231 -142 206
7637: -260 -42 -141 248
7641: -260 -42 -145 276
7973: -309 -48 -134 297
7975: -309 -48 -136 311
7977: -309 -48 -138 325
8288: -22 -2 -155 4
8289: -22 -2 -156 11
8292: -22 -2 -159 32
8293: -22 -2 -160 39
8294: -22 -2 -161 46
8641: -71 -10 -165 74
8643: -71 -10 -167 88
9561: -174 -267 -154 193
9609: -175 -316 -153 186
9776: -220 -130 -173 228
9888: -222 -230 -187 228
9895: -222 -231 -194 228
10041: -267 -42 -193 270
10377: -316 -48 -186 319
10885: -33 -198 -204 5
10887: -33 -198 -206 19
10892: -33 -199 -211 5
10919: -33 -202 -238 47
11043: -78 -10 -215 82
11389: -127 -18 -218 103
11390: -127 -18 -219 110
11393: -127 -18 -222 131
11712: -176 -22 -198 159
11716: -176 -22 -202 187
11717: -176 -22 -203 194
12240: -228 -181 -236 229
12247: -228 -182 -243 229
12382: -231 -327 -231 243
12439: -274 -42 -239 250
12443: -274 -42 -243 278
12775: -323 -48 -232 299
12777: -323 -48 -234 313
12779: -323 -48 -236 327
13440: -85 -10 -260 55
13445: -85 -10 -265 90
13587: -88 -157 -260 55
14030: -139 -262 -262 118
14113: -183 -22 -247 160
14675: -236 -228 -270 223
14676: -236 -228 -271 230
14784: -238 -328 -281 202
15736: -48 -247 -302 7
15743: -48 -248 -309 7
15749: -48 -248 -315 49
15757: -48 -250 -323 7
15763: -48 -250 -329 49
15845: -92 -10 -313 84
15847: -92 -10 -315 98
16114: -97 -259 -337 56
16156: -98 -307 -330 56
16196: -141 -18 -321 140
16197: -141 -18 -322 147
16271: -143 -113 -298 126
16514: -190 -22 -296 161
16712: -194 -218 -298 175
16884: -239 -33 -323 203
16889: -239 -33 -328 238
17070: -243 -227 -313 231
17076: -243 -228 -319 224
17579: -337 -48 -332 315
18044: -22 -2 -55 39
18045: -22 -2 -56 46
20146: -323 -296 -92 5
20153: -323 -297 -141 5
20300: -2 -10 -99 50
20301: -2 -10 -100 57
20302: -2 -10 -101 64
20304: -2 -10 -103 78
20305: -2 -10 -104 85
22043: -247 -259 -330 50
22045: -247 -259 -332 64
22192: -268 -259 -332 67
22349: -296 -302 -48 85
22381: -296 -307 -290 64
22757: -10 -18 -148 100
22758: -10 -18 -149 107
22762: -10 -18 -153 135
23062: -52 -68 -208 127
23765: -157 -162 -22 100
23793: -157 -166 -218 100
23800: -157 -167 -267 100
23806: -157 -167 -273 142
23807: -157 -168 -316 100
24995: -332 -309 -48 139
25026: -332 -314 -289 111
25030: -332 -314 -293 139
25187: -18 -22 -2 157
25973: -130 -120 -18 173
26670: -228 -220 -127 152
26823: -249 -269 -140 190
27715: -33 -33 -199 215
27716: -33 -33 -200 222
27718: -33 -33 -202 236
27719: -33 -33 -203 243
28295: -117 -130 -163 206
28325: -124 -127 -18 221
28467: -138 -133 -314 237
28510: -145 -132 -266 245
28518: -152 -176 -22 197
28763: -187 -176 -22 202
28812: -194 -176 -22 203
29043: -222 -230 -274 200
29050: -222 -231 -323 200
29210: -250 -274 -42 239
29832: -334 -328 -293 237
30227: -48 -42 -296 259
30228: -48 -42 -297 266
30230: -48 -42 -299 280
30232: -48 -42 -301 294
30354: -69 -88 -157 262
30519: -90 -90 -259 293
30579: -104 -134 -18 267
30604: -104 -138 -211 246
30800: -132 -138 -211 250
30856: -139 -139 -260 251
30961: -153 -189 -316 246
31066: -174 -183 -22 249
31115: -181 -183 -22 250
31213: -195 -183 -22 252
31291: -202 -236 -226 253
31292: -202 -236 -227 260
31293: -202 -236 -228 267
31491: -230 -236 -230 285
31905: -293 -281 -42 294
32051: -314 -330 -48 283
32164: -328 -332 -147 292
32177: -328 -334 -244 285
32572: -42 -48 -247 307
32573: -42 -48 -248 314
32575: -42 -48 -250 328
32576: -42 -48 -251 335
33005: -105 -145 -211 295
33054: -112 -145 -211 296
33201: -133 -145 -211 299
33355: -154 -195 -267 295
33446: -168 -194 -218 297
33693: -203 -243 -227 309
33863: -231 -239 -33 327
34004: -245 -245 -328 336
34798: -15 -10 -2 51
34854: -22 -18 -2 52
35142: -64 -10 -52 107
35198: -71 -18 -52 108
35261: -78 -33 -52 110
35324: -85 -48 -52 112
35366: -92 -42 -52 111
35605: -127 -33 -102 166
35608: -127 -33 -105 313
35671: -134 -48 -105 315
35712: -141 -42 -104 265
35713: -141 -42 -105 314
35948: -176 -33 -151 173
35949: -176 -33 -152 222
35950: -176 -33 -153 271
35951: -176 -33 -154 320
36054: -190 -42 -152 223
36085: -197 -22 -197 32
36116: -204 -2 -200 176
36226: -218 -18 -198 80
36227: -218 -18 -199 129
36228: -218 -18 -200 178
36399: -239 -42 -203 328
36428: -246 -22 -246 39
36571: -267 -18 -249 185
36633: -274 -33 -248 138
36634: -274 -33 -249 187
36636: -274 -33 -251 285
36771: -295 -22 -295 46
36800: -302 -2 -296 92
36802: -302 -2 -298 190
36856: -309 -10 -296 93
36912: -316 -18 -296 94
36975: -323 -33 -296 96
36976: -323 -33 -297 145
36977: -323 -33 -298 194
36978: -323 -33 -299 243
36980: -323 -33 -301 341
37038: -330 -48 -296 98
37080: -337 -42 -296 97
37116: -2 -71 -10 102
37123: -2 -78 -10 103
37130: -2 -85 -10 104
37137: -2 -92 -10 105
38222: -163 -52 -157 120
39193: -296 -92 -302 49
39560: -10 -114 -18 150
39574: -10 -128 -18 152
39882: -52 -141 -67 161
40891: -199 -120 -215 228
40898: -199 -127 -215 229
41055: -220 -144 -211 35
41160: -241 -105 -211 29
41802: -332 -104 -314 288
41811: -332 -118 -309 45
41816: -332 -118 -314 290
41830: -332 -132 -314 292
41844: -332 -146 -314 294
41993: -18 -150 -22 1
42007: -18 -164 -22 3
42021: -18 -178 -22 5
42028: -18 -185 -22 6
43299: -200 -176 -222 229
43504: -228 -187 -224 328
43642: -249 -176 -271 236
43643: -249 -176 -272 285
43996: -298 -190 -317 98
43999: -298 -190 -320 245
44000: -298 -190 -321 294
44496: -33 -201 -33 197
44510: -33 -215 -33 199
44524: -33 -229 -33 201
44531: -33 -236 -33 202
44538: -33 -243 -33 203
45224: -131 -243 -131 217
45227: -138 -202 -127 15
45276: -145 -203 -127 15
46253: -278 -243 -278 238
46534: -320 -228 -328 292
46589: -327 -236 -327 244
46604: -334 -202 -328 288
46611: -334 -209 -328 289
46618: -334 -216 -328 290
46632: -334 -230 -328 292
46997: -48 -252 -42 295
47004: -48 -259 -42 296
47011: -48 -266 -42 297
47018: -48 -273 -42 298
47025: -48 -280 -42 299
47032: -48 -287 -42 300
47039: -48 -294 -42 301
47144: -69 -248 -91 302
47647: -139 -265 -139 262
47668: -139 -286 -139 265
48264: -223 -291 -238 329
48807: -307 -247 -333 190
48808: -307 -247 -334 239
48855: -314 -248 -332 141
48856: -314 -248 -333 190
48857: -314 -248 -334 239
48859: -314 -248 -336 337
48902: -321 -249 -330 43
48904: -321 -249 -332 141
48905: -321 -249 -333 190
48906: -321 -249 -334 239
48908: -321 -249 -336 337
48951: -328 -250 -330 43
48953: -328 -250 -332 141
48954: -328 -250 -333 190
48955: -328 -250 -334 239
49005: -335 -251 -335 288
49348: -42 -300 -48 246
49355: -42 -307 -48 247
49362: -42 -314 -48 248
49376: -42 -328 -48 250
49383: -42 -335 -48 251
49390: -42 -342 -48 252
49812: -105 -323 -141 19
49813: -105 -323 -142 68
49818: -105 -323 -147 313
50481: -203 -302 -243 226
50488: -203 -309 -243 227
50502: -203 -323 -243 229
50509: -203 -330 -243 230
50516: -203 -337 -243 231
50862: -259 -296 -288 36
50863: -259 -296 -289 85
50864: -259 -296 -290 134
50865: -259 -296 -291 183
50866: -259 -296 -292 232
50867: -259 -296 -293 281
51514: -22 -29
51515: -22 -36
51516: -22 -43
51526: -2 -44
51552: -10 -38
51553: -10 -45
51577: -18 -32
51578: -18 -39
51579: -18 -46
51606: -33 -47
51651: -42 -49
51674: 50 57 64 71 78 85 92
51698: -52 -66
51700: -52 -80
51701: -52 -87
51702: -52 -94
51755: -68 -96
51761: -89 -96
51822: -120 -127
51825: -127 -134
51828: 99 106 113 120 127 134 141
51847: -128 -135
51859: -108 -129
51895: -103 -110
51916: 103 110 117 124 131 138 145
51920: -104 -132
51927: -111 -146
51938: 104 111 118 125 132 139 146
51947: -112 -133
51982: 148 155 162 169 176 183 190
52053: -152 -187
52070: 152 159 166 173 180 187 194
52092: 153 160 167 174 181 188 195
52114: 154 161 168 175 182 189 196
52135: -232 -239
52136: 197 204 211 218 225 232 239
52141: -198 -233
52142: -198 -240
52159: -199 -206
52180: 199 206 213 220 227 234 241
52184: -200 -228
52224: 201 208 215 222 229 236 243
52227: -202 -223
52228: -202 -230
52230: -202 -244
52240: -223 -230
52243: -230 -237
52246: 202 209 216 223 230 237 244
52248: -203 -217
52249: -203 -224
52250: -203 -231
52251: -203 -238
52266: -231 -245
52277: -253 -274
52284: -267 -274
52290: 246 253 260 267 274 281 288
52296: -247 -289
52314: -248 -262
52317: -248 -283
52318: -248 -290
52337: -249 -270
52340: -249 -291
52359: -250 -271
52361: -250 -285
52362: -250 -292
52370: -264 -285
52407: -259 -266
52408: -259 -273
52409: -259 -280
52411: -259 -294
52422: 252 259 266 273 280 287 294
52431: -302 -323
52444: 295 302 309 316 323 330 337
52449: -296 -331
52480: -311 -332
52483: -318 -332
52491: -298 -319
52554: 300 307 314 321 328 335 342
52773: -33 -225 29
52774: -33 -226 78
52775: -33 -227 127
52776: -33 -228 176
52778: -33 -230 274
52779: -33 -231 323
52785: -82 -230 275
52792: -131 -230 276
52793: -131 -231 325
52836: -139 -281 38
52837: -139 -282 87
52838: -139 -283 136
52839: -139 -284 185
52840: -139 -285 234
54441: -228 -176 -199 120
54538: -230 -274 -198 85
54539: -230 -274 -199 134
54587: -231 -323 -198 92
54588: -231 -323 -199 141
54846: -285 -234 -261 80
54848: -285 -234 -263 178
56745: -226 -78 -222 155
56792: -227 -127 -208 64
56796: -227 -127 -236 260
56940: -230 -274 -215 134
56941: -230 -274 -222 183
56990: -231 -323 -222 190
57722: -2 -1 -1
58016: -2 -50
58018: -2 -57
58019: -2 -51
59117: -169 -22
59541: -226 -82
59542: -226 -208
59602: -227 -131
59603: -227 -215
59604: -227 -117
59663: -228 -180
59664: -228 -222
59665: -228 -173
59667: -228 -221
59726: -230 -285
59765: -230 -232 -33
59787: -231 -341
60093: -285 -236
60578: 2
60579: 10
60580: 18
60581: 22
60582: 33
60583: 42