4 1 1 1
UNSAT
8: -2 -5
10: -2 -7
34: -10 -12
35: -10 -13
36: -10 -14
59: -18 -19
60: -18 -20
61: -18 -21
69: -22 -26
71: -22 -28
107: -33 -35
130: -41 -42
175: 50 51 52 53 54 55 56
222: -71 -74
329: 99 100 101 102 103 104 105
351: 106 107 108 109 110 111 112
401: -127 -133
417: 127 128 129 130 131 132 133
443: -141 -145
461: 141 142 143 144 145 146 147
599: -190 -196
615: 190 191 192 193 194 195 196
637: 197 198 199 200 201 202 203
725: 225 226 227 228 229 230 231
749: -239 -241
750: -239 -242
752: -239 -244
769: 239 240 241 242 243 244 245
791: 246 247 248 249 250 251 252
901: 281 282 283 284 285 286 287
903: -288 -290
907: -288 -294
923: 288 289 290 291 292 293 294
945: 295 296 297 298 299 300 301
973: -309 -315
1012: -323 -324
1013: -323 -325
1033: 323 324 325 326 327 328 329
1077: 337 338 339 340 341 342 343
1528: -52 -107 -10 64
1536: -52 -108 -18 71
1540: -52 -109 -22 50
1551: -52 -110 -33 78
1959: -102 -168 -49 141
2449: -154 -322 -49 190
2557: -199 -128 -10 211
2588: -199 -132 -41 232
2596: -199 -133 -49 239
2716: -202 -277 -22 197
2753: -203 -324 -10 211
2761: -203 -325 -18 218
2765: -203 -326 -22 197
2792: -203 -329 -49 239
2988: -249 -189 -49 288
3135: -252 -336 -49 288
3235: -297 -141 -2 302
3243: -297 -142 -10 309
3266: -297 -145 -33 323
3284: -298 -190 -2 302
3292: -298 -191 -10 309
3304: -298 -193 -22 295
3315: -298 -194 -33 323
3323: -298 -195 -41 330
3341: -299 -240 -10 309
3349: -299 -241 -18 316
3353: -299 -242 -22 295
3364: -299 -243 -33 323
3390: -300 -289 -10 309
3398: -300 -290 -18 316
3402: -300 -291 -22 295
3413: -300 -292 -33 323
3421: -300 -293 -41 330
3429: -300 -294 -49 337
4608: -157 -120 -52 163
7496: -215 -231 -147 241
8266: -315 -341 -133 339
8273: -315 -342 -140 339
8292: -22 -2 -159 32
8293: -22 -2 -160 39
8294: -22 -2 -161 46
9687: -218 -33 -182 242
10035: -267 -41 -187 277
10037: -267 -41 -189 291
10385: -316 -49 -194 326
10667: -322 -341 -182 340
10674: -322 -342 -189 340
10892: -33 -199 -211 5
10920: -33 -203 -239 5
11190: -81 -157 -215 82
11389: -127 -18 -218 103
11712: -176 -22 -198 159
11717: -176 -22 -203 194
12786: -323 -49 -243 327
12991: -328 -288 -203 341
14113: -183 -22 -247 160
15792: -49 -297 -309 7
15806: -49 -299 -323 7
15813: -49 -300 -330 7
16191: -141 -18 -316 105
16197: -141 -18 -322 147
16514: -190 -22 -296 161
16515: -190 -22 -297 168
16518: -190 -22 -300 189
16565: -191 -71 -298 175
16890: -239 -33 -329 245
17240: -288 -41 -336 294
17400: -292 -232 -300 287
17644: -339 -141 -299 329
18042: -22 -2 -53 25
18043: -22 -2 -54 32
18044: -22 -2 -55 39
18045: -22 -2 -56 46
18342: -64 -52 -108 17
18394: -71 -52 -111 39
18395: -71 -52 -112 46
18439: -78 -52 -107 12
18440: -78 -52 -108 19
18443: -78 -52 -111 40
18444: -78 -52 -112 47
18488: -85 -52 -107 13
18489: -85 -52 -108 20
18493: -85 -52 -112 48
18538: -92 -52 -108 21
18541: -92 -52 -111 42
18891: -141 -102 -167 42
20065: -309 -298 -193 24
20066: -309 -298 -194 31
20149: -323 -296 -95 26
20153: -323 -297 -141 5
20154: -323 -297 -142 12
20158: -323 -297 -146 40
20159: -323 -297 -147 47
20161: -323 -298 -191 12
20163: -323 -298 -193 26
20165: -323 -298 -195 40
20166: -323 -298 -196 47
20179: -323 -300 -293 40
20180: -323 -300 -294 47
20300: -2 -10 -99 50
20301: -2 -10 -100 57
20302: -2 -10 -101 64
20303: -2 -10 -102 71
20304: -2 -10 -103 78
20305: -2 -10 -104 85
20306: -2 -10 -105 92
21028: -107 -107 -64 51
22388: -296 -308 -339 64
23032: -52 -64 -10 113
23765: -157 -162 -22 100
23772: -157 -163 -71 100
24088: -199 -215 -226 106
25187: -18 -22 -2 157
25482: -60 -71 -10 163
25531: -67 -71 -10 164
25678: -88 -71 -10 167
25822: -102 -126 -315 190
27190: -298 -322 -339 162
27715: -33 -33 -199 215
27717: -33 -33 -201 229
27719: -33 -33 -203 243
28517: -145 -133 -315 245
28518: -152 -176 -22 197
28616: -166 -176 -22 199
28812: -194 -176 -22 203
28860: -194 -182 -322 245
28952: -208 -231 -323 198
29050: -222 -231 -323 200
29148: -236 -231 -323 202
29209: -250 -274 -41 232
30175: -41 -41 -251 286
30918: -146 -140 -315 294
31261: -195 -189 -322 294
31992: -300 -336 -339 260
31993: -300 -336 -340 267
31994: -300 -336 -341 274
32628: -49 -49 -296 308
32629: -49 -49 -297 315
32630: -49 -49 -298 322
32632: -49 -49 -300 336
32633: -49 -49 -301 343
33320: -154 -190 -22 295
33418: -168 -190 -22 297
33565: -189 -190 -22 300
33694: -203 -243 -228 316
33999: -245 -245 -323 301
34426: -308 -341 -239 296
34475: -315 -341 -239 297
34622: -336 -341 -239 300
34742: -10 -17
34743: -10 -24
34744: -10 -31
34769: -18 -25
34770: -18 -32
34771: -18 -39
34772: -18 -46
34798: -33 -40
34799: -33 -47
34822: -41 -48
34845: 7 14 21 28 35 42 49
34858: -64 -78
34861: -71 -78
34864: -78 -85
34865: -78 -92
34933: 53 60 67 74 81 88 95
35019: -127 -141
35052: -108 -129
35054: -108 -143
35069: -102 -130
35071: -102 -144
35088: -103 -110
35110: -104 -111
35132: -105 -112
35153: 105 112 119 126 133 140 147
35173: -176 -190
35174: -183 -190
35204: -157 -164
35208: -157 -192
35263: 152 159 166 173 180 187 194
35307: 154 161 168 175 182 189 196
35328: -232 -239
35355: -199 -227
35357: -199 -241
35377: -200 -228
35417: 201 208 215 222 229 236 243
35437: -230 -244
35443: -203 -231
35455: -224 -231
35459: -231 -245
35474: -260 -274
35476: -260 -288
35481: -274 -288
35489: -247 -289
35510: -248 -283
35511: -248 -290
35526: -283 -290
35532: -249 -284
35555: -250 -292
35570: -285 -292
35624: -302 -323
35628: -309 -323
35629: -309 -330
35631: -316 -323
35634: -323 -330
35665: -297 -339
35709: -299 -341
35769: 301 308 315 322 329 336 343
35799: -197 -2 54
35806: -246 -2 55
35813: -295 -2 56
35967: -33 -226 78
35968: -33 -227 127
35969: -33 -228 176
35970: -33 -229 225
35971: -33 -230 274
35972: -33 -231 323
35979: -82 -231 324
35986: -131 -231 325
36010: -327 -227 133
36016: -41 -282 85
36017: -41 -283 134
36018: -41 -284 183
36020: -41 -286 281
36021: -41 -287 330
36065: -49 -338 92
36066: -49 -339 141
36067: -49 -340 190
36068: -49 -341 239
36069: -49 -342 288
36070: -49 -343 337
36082: -147 -341 241
36083: -147 -342 290
36089: -196 -341 242
36094: -245 -339 145
36103: -294 -341 244
37139: -119 -315 -145 245
37584: -227 -127 -198 64
37586: -227 -127 -200 162
37588: -227 -127 -202 260
37634: -228 -176 -199 120
37637: -228 -176 -202 267
37780: -231 -323 -198 92
37781: -231 -323 -199 141
37782: -231 -323 -200 190
37784: -231 -323 -202 288
37927: -283 -134 -247 64
37929: -283 -134 -249 162
37977: -284 -183 -248 120
38021: -284 -189 -292 224
38270: -339 -141 -296 64
38272: -339 -141 -298 162
38320: -340 -190 -297 120
38321: -340 -190 -298 169
38322: -340 -190 -299 218
38368: -341 -239 -296 78
38369: -341 -239 -297 127
38370: -341 -239 -298 176
38417: -342 -288 -296 85
38514: -2 -50
38516: -2 -57
38517: -2 -51
38532: -2 -52 -106
39247: -113 -101
39554: -119 -315
39615: -169 -22
39797: -173 -228
39919: -175 -340
39920: -175 -322
39978: -225 -33
40141: -227 -211 -33
40161: -228 -180
40284: -231 -243
40285: -231 -341
40324: -231 -239 -33
40344: -281 -41
40507: -283 -260 -41
40629: -285 -274 -41
40710: -337 -49
40873: -339 -309 -49
40955: -341 -329
40957: -341 -243
40995: -341 -323 -49
41076: 2
41077: 10
41078: 18
41079: 22
41080: 33
41081: 41