4 3
UNSAT
6: -2 -3
7: -2 -4
8: -2 -5
9: -2 -6
10: -2 -7
33: -10 -11
35: -10 -13
36: -10 -14
60: -18 -20
61: -18 -21
69: -22 -26
70: -22 -27
71: -22 -28
106: -33 -34
108: -34 -35
129: -40 -42
153: 43 44 45 46 47 48 49
241: 71 72 73 74 75 76 77
289: -92 -96
307: 92 93 94 95 96 97 98
329: 99 100 101 102 103 104 105
351: 106 107 108 109 110 111 112
395: 120 121 122 123 124 125 126
407: -129 -130
417: 127 128 129 130 131 132 133
456: -144 -146
461: 141 142 143 144 145 146 147
477: -151 -152
478: -151 -153
479: -151 -154
480: -152 -153
481: -152 -154
482: -153 -154
483: 148 149 150 151 152 153 154
516: -163 -168
527: 162 163 164 165 166 167 168
546: -173 -174
548: -174 -175
549: 169 170 171 172 173 174 175
552: -176 -179
553: -176 -180
554: -176 -181
555: -176 -182
558: -177 -180
565: -179 -180
567: -179 -182
570: -181 -182
571: 176 177 178 179 180 181 182
572: -183 -184
574: -183 -186
575: -183 -187
576: -183 -188
577: -183 -189
588: -186 -188
593: 183 184 185 186 187 188 189
596: -190 -193
597: -190 -194
598: -190 -195
599: -190 -196
603: -191 -195
612: -194 -195
615: 190 191 192 193 194 195 196
637: 197 198 199 200 201 202 203
681: 211 212 213 214 215 216 217
703: 218 219 220 221 222 223 224
725: 225 226 227 228 229 230 231
747: 232 233 234 235 236 237 238
769: 239 240 241 242 243 244 245
787: -249 -252
791: 246 247 248 249 250 251 252
797: -253 -259
857: 267 268 269 270 271 272 273
879: 274 275 276 277 278 279 280
896: -284 -286
901: 281 282 283 284 285 286 287
923: 288 289 290 291 292 293 294
932: -296 -299
936: -297 -299
938: -297 -301
939: -298 -299
945: 295 296 297 298 299 300 301
962: -305 -307
967: 302 303 304 305 306 307 308
977: -310 -314
982: -311 -315
985: -312 -315
989: 309 310 311 312 313 314 315
1011: 316 317 318 319 320 321 322
1013: -323 -325
1017: -323 -329
1033: 323 324 325 326 327 328 329
1038: -330 -335
1048: -332 -336
1061: -337 -343
1062: -338 -339
1077: 337 338 339 340 341 342 343
1520: -52 -106 -2 57
1528: -52 -107 -10 64
1536: -52 -108 -18 71
1540: -52 -109 -22 50
1552: -52 -110 -34 85
1560: -52 -111 -42 92
1565: -52 -112 -47 78
1944: -102 -166 -34 134
1952: -102 -167 -42 141
1981: -103 -214 -22 99
1993: -103 -215 -34 134
2006: -103 -217 -47 127
2042: -104 -264 -34 134
2059: -105 -309 -2 106
2099: -105 -314 -42 141
2263: -151 -170 -10 162
2275: -151 -172 -22 148
2287: -151 -173 -34 183
2295: -151 -174 -42 190
2300: -151 -175 -47 176
2304: -152 -218 -2 155
2312: -152 -219 -10 162
2320: -152 -220 -18 169
2324: -152 -221 -22 148
2336: -152 -222 -34 183
2349: -152 -224 -47 176
2353: -153 -267 -2 155
2361: -153 -268 -10 162
2369: -153 -269 -18 169
2373: -153 -270 -22 148
2385: -153 -271 -34 183
2393: -153 -272 -42 190
2402: -154 -316 -2 155
2422: -154 -319 -22 148
2442: -154 -321 -42 190
2565: -199 -129 -18 218
2569: -199 -130 -22 197
2581: -199 -131 -34 232
2598: -200 -176 -2 204
2606: -200 -177 -10 211
2728: -202 -278 -34 232
2900: -248 -135 -10 260
2941: -249 -183 -2 253
3059: -251 -284 -22 246
3186: -296 -92 -2 302
3194: -296 -93 -10 309
3206: -296 -95 -22 295
3218: -296 -96 -34 330
3226: -296 -97 -42 337
3231: -296 -98 -47 323
3243: -297 -142 -10 309
3251: -297 -143 -18 316
3255: -297 -144 -22 295
3267: -297 -145 -34 330
3275: -297 -146 -42 337
3280: -297 -147 -47 323
3284: -298 -190 -2 302
3333: -299 -239 -2 302
3341: -299 -240 -10 309
3349: -299 -241 -18 316
3353: -299 -242 -22 295
3365: -299 -243 -34 330
3373: -299 -244 -42 337
3378: -299 -245 -47 323
4216: -107 -64 -52 114
4363: -110 -211 -52 114
4461: -112 -309 -52 114
4608: -157 -120 -52 163
4886: -204 -34 -85 198
5309: -255 -136 -67 268
5565: -302 -47 -78 296
5686: -305 -190 -52 310
5845: -308 -339 -64 296
5851: -308 -339 -70 338
6048: -18 -151 -120 3
6055: -18 -152 -127 3
6062: -18 -153 -134 3
6064: -18 -153 -136 17
6066: -18 -153 -138 31
6069: -18 -154 -141 3
6073: -18 -154 -145 31
6386: -67 -157 -115 66
6389: -67 -157 -118 87
7640: -260 -42 -144 269
8259: -315 -340 -126 339
8288: -22 -2 -155 4
8289: -22 -2 -156 11
8291: -22 -2 -158 25
8292: -22 -2 -159 32
8293: -22 -2 -160 39
8294: -22 -2 -161 46
8644: -71 -10 -168 95
8897: -76 -257 -176 53
8991: -120 -18 -172 123
8992: -120 -18 -173 130
9466: -172 -170 -157 165
9558: -174 -267 -151 172
9564: -174 -268 -157 165
9575: -174 -269 -168 193
9597: -174 -273 -190 151
9688: -218 -34 -183 200
9858: -222 -226 -157 214
9884: -222 -230 -183 200
9916: -223 -276 -166 228
9917: -223 -276 -167 235
9926: -223 -278 -176 200
9932: -223 -278 -182 242
9936: -223 -279 -186 221
9940: -223 -280 -190 200
9982: -224 -328 -183 200
10038: -267 -42 -190 249
10041: -267 -42 -193 270
10219: -271 -235 -175 291
10234: -271 -238 -190 249
10250: -272 -282 -157 263
10295: -273 -330 -153 284
10296: -273 -330 -154 291
10367: -316 -47 -176 298
10370: -316 -47 -179 319
10373: -316 -47 -182 340
10555: -320 -241 -168 340
10566: -320 -243 -179 319
10570: -320 -244 -183 298
10593: -321 -289 -157 312
10612: -321 -292 -176 298
10639: -322 -337 -154 340
10642: -322 -338 -157 312
10661: -322 -341 -176 298
10945: -34 -248 -215 33
11192: -81 -157 -217 96
11394: -127 -18 -223 138
11712: -176 -22 -198 159
11713: -176 -22 -199 166
11715: -176 -22 -201 180
11893: -179 -174 -232 152
11894: -179 -174 -233 159
11896: -179 -174 -235 173
11897: -179 -174 -236 180
11898: -179 -174 -237 187
11931: -180 -221 -221 173
12232: -228 -180 -228 222
12324: -230 -277 -222 229
12332: -230 -278 -230 236
12570: -277 -186 -223 285
12598: -278 -232 -202 285
12633: -278 -237 -237 285
12768: -323 -47 -225 299
12791: -324 -92 -199 313
12989: -328 -288 -201 327
13389: -42 -296 -258 41
13390: -42 -296 -259 48
13391: -42 -297 -260 6
13394: -42 -297 -263 27
13396: -42 -297 -265 41
13397: -42 -297 -266 48
13398: -42 -298 -267 6
13399: -42 -298 -268 13
13400: -42 -298 -269 20
13403: -42 -298 -272 41
13404: -42 -298 -273 48
13410: -42 -299 -279 41
13446: -85 -10 -266 97
13869: -136 -113 -248 118
14115: -183 -22 -249 174
14117: -183 -22 -251 188
14291: -186 -173 -278 181
14301: -186 -175 -288 153
14302: -186 -175 -289 160
14304: -186 -175 -291 174
14306: -186 -175 -293 188
14307: -186 -175 -294 195
14983: -284 -188 -284 272
15169: -330 -47 -274 300
15170: -330 -47 -275 307
15173: -330 -47 -278 328
15174: -330 -47 -279 335
15448: -336 -338 -259 342
15455: -336 -339 -266 342
15462: -336 -340 -273 342
15687: -47 -198 -302 7
15690: -47 -198 -305 28
15694: -47 -199 -309 7
15695: -47 -199 -310 14
15696: -47 -199 -311 21
15697: -47 -199 -312 28
15700: -47 -199 -315 49
15705: -47 -200 -320 35
15715: -47 -202 -330 7
15990: -95 -157 -311 70
16074: -97 -253 -297 70
16149: -98 -306 -323 56
16514: -190 -22 -296 161
16515: -190 -22 -297 168
16516: -190 -22 -298 175
16517: -190 -22 -299 182
16519: -190 -22 -301 196
16563: -191 -71 -296 161
16687: -193 -172 -322 196
16775: -195 -269 -312 175
16785: -195 -270 -322 196
16798: -195 -272 -335 189
16897: -239 -34 -336 245
16957: -241 -127 -298 224
17028: -242 -179 -320 231
17154: -245 -323 -299 231
17243: -288 -42 -339 266
17250: -289 -85 -297 266
17447: -293 -281 -298 273
17538: -294 -336 -340 273
17572: -337 -47 -325 315
17576: -337 -47 -329 343
17647: -339 -142 -302 301
17693: -340 -190 -299 329
18042: -22 -2 -53 25
18043: -22 -2 -54 32
18045: -22 -2 -56 46
18740: -120 -102 -163 11
18806: -127 -104 -264 33
19185: -183 -151 -174 41
19376: -211 -200 -176 3
20146: -323 -296 -92 5
20300: -2 -10 -99 50
20301: -2 -10 -100 57
20302: -2 -10 -101 64
20304: -2 -10 -103 78
20306: -2 -10 -105 92
21249: -135 -110 -215 83
21251: -135 -110 -217 97
21265: -135 -112 -315 97
21429: -163 -157 -122 66
21430: -163 -157 -123 73
22176: -268 -257 -232 53
22757: -10 -18 -148 100
22758: -10 -18 -149 107
22760: -10 -18 -151 121
22762: -10 -18 -153 135
22763: -10 -18 -154 142
23032: -52 -64 -10 113
23053: -52 -67 -157 113
23075: -52 -70 -305 120
23765: -157 -162 -22 100
23772: -157 -163 -71 100
23790: -157 -165 -173 128
23793: -157 -166 -218 100
23804: -157 -167 -271 128
23807: -157 -168 -316 100
23812: -157 -168 -321 135
23813: -157 -168 -322 142
24066: -199 -212 -78 99
24080: -199 -214 -176 99
24102: -199 -217 -324 106
24174: -213 -213 -130 122
24515: -262 -262 -135 108
24749: -297 -309 -47 127
24752: -297 -310 -92 99
24753: -297 -310 -93 106
24755: -297 -310 -95 120
24756: -297 -310 -96 127
24766: -297 -312 -190 99
24781: -297 -314 -289 106
24857: -311 -311 -141 101
24935: -318 -315 -338 109
25187: -18 -22 -2 157
25629: -81 -71 -10 166
25678: -88 -71 -10 167
25727: -95 -71 -10 168
25748: -95 -74 -157 168
26071: -144 -120 -18 175
26352: -179 -174 -271 180
26409: -186 -175 -321 188
26634: -221 -221 -182 193
26787: -242 -222 -230 189
26809: -249 -267 -42 190
26845: -249 -273 -330 148
27041: -277 -273 -330 152
27153: -298 -317 -92 148
27183: -298 -321 -290 162
27314: -319 -319 -190 151
27385: -326 -322 -338 159
27820: -47 -34 -248 217
27821: -47 -34 -249 224
27823: -47 -34 -251 238
27824: -47 -34 -252 245
27981: -75 -78 -10 214
28023: -75 -84 -304 214
28518: -152 -176 -22 197
28616: -166 -176 -22 199
28665: -173 -176 -22 200
28763: -187 -176 -22 202
28812: -194 -176 -22 203
28838: -194 -179 -174 238
29308: -264 -274 -42 241
29357: -271 -274 -42 242
29698: -320 -323 -47 228
29715: -320 -326 -190 200
29845: -341 -323 -47 231
30129: -34 -42 -296 257
30130: -34 -42 -297 264
30131: -34 -42 -298 271
30134: -34 -42 -301 292
30431: -83 -85 -10 264
30529: -97 -85 -10 266
30919: -153 -183 -22 246
31017: -167 -183 -22 248
31066: -174 -183 -22 249
31115: -181 -183 -22 250
31142: -181 -186 -175 292
31203: -188 -188 -271 279
31414: -223 -232 -34 284
31416: -223 -233 -78 249
32050: -314 -330 -47 276
32099: -321 -330 -47 277
32566: -42 -47 -199 314
32567: -42 -47 -200 321
32568: -42 -47 -201 328
32569: -42 -47 -202 335
32755: -70 -95 -157 311
32972: -98 -98 -304 315
32973: -98 -98 -305 322
32980: -105 -141 -18 316
33320: -154 -190 -22 295
33342: -154 -193 -170 302
33355: -154 -195 -267 295
33356: -154 -195 -268 302
33361: -154 -195 -273 337
33418: -168 -190 -22 297
33467: -175 -190 -22 298
33506: -175 -195 -271 326
33565: -189 -190 -22 300
33658: -196 -196 -318 315
33660: -196 -196 -320 329
33661: -196 -196 -321 336
33815: -224 -239 -34 333
33999: -245 -245 -323 301
34120: -266 -290 -136 311
34159: -273 -288 -42 340
34174: -273 -291 -183 298
34415: -308 -339 -144 317
34511: -322 -339 -142 305
34611: -336 -339 -144 321
34854: -22 -18 -2 52
35142: -64 -10 -52 107
35275: -78 -47 -52 112
35310: -85 -34 -52 110
35543: -120 -18 -103 213
35544: -120 -18 -104 262
35545: -120 -18 -105 311
35619: -127 -47 -102 168
35710: -141 -42 -102 167
35962: -176 -47 -151 175
35964: -176 -47 -153 273
35965: -176 -47 -154 322
35997: -183 -34 -151 173
35998: -183 -34 -152 222
36000: -183 -34 -154 320
36053: -190 -42 -151 174
36054: -190 -42 -152 223
36055: -190 -42 -153 272
36085: -197 -22 -197 32
36114: -204 -2 -198 78
36171: -211 -10 -199 128
36226: -218 -18 -198 80
36305: -225 -47 -200 182
36396: -239 -42 -200 181
36397: -239 -42 -201 230
36428: -246 -22 -246 39
36771: -295 -22 -295 46
36800: -302 -2 -296 92
36802: -302 -2 -298 190
36803: -302 -2 -299 239
36805: -302 -2 -301 337
36857: -309 -10 -297 142
36858: -309 -10 -298 191
36859: -309 -10 -299 240
36914: -316 -18 -298 192
36989: -323 -47 -296 98
36990: -323 -47 -297 147
36991: -323 -47 -298 196
36992: -323 -47 -299 245
37026: -330 -34 -298 194
37116: -2 -71 -10 102
37123: -2 -78 -10 103
37137: -2 -92 -10 105
37958: -121 -81 -110 215
37966: -121 -88 -111 265
37967: -121 -88 -112 314
37972: -121 -95 -110 217
37974: -121 -95 -112 315
38051: -135 -76 -112 312
38116: -142 -98 -107 70
38117: -142 -98 -108 119
38119: -142 -98 -110 217
38121: -142 -98 -112 315
38222: -163 -52 -157 120
38411: -184 -97 -157 126
38439: -191 -77 -157 123
38460: -191 -98 -157 126
39184: -296 -78 -307 292
39193: -296 -92 -302 49
39463: -338 -70 -306 241
39553: -10 -107 -18 149
39560: -10 -114 -18 150
39567: -10 -121 -18 151
39574: -10 -128 -18 152
39581: -10 -135 -18 153
39588: -10 -142 -18 154
39864: -52 -120 -70 305
39878: -52 -134 -70 307
40594: -157 -121 -163 74
40597: -157 -121 -166 221
40598: -157 -121 -167 270
40599: -157 -121 -168 319
40603: -157 -128 -165 173
40605: -157 -128 -167 271
40606: -157 -128 -168 320
40608: -157 -135 -163 76
40610: -157 -135 -165 174
40611: -157 -135 -166 223
40613: -157 -135 -168 321
40615: -157 -142 -163 77
40617: -157 -142 -165 175
40618: -157 -142 -166 224
40619: -157 -142 -167 273
41411: -276 -103 -266 330
41694: -311 -143 -311 147
41993: -18 -150 -22 1
42007: -18 -164 -22 3
42014: -18 -171 -22 4
42021: -18 -178 -22 5
42028: -18 -185 -22 6
42035: -18 -192 -22 7
42388: -74 -151 -74 155
42575: -95 -196 -72 63
42579: -95 -196 -76 259
42580: -95 -196 -77 308
42752: -123 -172 -123 165
42799: -130 -173 -121 67
42848: -137 -174 -121 67
42897: -144 -175 -121 67
42918: -144 -196 -121 70
42919: -144 -196 -122 119
42920: -144 -196 -123 168
42922: -144 -196 -125 266
42923: -144 -196 -126 315
42958: -151 -176 -175 320
42963: -151 -183 -173 223
43126: -179 -152 -175 316
43175: -186 -153 -175 316
43219: -193 -154 -170 71
43222: -193 -154 -173 218
43223: -193 -154 -174 267
43233: -193 -168 -170 73
43299: -200 -176 -222 229
43417: -221 -151 -221 176
43531: -235 -167 -223 276
43587: -242 -175 -223 277
43643: -249 -176 -272 285
43760: -270 -151 -270 183
43861: -284 -153 -273 330
43924: -291 -168 -273 332
44029: -305 -170 -322 340
44050: -305 -191 -322 343
44062: -312 -157 -320 240
44103: -319 -151 -319 190
44167: -326 -166 -320 241
44218: -333 -167 -322 339
44223: -333 -174 -320 242
44237: -333 -188 -320 244
44239: -333 -188 -322 342
44246: -333 -195 -322 343
44595: -47 -203 -34 246
44616: -47 -224 -34 249
44623: -47 -231 -34 250
44630: -47 -238 -34 251
44637: -47 -245 -34 252
45051: -110 -212 -133 311
45426: -166 -199 -179 169
45437: -166 -213 -176 24
45465: -166 -241 -176 28
45468: -166 -241 -179 175
45546: -180 -222 -180 221
45634: -194 -217 -177 73
45636: -194 -217 -179 171
45830: -222 -214 -226 80
45846: -222 -228 -228 180
46066: -257 -198 -280 330
46158: -271 -200 -274 36
46164: -271 -200 -280 330
46184: -271 -221 -279 284
46218: -278 -208 -278 233
46239: -278 -229 -278 236
46246: -278 -236 -278 237
46522: -320 -221 -323 46
46523: -320 -221 -324 95
46524: -320 -221 -325 144
46525: -320 -221 -326 193
46528: -320 -221 -329 340
46899: -34 -250 -42 295
46906: -34 -257 -42 296
46913: -34 -264 -42 297
46920: -34 -271 -42 298
46927: -34 -278 -42 299
46934: -34 -285 -42 300
46941: -34 -292 -42 301
47827: -167 -248 -186 169
47852: -167 -276 -183 26
47937: -181 -264 -184 73
47939: -181 -264 -186 171
47942: -181 -264 -189 318
48078: -202 -253 -234 128
48237: -223 -270 -232 32
48238: -223 -270 -233 81
48239: -223 -270 -234 130
48241: -223 -270 -236 228
48464: -258 -247 -284 183
48541: -265 -276 -284 187
48593: -272 -277 -287 334
48597: -272 -284 -284 188
48908: -321 -249 -336 337
48950: -321 -291 -336 343
49347: -42 -300 -47 197
49354: -42 -307 -47 198
49368: -42 -321 -47 200
49375: -42 -328 -47 201
49382: -42 -335 -47 202
49389: -42 -342 -47 203
49710: -91 -321 -95 158
49748: -98 -308 -98 303
49783: -98 -343 -98 308
50098: -147 -315 -147 311
50126: -147 -343 -147 315
50142: -154 -309 -191 73
50160: -154 -323 -195 271
50167: -154 -330 -195 272
50170: -154 -337 -191 77
50254: -168 -325 -191 75
50441: -196 -315 -196 318
50448: -196 -322 -196 319
50469: -196 -343 -196 322
50611: -217 -339 -240 84
50822: -252 -302 -290 135
50982: -273 -319 -289 88
50983: -273 -319 -290 137
50986: -273 -319 -293 284
51318: -322 -312 -338 94
51333: -322 -326 -339 145
51348: -322 -340 -340 196
51409: -336 -307 -338 93
51515: -22 -36
51516: -22 -43
51526: -2 -44
51549: -10 -17
51550: -10 -24
51551: -10 -31
51552: -10 -38
51553: -10 -45
51576: -18 -25
51577: -18 -32
51578: -18 -39
51579: -18 -46
51627: -34 -41
51628: -34 -48
51651: -42 -49
51674: 50 57 64 71 78 85 92
51698: -52 -66
51699: -52 -73
51700: -52 -80
51701: -52 -87
51702: -52 -94
51799: -70 -98
51802: -77 -98
51804: -84 -98
51806: 56 63 70 77 84 91 98
51828: 99 106 113 120 127 134 141
51850: 100 107 114 121 128 135 142
51872: 101 108 115 122 129 136 143
51878: -102 -144
51919: -104 -125
51920: -104 -132
51940: -105 -119
51944: -105 -147
51946: -112 -126
51979: -176 -183
51980: -176 -190
51981: -183 -190
51982: 148 155 162 169 176 183 190
51988: -149 -191
51994: -163 -170
52004: 149 156 163 170 177 184 191
52028: -151 -165
52032: -151 -193
52048: 151 158 165 172 179 186 193
52050: -152 -166
52051: -152 -173
52052: -152 -180
52053: -152 -187
52060: -166 -173
52066: -173 -194
52068: -180 -194
52070: 152 159 166 173 180 187 194
52072: -153 -167
52073: -153 -174
52074: -153 -181
52075: -153 -188
52076: -153 -195
52085: -167 -195
52089: -181 -188
52092: 153 160 167 174 181 188 195
52094: -154 -168
52095: -154 -175
52096: -154 -182
52097: -154 -189
52098: -154 -196
52104: -168 -175
52107: -168 -196
52110: -175 -196
52114: 154 161 168 175 182 189 196
52136: 197 204 211 218 225 232 239
52142: -198 -240
52156: -226 -240
52157: -233 -240
52182: -200 -214
52208: -201 -243
52218: -222 -229
52219: -222 -236
52224: 201 208 215 222 229 236 243
52227: -202 -223
52236: -216 -223
52241: -223 -237
52242: -223 -244
52290: 246 253 260 267 274 281 288
52294: -247 -275
52334: 248 255 262 269 276 283 290
52378: 250 257 264 271 278 285 292
52395: -272 -286
52400: 251 258 265 272 279 286 293
52403: -252 -273
52412: -266 -273
52416: -273 -280
52418: -273 -294
52422: 252 259 266 273 280 287 294
52429: -302 -309
52431: -302 -323
52435: -309 -323
52438: -316 -323
52444: 295 302 309 316 323 330 337
52445: -296 -303
52446: -296 -310
52447: -296 -317
52450: -296 -338
52462: -317 -338
52468: -297 -311
52469: -297 -318
52470: -297 -325
52471: -297 -332
52472: -297 -339
52473: -304 -311
52481: -311 -339
52484: -318 -339
52488: 297 304 311 318 325 332 339
52489: -298 -305
52490: -298 -312
52491: -298 -319
52492: -298 -326
52494: -298 -340
52499: -305 -340
52510: 298 305 312 319 326 333 340
52513: -299 -320
52522: -313 -320
52526: -320 -327
52539: -307 -314
52554: 300 307 314 321 328 335 342
52557: -301 -322
52570: -322 -329
52572: -322 -343
52576: 301 308 315 322 329 336 343
52710: -262 -113 20
52717: -311 -113 21
52719: -311 -115 119
52811: -278 -228 181
52813: -278 -230 279
52843: -188 -281 39
52880: -98 -339 142
52881: -98 -340 191
52886: -147 -338 94
52888: -147 -340 192
52892: -196 -337 46
52893: -196 -338 95
52894: -196 -339 144
52908: -294 -339 146
53628: -113 -18 -121 53
53631: -113 -18 -124 200
54222: -174 -271 -176 40
54441: -228 -176 -199 120
54753: -283 -136 -266 311
55006: -337 -47 -323 5
55007: -337 -47 -324 54
55008: -337 -47 -325 103
55009: -337 -47 -326 152
55011: -337 -47 -328 250
55086: -339 -142 -305 163
55127: -340 -190 -297 120
56032: -113 -18 -129 200
56609: -174 -269 -151 38
56630: -174 -272 -151 41
56731: -225 -34 -222 153
56801: -227 -128 -222 163
56948: -230 -275 -222 184
56955: -230 -276 -222 185
56976: -230 -279 -222 188
56983: -230 -280 -222 189
57081: -281 -42 -272 154
57144: -283 -135 -272 163
57361: -287 -334 -272 194
57410: -337 -47 -322 152
57487: -339 -142 -322 163
57499: -339 -144 -308 67
57538: -340 -191 -336 268
57722: -2 -1 -1
57872: -173 -172 -172
57879: -174 -172 -172
57886: -175 -172 -172
58016: -2 -50
58018: -2 -57
59117: -169 -22
59298: -173 -179
59299: -173 -228
59358: -174 -270
59359: -174 -186
59360: -174 -284
59361: -174 -272
59419: -175 -319
59420: -175 -193
59421: -175 -340
59459: -175 -190 -151
59603: -227 -215
60087: -284 -273 -293
60154: -287 -336
60239: -337 -47 -327
60273: -338 -98
60274: -338 -308
60275: -338 -63
60276: -338 -93
60277: -338 -303
60335: -339 -315
60336: -339 -119
60337: -339 -143
60396: -340 -322
60578: 2
60579: 10
60580: 18
60581: 22
60582: 34
60583: 42