5 1 1
UNSAT
6: -2 -3
7: -2 -4
8: -2 -5
9: -2 -6
10: -2 -7
34: -10 -12
35: -10 -13
36: -10 -14
60: -18 -20
61: -18 -21
85: -26 -28
92: -29 -34
93: -29 -35
130: -41 -42
197: 57 58 59 60 61 62 63
241: 71 72 73 74 75 76 77
285: 85 86 87 88 89 90 91
289: -92 -96
329: 99 100 101 102 103 104 105
373: 113 114 115 116 117 118 119
445: -141 -147
461: 141 142 143 144 145 146 147
483: 148 149 150 151 152 153 154
505: 155 156 157 158 159 160 161
549: 169 170 171 172 173 174 175
594: -190 -191
595: -190 -192
598: -190 -195
615: 190 191 192 193 194 195 196
637: 197 198 199 200 201 202 203
664: -211 -216
669: -212 -216
673: -213 -216
680: -216 -217
687: -218 -224
692: -219 -224
696: -220 -224
702: -223 -224
725: 225 226 227 228 229 230 231
726: -232 -233
752: -239 -244
769: 239 240 241 242 243 244 245
791: 246 247 248 249 250 251 252
802: -254 -259
865: -275 -277
868: -275 -280
877: -278 -280
901: 281 282 283 284 285 286 287
902: -288 -289
903: -288 -290
904: -288 -291
905: -288 -292
923: 288 289 290 291 292 293 294
936: -297 -299
945: 295 296 297 298 299 300 301
949: -302 -306
951: -302 -308
965: -306 -308
967: 302 303 304 305 306 307 308
969: -309 -311
970: -309 -312
971: -309 -313
973: -309 -315
980: -311 -313
987: -313 -315
988: -314 -315
989: 309 310 311 312 313 314 315
992: -316 -319
995: -316 -322
1009: -320 -322
1011: 316 317 318 319 320 321 322
1013: -323 -325
1015: -323 -327
1017: -323 -329
1023: -325 -326
1024: -325 -327
1026: -325 -329
1027: -326 -327
1029: -326 -329
1033: 323 324 325 326 327 328 329
1034: -330 -331
1038: -330 -335
1039: -330 -336
1042: -331 -334
1051: -333 -336
1055: 330 331 332 333 334 335 336
1069: -339 -342
1072: -340 -342
1074: -341 -342
1077: 337 338 339 340 341 342 343
1569: -53 -155 -2 57
1585: -53 -157 -18 71
1596: -53 -159 -29 50
1608: -53 -160 -41 85
1616: -53 -161 -49 92
2057: -104 -266 -49 141
2086: -105 -313 -29 99
2106: -105 -315 -49 141
2429: -154 -320 -29 148
2451: -197 -29 -2 204
2549: -199 -127 -2 204
2596: -199 -133 -49 239
2743: -202 -280 -49 239
2753: -203 -324 -10 211
2769: -203 -326 -26 225
2772: -203 -327 -29 197
2792: -203 -329 -49 239
2941: -249 -183 -2 253
3135: -252 -336 -49 288
3213: -296 -96 -29 295
3225: -296 -97 -41 330
3251: -297 -143 -18 316
3259: -297 -144 -26 323
3262: -297 -145 -29 295
3274: -297 -146 -41 330
3292: -298 -191 -10 309
3300: -298 -192 -18 316
3308: -298 -193 -26 323
3311: -298 -194 -29 295
3323: -298 -195 -41 330
3341: -299 -240 -10 309
3360: -299 -243 -29 295
3372: -299 -244 -41 330
3382: -300 -288 -2 302
3390: -300 -289 -10 309
3398: -300 -290 -18 316
3406: -300 -291 -26 323
3409: -300 -292 -29 295
3421: -300 -293 -41 330
4462: -112 -309 -53 121
5001: -207 -176 -53 219
5496: -259 -331 -58 254
5501: -259 -331 -63 289
6937: -162 -26 -127 150
7254: -211 -29 -101 213
7255: -211 -29 -102 220
7258: -211 -29 -105 241
7541: -216 -280 -143 213
7894: -266 -330 -104 283
7908: -266 -332 -118 283
7980: -309 -49 -141 297
7982: -309 -49 -143 311
7983: -309 -49 -144 318
7984: -309 -49 -145 325
7985: -309 -49 -146 332
8148: -313 -241 -113 297
8150: -313 -241 -115 311
8151: -313 -241 -116 318
8152: -313 -241 -117 325
8154: -313 -241 -119 339
8256: -315 -340 -123 318
8512: -26 -202 -183 4
8991: -120 -18 -172 123
9942: -223 -280 -192 214
9956: -224 -324 -157 214
10336: -273 -336 -194 277
10381: -316 -49 -190 298
10384: -316 -49 -193 319
10386: -316 -49 -195 333
10387: -316 -49 -196 340
10673: -322 -342 -188 333
10689: -29 -2 -204 5
10690: -29 -2 -205 12
10693: -29 -2 -208 33
10694: -29 -2 -209 40
10695: -29 -2 -210 47
12006: -182 -316 -198 159
12438: -274 -41 -238 292
12723: -280 -334 -229 278
12725: -280 -334 -231 292
12782: -323 -49 -239 299
12784: -323 -49 -241 313
12786: -323 -49 -243 327
12787: -323 -49 -244 334
12848: -325 -142 -207 320
12897: -326 -191 -207 320
12946: -327 -240 -207 320
12956: -327 -241 -217 341
13050: -329 -339 -213 313
13054: -329 -339 -217 341
13075: -329 -342 -238 341
13346: -41 -248 -264 34
13440: -85 -10 -260 55
13446: -85 -10 -266 97
13643: -89 -207 -267 55
13796: -134 -18 -273 146
14144: -183 -26 -278 181
14145: -183 -26 -279 188
14456: -232 -29 -247 209
14742: -237 -280 -288 202
15185: -330 -49 -290 314
15188: -330 -49 -293 335
15189: -330 -49 -294 342
15443: -336 -338 -254 307
15448: -336 -338 -259 342
15462: -336 -340 -273 342
15789: -49 -296 -306 35
15796: -49 -297 -313 35
15799: -49 -298 -316 7
15801: -49 -298 -318 21
15809: -49 -299 -326 28
15817: -49 -300 -334 35
15841: -92 -10 -309 56
15847: -92 -10 -315 98
15896: -93 -59 -315 98
15904: -93 -61 -323 56
16191: -141 -18 -316 105
16197: -141 -18 -322 147
16288: -143 -115 -315 147
16289: -143 -116 -316 105
16331: -144 -164 -309 105
16450: -146 -265 -330 105
16541: -190 -26 -323 154
16542: -190 -26 -324 161
16547: -190 -26 -329 196
16566: -191 -71 -299 182
16576: -191 -73 -309 154
16671: -193 -170 -306 182
16687: -193 -172 -322 196
16688: -193 -173 -323 154
16857: -239 -29 -296 210
16858: -239 -29 -297 217
16859: -239 -29 -298 224
17235: -288 -41 -331 259
17236: -288 -41 -332 266
17238: -288 -41 -334 280
17240: -288 -41 -336 294
17253: -289 -85 -300 287
17262: -289 -87 -309 252
17289: -289 -90 -336 294
17293: -289 -91 -340 273
17536: -294 -336 -338 259
17684: -339 -147 -339 315
17784: -341 -245 -341 329
18093: -29 -2 -55 40
18094: -29 -2 -56 47
18766: -120 -105 -315 46
18893: -141 -103 -211 7
19207: -183 -154 -322 48
19550: -232 -203 -329 48
20104: -316 -297 -141 4
20218: -330 -299 -241 20
20300: -2 -10 -99 50
20301: -2 -10 -100 57
20303: -2 -10 -102 71
20306: -2 -10 -105 92
21308: -142 -112 -309 56
21552: -177 -160 -273 96
21651: -191 -161 -316 56
21680: -198 -207 -177 57
21979: -240 -207 -182 98
22153: -268 -253 -41 88
22343: -289 -259 -336 98
22350: -296 -302 -49 92
22572: -324 -306 -243 82
22595: -331 -302 -49 97
22667: -338 -306 -240 63
22757: -10 -18 -148 100
22763: -10 -18 -154 142
23326: -94 -64 -10 119
23701: -143 -117 -217 147
23834: -164 -164 -126 143
24059: -199 -211 -29 99
24105: -199 -217 -327 127
24301: -227 -217 -327 131
24401: -241 -217 -329 147
24407: -248 -260 -41 134
24791: -297 -315 -341 127
24792: -297 -315 -342 134
24824: -304 -313 -241 114
24973: -325 -313 -243 131
24996: -332 -309 -49 146
25045: -339 -309 -49 147
25215: -18 -26 -198 157
25220: -18 -26 -203 192
25433: -53 -71 -10 162
26550: -207 -223 -280 191
26555: -207 -224 -327 177
26557: -207 -224 -329 191
27348: -326 -316 -49 194
27637: -26 -29 -2 207
29274: -257 -277 -183 198
29470: -285 -277 -183 202
29590: -299 -329 -338 204
29602: -306 -323 -49 240
29621: -306 -326 -194 226
29651: -313 -323 -49 241
29700: -320 -323 -49 242
29741: -320 -329 -342 235
29749: -327 -323 -49 243
29776: -327 -327 -244 236
29798: -334 -323 -49 244
29847: -341 -323 -49 245
30172: -41 -41 -248 265
30174: -41 -41 -250 279
30176: -41 -41 -252 293
30814: -132 -140 -309 250
31070: -174 -183 -26 277
31262: -202 -232 -29 246
31458: -230 -232 -29 250
31556: -244 -232 -29 252
31604: -244 -238 -329 294
32254: -342 -331 -97 287
32256: -342 -332 -141 252
32261: -342 -332 -146 287
32270: -342 -334 -239 252
32271: -342 -334 -240 259
32275: -342 -334 -244 287
32629: -49 -49 -297 315
32630: -49 -49 -298 322
32631: -49 -49 -299 329
32980: -105 -141 -18 316
33319: -147 -147 -315 343
33761: -217 -239 -29 297
33810: -224 -239 -29 298
33893: -231 -243 -231 341
34005: -245 -245 -329 343
34060: -259 -288 -41 331
34207: -280 -288 -41 334
34348: -294 -294 -336 343
34426: -308 -341 -239 296
34482: -315 -342 -288 297
34580: -329 -342 -288 299
34910: -29 -26 -2 53
35318: -85 -41 -53 160
35374: -92 -49 -53 161
35599: -127 -26 -103 214
35716: -141 -49 -101 119
35719: -141 -49 -104 266
35720: -141 -49 -105 315
36058: -190 -49 -149 77
36060: -190 -49 -151 175
36061: -190 -49 -152 224
36062: -190 -49 -153 273
36063: -190 -49 -154 322
36346: -232 -41 -199 132
36348: -232 -41 -201 230
36406: -239 -49 -203 329
36435: -246 -29 -246 40
36457: -253 -2 -247 85
36744: -288 -49 -247 91
36747: -288 -49 -250 238
36778: -295 -29 -295 47
36800: -302 -2 -296 92
36801: -302 -2 -297 141
36802: -302 -2 -298 190
36803: -302 -2 -299 239
36804: -302 -2 -300 288
36859: -309 -10 -299 240
36913: -316 -18 -297 143
36916: -316 -18 -300 290
36968: -323 -26 -296 95
36970: -323 -26 -298 193
36972: -323 -26 -300 291
37032: -330 -41 -297 146
37034: -330 -41 -299 244
37035: -330 -41 -300 293
37109: -2 -64 -10 101
37123: -2 -78 -10 103
37130: -2 -85 -10 104
37137: -2 -92 -10 105
38797: -240 -91 -207 181
39407: -331 -62 -306 240
39421: -331 -76 -306 242
39560: -10 -114 -18 150
39567: -10 -121 -18 151
39588: -10 -142 -18 154
41192: -241 -133 -215 229
41504: -290 -105 -261 85
41509: -290 -105 -266 330
41572: -297 -113 -315 339
41593: -297 -134 -315 342
41600: -297 -141 -315 343
41997: -18 -150 -26 197
42004: -18 -157 -26 198
42011: -18 -164 -26 199
42018: -18 -171 -26 200
42025: -18 -178 -26 201
42032: -18 -185 -26 202
42039: -18 -192 -26 203
42273: -53 -183 -71 13
42274: -53 -183 -72 62
42277: -53 -183 -75 209
42279: -53 -183 -77 307
42280: -53 -190 -71 14
42282: -53 -190 -73 112
42284: -53 -190 -75 210
42285: -53 -190 -76 259
42286: -53 -190 -77 308
43329: -207 -156 -224 324
43343: -207 -170 -224 326
43980: -298 -169 -322 340
44001: -298 -190 -322 343
44205: -333 -160 -316 44
44443: -26 -200 -29 1
44457: -26 -214 -29 3
44471: -26 -228 -29 5
44478: -26 -235 -29 6
44485: -26 -242 -29 7
44881: -82 -243 -82 210
45217: -131 -236 -131 216
45224: -131 -243 -131 217
45910: -229 -243 -229 231
45984: -243 -224 -226 81
46381: -299 -218 -329 340
46395: -299 -232 -329 342
46402: -299 -239 -329 343
46447: -306 -240 -325 147
46510: -320 -207 -325 142
46554: -327 -201 -327 239
46575: -327 -222 -327 242
46582: -327 -229 -327 243
46589: -327 -236 -327 244
46596: -327 -243 -327 245
46615: -334 -216 -325 143
46616: -334 -216 -326 192
46621: -334 -223 -324 95
46663: -341 -217 -324 94
46665: -341 -217 -326 192
46667: -341 -217 -328 290
46947: -41 -251 -41 246
46982: -41 -286 -41 251
49057: -342 -259 -331 93
49081: -342 -280 -334 243
49398: -49 -301 -49 295
49405: -49 -308 -49 296
49412: -49 -315 -49 297
49419: -49 -322 -49 298
49426: -49 -329 -49 299
49440: -49 -343 -49 301
50112: -147 -329 -147 313
50220: -161 -338 -192 126
50455: -196 -329 -196 320
50495: -203 -316 -243 228
50600: -217 -325 -243 229
50621: -224 -298 -243 225
50759: -238 -342 -241 133
50761: -238 -342 -243 231
50762: -238 -342 -244 280
50784: -245 -315 -245 325
50890: -259 -324 -288 40
50911: -266 -297 -288 36
50988: -273 -326 -288 40
51224: -308 -310 -342 290
51238: -308 -324 -342 292
51245: -308 -331 -342 293
51266: -315 -304 -342 289
51278: -315 -318 -340 193
51280: -315 -318 -342 291
51287: -315 -325 -342 292
51336: -322 -326 -342 292
51343: -322 -333 -342 293
51392: -329 -334 -342 293
51409: -336 -307 -338 93
51517: -29 -36
51518: -29 -43
51526: -2 -44
51579: -18 -46
51602: -26 -33
51603: -26 -40
51604: -26 -47
51629: -41 -48
51652: 7 14 21 28 35 42 49
51673: -85 -92
51674: 50 57 64 71 78 85 92
51691: -72 -86
51719: -53 -60
51721: -53 -74
51722: -53 -81
51723: -53 -88
51724: -53 -95
51827: -134 -141
51856: -101 -143
51918: -104 -118
51922: -104 -146
51936: -132 -146
51941: -105 -126
51960: 105 112 119 126 133 140 147
51978: -169 -190
51980: -176 -190
51981: -183 -190
52026: 150 157 164 171 178 185 192
52051: -152 -173
52086: -174 -181
52136: 197 204 211 218 225 232 239
52140: -198 -226
52142: -198 -240
52158: 198 205 212 219 226 233 240
52164: -199 -241
52224: 201 208 215 222 229 236 243
52230: -202 -244
52239: -216 -244
52244: -230 -244
52246: 202 209 216 223 230 237 244
52268: 203 210 217 224 231 238 245
52279: -253 -288
52312: 247 254 261 268 275 282 289
52340: -249 -291
52355: -284 -291
52361: -250 -285
52378: 250 257 264 271 278 285 292
52400: 251 258 265 272 279 286 293
52417: -273 -287
52422: 252 259 266 273 280 287 294
52434: -309 -316
52441: -323 -330
52444: 295 302 309 316 323 330 337
52448: -296 -324
52449: -296 -331
52450: -296 -338
52454: -303 -331
52461: -317 -331
52463: -324 -331
52470: -297 -325
52480: -311 -332
52485: -325 -332
52488: 297 304 311 318 325 332 339
52493: -298 -333
52494: -298 -340
52497: -305 -326
52501: -312 -326
52504: -319 -326
52507: -326 -333
52508: -326 -340
52512: -299 -313
52513: -299 -320
52518: -306 -320
52522: -313 -320
52526: -320 -327
52527: -320 -334
52529: -327 -334
52532: 299 306 313 320 327 334 341
52538: -300 -342
52543: -307 -342
52547: -314 -342
52550: -321 -342
52552: -328 -342
52567: -315 -329
52576: 301 308 315 322 329 336 343
52702: -164 -119 312
52821: -327 -231 329
52822: -41 -281 36
52823: -41 -282 85
52824: -41 -283 134
52825: -41 -284 183
52826: -41 -285 232
52828: -41 -287 330
52835: -90 -287 331
52871: -49 -337 43
52872: -49 -338 92
52873: -49 -339 141
52874: -49 -340 190
52875: -49 -341 239
52876: -49 -342 288
52881: -98 -340 191
52883: -98 -342 289
52888: -147 -340 192
52890: -147 -342 290
52897: -196 -342 291
52900: -245 -338 96
52904: -245 -342 292
52909: -294 -340 195
54834: -285 -232 -249 176
55030: -338 -92 -298 155
55081: -339 -141 -300 260
55126: -340 -190 -296 71
55224: -342 -288 -296 85
55225: -342 -288 -297 134
55226: -342 -288 -298 183
55887: -61 -207 -93 326
55957: -62 -259 -93 336
56629: -174 -271 -193 334
56631: -174 -272 -158 90
56986: -230 -280 -243 336
57331: -287 -330 -258 92
57334: -287 -330 -279 239
57433: -338 -92 -336 253
57478: -339 -141 -308 64
57527: -340 -190 -308 71
57528: -340 -190 -315 120
57531: -340 -190 -336 267
57578: -341 -239 -322 176
57580: -341 -239 -336 274
57625: -342 -288 -308 85
57627: -342 -288 -322 183
57628: -342 -288 -329 232
57722: -2 -1 -1
58016: -2 -50
58018: -2 -57
58567: -61 -226
58994: -118 -283
59056: -119 -315
59422: -175 -322
59483: -225 -29
59788: -231 -329
60154: -287 -336
60274: -338 -308
60275: -338 -63
60276: -338 -93
60314: -338 -302 -49
60335: -339 -315
60336: -339 -119
60396: -340 -322
60397: -340 -175
60398: -340 -193
60436: -340 -316 -49
60457: -341 -329
60458: -341 -231
60460: -341 -327
60497: -341 -323 -49
60517: -342 -294
60518: -342 -336
60519: -342 -287
60520: -342 -293
60521: -342 -335
60558: -342 -330 -49
60578: 2
60579: 10
60580: 18
60581: 26
60582: 29
60583: 41