5 2
UNSAT
6: -2 -3
7: -2 -4
8: -2 -5
9: -2 -6
10: -2 -7
34: -10 -12
36: -10 -14
59: -18 -19
60: -18 -20
69: -22 -26
85: -26 -28
130: -41 -42
153: 43 44 45 46 47 48 49
197: 57 58 59 60 61 62 63
199: -64 -66
234: -73 -77
239: -75 -77
241: 71 72 73 74 75 76 77
267: -85 -89
268: -85 -90
286: -92 -93
289: -92 -96
291: -92 -98
327: -103 -105
329: 99 100 101 102 103 104 105
330: -106 -107
336: -107 -108
351: 106 107 108 109 110 111 112
373: 113 114 115 116 117 118 119
395: 120 121 122 123 124 125 126
398: -127 -130
399: -127 -131
418: -134 -135
420: -134 -137
424: -135 -136
442: -141 -144
472: -149 -154
483: 148 149 150 151 152 153 154
505: 155 156 157 158 159 160 161
508: -162 -165
517: -164 -165
527: 162 163 164 165 166 167 168
530: -169 -172
533: -169 -175
535: -170 -172
536: -170 -173
549: 169 170 171 172 173 174 175
552: -176 -179
561: -178 -179
564: -178 -182
571: 176 177 178 179 180 181 182
573: -183 -185
593: 183 184 185 186 187 188 189
595: -190 -192
596: -190 -193
637: 197 198 199 200 201 202 203
661: -211 -213
701: -222 -224
703: 218 219 220 221 222 223 224
725: 225 226 227 228 229 230 231
747: 232 233 234 235 236 237 238
777: -247 -249
791: 246 247 248 249 250 251 252
835: 260 261 262 263 264 265 266
879: 274 275 276 277 278 279 280
945: 295 296 297 298 299 300 301
953: -303 -305
961: -305 -306
976: -310 -313
989: 309 310 311 312 313 314 315
1033: 323 324 325 326 327 328 329
1144: -2 -52 -18 22
1569: -53 -155 -2 57
1577: -53 -156 -10 64
1585: -53 -157 -18 71
1593: -53 -158 -26 78
1596: -53 -159 -29 50
1609: -53 -160 -42 92
1863: -101 -113 -2 106
1887: -101 -116 -26 127
1890: -101 -117 -29 99
1903: -101 -118 -42 141
1912: -102 -162 -2 106
2001: -103 -216 -42 141
2007: -103 -217 -48 134
2037: -104 -264 -29 99
2056: -104 -266 -48 134
2059: -105 -309 -2 106
2067: -105 -310 -10 113
2086: -105 -313 -29 99
2099: -105 -314 -42 141
2173: -149 -73 -18 169
2184: -149 -75 -29 148
2197: -149 -76 -42 190
2255: -151 -169 -2 155
2263: -151 -170 -10 162
2279: -151 -172 -26 176
2282: -151 -173 -29 148
2295: -151 -174 -42 190
2301: -151 -175 -48 183
2331: -152 -222 -29 148
2353: -153 -267 -2 155
2380: -153 -271 -29 148
2399: -153 -273 -48 183
2402: -154 -316 -2 155
2451: -197 -29 -2 204
2549: -199 -127 -2 204
2557: -199 -128 -10 211
2565: -199 -129 -18 218
2655: -201 -226 -10 211
2674: -201 -229 -29 197
2696: -202 -274 -2 204
2704: -202 -275 -10 211
2712: -202 -276 -18 218
2720: -202 -277 -26 225
2723: -202 -278 -29 197
2742: -202 -280 -48 232
2745: -203 -323 -2 204
2753: -203 -324 -10 211
2761: -203 -325 -18 218
2769: -203 -326 -26 225
2772: -203 -327 -29 197
2785: -203 -328 -42 239
2843: -247 -85 -2 253
2870: -247 -89 -29 246
2900: -248 -135 -10 260
2941: -249 -183 -2 253
2957: -249 -185 -18 267
3243: -297 -142 -10 309
3284: -298 -190 -2 302
3625: -10 -105 -98 44
4045: -61 -207 -77 93
4186: -106 -18 -71 100
4187: -106 -18 -72 107
4188: -106 -18 -73 114
4192: -106 -18 -77 142
4230: -107 -66 -66 114
4315: -109 -162 -53 121
4364: -110 -211 -53 121
4571: -156 -73 -64 149
4683: -158 -173 -78 149
4795: -160 -273 -92 149
5001: -207 -176 -53 219
5012: -207 -178 -64 198
5013: -207 -178 -65 205
5026: -207 -180 -78 198
5236: -253 -42 -92 247
6034: -18 -149 -106 3
6036: -18 -149 -108 17
6051: -18 -151 -123 24
6059: -18 -152 -131 31
6062: -18 -153 -134 3
6064: -18 -153 -136 17
6065: -18 -153 -137 24
6069: -18 -154 -141 3
6071: -18 -154 -143 17
6072: -18 -154 -144 24
6073: -18 -154 -145 31
6075: -18 -154 -147 45
6237: -64 -10 -113 52
6239: -64 -10 -115 66
6240: -64 -10 -116 73
6443: -68 -207 -123 73
6741: -116 -166 -127 101
6862: -119 -309 -101 115
6937: -162 -26 -127 150
6938: -162 -26 -128 157
6940: -162 -26 -130 171
7001: -163 -77 -142 157
7031: -164 -123 -123 171
7043: -164 -125 -135 157
7143: -166 -223 -137 171
7254: -211 -29 -101 213
7993: -310 -92 -105 339
8512: -26 -202 -183 4
8515: -26 -202 -186 25
8518: -26 -202 -189 46
8519: -26 -203 -190 4
8522: -26 -203 -193 25
8988: -120 -18 -169 102
8991: -120 -18 -172 123
9019: -121 -64 -151 123
9051: -121 -69 -183 102
9120: -123 -162 -154 144
9339: -169 -26 -177 158
9341: -169 -26 -179 172
9342: -169 -26 -180 179
9659: -218 -29 -154 242
9757: -220 -127 -154 242
10050: -268 -85 -153 284
10377: -316 -48 -186 319
10394: -317 -92 -154 340
10689: -29 -2 -204 5
10690: -29 -2 -205 12
10691: -29 -2 -206 19
11039: -78 -10 -211 54
11133: -80 -107 -207 75
11390: -127 -18 -219 110
11393: -127 -18 -222 131
11395: -127 -18 -224 145
11446: -128 -68 -226 110
11838: -178 -124 -226 159
11868: -179 -170 -207 173
12162: -227 -128 -207 222
12505: -276 -135 -207 271
12548: -277 -183 -201 278
12891: -326 -190 -201 327
13044: -329 -338 -207 320
13407: -42 -299 -276 20
13410: -42 -299 -279 41
13440: -85 -10 -260 55
13442: -85 -10 -262 69
13445: -85 -10 -265 90
13537: -87 -107 -259 97
13643: -89 -207 -267 55
13856: -135 -69 -284 125
14144: -183 -26 -278 181
14459: -232 -29 -250 230
15758: -48 -250 -324 14
15841: -92 -10 -309 56
15843: -92 -10 -311 70
15844: -92 -10 -312 77
15847: -92 -10 -315 98
16044: -96 -207 -316 56
16264: -142 -70 -340 126
16545: -190 -26 -327 182
16546: -190 -26 -328 189
16860: -239 -29 -299 231
18092: -29 -2 -54 33
18093: -29 -2 -55 40
18094: -29 -2 -56 47
18352: -64 -53 -160 38
18713: -113 -105 -311 17
19082: -169 -151 -169 4
19811: -274 -248 -135 12
19817: -274 -249 -183 5
20300: -2 -10 -99 50
20301: -2 -10 -100 57
20302: -2 -10 -101 64
20303: -2 -10 -102 71
20304: -2 -10 -103 78
20305: -2 -10 -104 85
20306: -2 -10 -105 92
21122: -121 -106 -18 74
21269: -142 -106 -18 77
21285: -142 -108 -118 91
21287: -142 -109 -162 56
21484: -170 -158 -170 60
21507: -170 -161 -319 74
21877: -226 -207 -178 68
22163: -268 -255 -135 60
22367: -296 -305 -192 64
22506: -317 -304 -142 60
22545: -324 -302 -48 89
22612: -331 -305 -192 69
22757: -10 -18 -148 100
22758: -10 -18 -149 107
22760: -10 -18 -151 121
22761: -10 -18 -152 128
22763: -10 -18 -154 142
23142: -66 -66 -106 101
23208: -73 -68 -207 123
23257: -80 -68 -207 124
23389: -101 -115 -115 113
23828: -164 -164 -120 101
23832: -164 -164 -124 129
23938: -178 -165 -174 138
24059: -199 -211 -29 99
24206: -220 -211 -29 102
24408: -248 -260 -42 141
24858: -311 -311 -142 108
25215: -18 -26 -198 157
25218: -18 -26 -201 178
25219: -18 -26 -202 185
25220: -18 -26 -203 192
25433: -53 -71 -10 162
25446: -53 -73 -107 155
25462: -53 -75 -207 169
25476: -53 -77 -305 169
25875: -116 -120 -18 171
25942: -123 -123 -162 151
26141: -151 -172 -172 169
26190: -158 -172 -172 170
26415: -193 -169 -26 182
26509: -207 -218 -29 149
26516: -207 -219 -78 149
26908: -263 -268 -85 150
26974: -270 -270 -186 172
27251: -312 -317 -92 150
27314: -319 -319 -190 151
27637: -26 -29 -2 207
28059: -82 -82 -207 222
28079: -89 -78 -10 216
28128: -96 -78 -10 217
28276: -117 -127 -18 220
28325: -124 -127 -18 221
28669: -173 -176 -26 228
28690: -173 -179 -173 228
30229: -48 -42 -298 273
30923: -153 -183 -26 274
30940: -153 -186 -169 246
31070: -174 -183 -26 277
31262: -202 -232 -29 246
32575: -42 -48 -250 328
32576: -42 -48 -251 335
32685: -63 -92 -10 310
32734: -70 -92 -10 311
32796: -77 -94 -107 305
32832: -84 -92 -10 313
32881: -91 -92 -10 314
33082: -119 -142 -64 297
33127: -126 -141 -18 319
33138: -126 -143 -113 298
33324: -154 -190 -26 323
33373: -161 -190 -26 324
33471: -175 -190 -26 326
33482: -175 -192 -121 305
33663: -203 -239 -29 295
34798: -15 -10 -2 51
34910: -29 -26 -2 53
35143: -64 -10 -53 156
35255: -78 -26 -53 158
35325: -85 -48 -53 161
35367: -92 -42 -53 160
35429: -106 -2 -101 113
35431: -106 -2 -103 211
35433: -106 -2 -105 309
35489: -113 -10 -105 310
35541: -120 -18 -101 115
35545: -120 -18 -105 311
35597: -127 -26 -101 116
35671: -134 -48 -105 315
35709: -141 -42 -101 118
35712: -141 -42 -104 265
35827: -162 -10 -149 72
35829: -162 -10 -151 170
35831: -162 -10 -153 268
35832: -162 -10 -154 317
35883: -169 -18 -149 73
35886: -169 -18 -152 220
35887: -169 -18 -153 269
35939: -176 -26 -149 74
35941: -176 -26 -151 172
35942: -176 -26 -152 221
35943: -176 -26 -153 270
35944: -176 -26 -154 319
36011: -183 -48 -151 175
36012: -183 -48 -152 224
36051: -190 -42 -149 76
36054: -190 -42 -152 223
36055: -190 -42 -153 272
36173: -211 -10 -201 226
36355: -232 -48 -201 231
36397: -239 -42 -201 230
36435: -246 -29 -246 40
36625: -274 -26 -247 88
36628: -274 -26 -250 235
36778: -295 -29 -295 47
36971: -323 -26 -299 242
37038: -330 -48 -296 98
37039: -330 -48 -297 147
37040: -330 -48 -298 196
37041: -330 -48 -299 245
37109: -2 -64 -10 101
37116: -2 -71 -10 102
37123: -2 -78 -10 103
37130: -2 -85 -10 104
37137: -2 -92 -10 105
37585: -72 -53 -59 106
37588: -72 -53 -62 253
37836: -107 -58 -107 65
37843: -107 -65 -107 66
37850: -107 -72 -107 67
38089: -142 -70 -108 115
38097: -142 -77 -109 165
38098: -142 -77 -110 214
38153: -149 -78 -158 173
38200: -156 -79 -156 75
38270: -170 -53 -156 71
38274: -170 -53 -160 267
38275: -170 -53 -161 316
38615: -219 -53 -207 176
39553: -10 -107 -18 149
39560: -10 -114 -18 150
39567: -10 -121 -18 151
39574: -10 -128 -18 152
39581: -10 -135 -18 153
39588: -10 -142 -18 154
40301: -115 -122 -115 116
40623: -164 -101 -164 120
40630: -164 -108 -164 121
40637: -164 -115 -164 122
40644: -164 -122 -164 123
40719: -178 -103 -162 22
40720: -178 -103 -163 71
40723: -178 -103 -166 218
40757: -178 -138 -165 174
40771: -185 -104 -165 169
40820: -192 -105 -165 169
41666: -311 -115 -311 143
41997: -18 -150 -26 197
42011: -18 -164 -26 199
42018: -18 -171 -26 200
42025: -18 -178 -26 201
42032: -18 -185 -26 202
42039: -18 -192 -26 203
42253: -53 -162 -72 59
42256: -53 -162 -75 206
42257: -53 -162 -76 255
42258: -53 -162 -77 304
42265: -53 -169 -77 305
42274: -53 -183 -72 62
42279: -53 -183 -77 307
42285: -53 -190 -76 259
42752: -123 -172 -123 165
42939: -151 -162 -170 73
42965: -151 -183 -175 321
42971: -151 -190 -174 273
42977: -158 -149 -173 218
42995: -158 -170 -170 74
43006: -158 -177 -174 271
43007: -158 -177 -175 320
43051: -165 -178 -170 75
43088: -172 -165 -172 171
43170: -186 -153 -170 71
43173: -186 -153 -173 218
43225: -193 -161 -169 23
43229: -193 -161 -173 219
43324: -207 -156 -219 79
43338: -207 -170 -219 81
43341: -207 -170 -222 228
43342: -207 -170 -223 277
43343: -207 -170 -224 326
43657: -249 -190 -272 287
44443: -26 -200 -29 1
44457: -26 -214 -29 3
44464: -26 -221 -29 4
44471: -26 -228 -29 5
44478: -26 -235 -29 6
44485: -26 -242 -29 7
45227: -138 -202 -127 15
45249: -138 -223 -128 67
45480: -173 -207 -177 72
45481: -173 -207 -178 121
45483: -173 -207 -180 219
45683: -201 -211 -226 80
45709: -201 -232 -231 328
45715: -201 -239 -230 280
46395: -299 -232 -329 342
46997: -48 -252 -42 295
47004: -48 -259 -42 296
47011: -48 -266 -42 297
47018: -48 -273 -42 298
47025: -48 -280 -42 299
47032: -48 -287 -42 300
47091: -62 -247 -87 106
47391: -104 -253 -135 65
47503: -118 -269 -135 67
47768: -153 -288 -183 28
48244: -223 -277 -232 33
48245: -223 -277 -233 82
48246: -223 -277 -234 131
48250: -223 -277 -238 327
48906: -321 -249 -334 239
49005: -335 -251 -335 288
49348: -42 -300 -48 246
49355: -42 -307 -48 247
49369: -42 -321 -48 249
49376: -42 -328 -48 250
49383: -42 -335 -48 251
49390: -42 -342 -48 252
49492: -63 -296 -94 106
49799: -105 -309 -142 66
49813: -105 -323 -142 68
49827: -105 -337 -142 70
50645: -224 -326 -239 33
51398: -329 -341 -341 245
51518: -29 -43
51522: -2 -16
51523: -2 -23
51526: -2 -44
51549: -10 -17
51550: -10 -24
51551: -10 -31
51552: -10 -38
51553: -10 -45
51576: -18 -25
51579: -18 -46
51602: -26 -33
51603: -26 -40
51604: -26 -47
51651: -42 -49
51674: 50 57 64 71 78 85 92
51686: -65 -72
51718: 52 59 66 73 80 87 94
51719: -53 -60
51720: -53 -67
51721: -53 -74
51722: -53 -81
51723: -53 -88
51754: -68 -89
51762: 54 61 68 75 82 89 96
51770: -62 -76
51780: -76 -97
51792: -63 -77
51806: 56 63 70 77 84 91 98
51813: -106 -113
51828: 99 106 113 120 127 134 141
51850: 100 107 114 121 128 135 142
51872: 101 108 115 122 129 136 143
51894: 102 109 116 123 130 137 144
51916: 103 110 117 124 131 138 145
51918: -104 -118
51919: -104 -125
51923: -111 -118
51939: -105 -112
51940: -105 -119
51941: -105 -126
51950: -119 -126
51972: -162 -169
51973: -162 -176
51976: -169 -176
51978: -169 -190
51981: -183 -190
51982: 148 155 162 169 176 183 190
51991: -156 -177
52001: -177 -184
52017: -164 -178
52026: 150 157 164 171 178 185 192
52027: -151 -158
52033: -158 -165
52034: -158 -172
52035: -158 -179
52036: -158 -186
52048: 151 158 165 172 179 186 193
52050: -152 -166
52051: -152 -173
52053: -152 -187
52065: -173 -187
52071: -153 -160
52073: -153 -174
52074: -153 -181
52075: -153 -188
52077: -160 -167
52078: -160 -174
52082: -167 -174
52086: -174 -181
52087: -174 -188
52093: -154 -161
52094: -154 -168
52095: -154 -175
52096: -154 -182
52098: -154 -196
52100: -161 -175
52102: -161 -189
52106: -168 -189
52108: -175 -182
52136: 197 204 211 218 225 232 239
52161: -199 -220
52207: -201 -236
52227: -202 -223
52240: -223 -230
52241: -223 -237
52249: -203 -224
52252: -203 -245
52262: -224 -231
52294: -247 -275
52302: -261 -268
52381: -251 -272
52390: -265 -272
52394: -272 -279
52444: 295 302 309 316 323 330 337
52446: -296 -310
52456: -310 -317
52466: 296 303 310 317 324 331 338
52495: -305 -312
52500: -312 -319
52532: 299 306 313 320 327 334 341
52642: -107 -59 108
52644: -107 -61 206
52699: -164 -116 165
52700: -164 -117 214
52720: -311 -116 168
52721: -311 -117 217
52722: -311 -118 266
52762: -270 -172 174
52901: -245 -339 145
53482: -61 -207 -73 130
53633: -113 -18 -126 298
53770: -116 -164 -116 171
53845: -117 -217 -142 84
53979: -169 -26 -178 103
53982: -169 -26 -181 250
53983: -169 -26 -182 299
55083: -339 -142 -302 16
56379: -169 -26 -158 54
56380: -169 -26 -165 103
56624: -174 -271 -158 89
56651: -175 -317 -151 44
56672: -175 -320 -151 47
56673: -175 -320 -158 96
57484: -339 -142 -301 16
57722: -2 -1 -1
58016: -2 -50
58018: -2 -57
58019: -2 -51
59233: -170 -161 -193
59359: -174 -186
59401: -174 -184 -158
59465: -175 -192 -165
59483: -225 -29
60578: 2
60579: 10
60580: 18
60581: 26
60582: 29
60583: 42