1 1 1 1 1
UNSAT
3: -1 -5
17: -7 -10
30: -13 -15
42: -19 -20
109: 46 47 48 49 50
209: -96 -97
210: -96 -98
230: 101 102 103 104 105
231: -106 -107
232: -106 -108
234: -106 -110
241: 106 107 108 109 110
245: -111 -115
252: 111 112 113 114 115
256: -116 -120
259: -117 -120
263: 116 117 118 119 120
274: 121 122 123 124 125
649: -55 -115 -25 71
1420: -106 -25 -46 102
1421: -106 -25 -47 107
1423: -106 -25 -49 117
2134: -115 -122 -60 123
3039: -71 -13 -115 75
4604: -117 -106 -25 49
4629: -122 -106 -25 50
4636: -122 -108 -72 35
5179: -108 -111 -25 72
5229: -118 -111 -25 74
5254: -123 -111 -25 75
5257: -123 -112 -48 65
5267: -123 -114 -98 65
5829: -114 -116 -25 98
5883: -124 -117 -49 95
5888: -124 -118 -74 95
6021: -25 -25 -102 110
6022: -25 -25 -103 115
6274: -75 -75 -115 125
6545: -1 -21 -1 5
7025: -101 -1 -101 21
7117: -116 -19 -103 74
8935: -109 -87 -116 23
9129: -25 -105 -25 101
9134: -25 -110 -25 102
9139: -25 -115 -25 103
9149: -25 -125 -25 105
9269: -50 -120 -50 109
9358: -70 -109 -74 87
9384: -75 -110 -75 112
9394: -75 -120 -75 114
9563: -110 -112 -124 98
9568: -110 -117 -124 99
9583: -115 -108 -124 97
9593: -115 -118 -124 99
9680: -13 -23
9704: 5 10 15 20 25
9814: 55 60 65 70 75
9874: -106 -111
9880: 101 106 111 116 121
9882: -102 -112
9886: -107 -117
9887: -107 -122
9891: 102 107 112 117 122
9892: -103 -108
9898: -108 -123
9899: -113 -118
9903: -104 -109
9904: -104 -114
9909: -109 -124
9911: -114 -124
9918: -110 -115
9924: 105 110 115 120 125
9954: -7 -35 106
9979: -13 -65 111
10025: -25 -121 21
10028: -25 -124 96
11898: -65 -115
12166: -122 -110
12169: -122 -107
12196: -122 -106 -25
12211: -123 -115
12212: -123 -65
12214: -123 -113
12256: -124 -120
12257: -124 -95
12258: -124 -99
12259: -124 -119
12286: -124 -116 -25
12300: 1
12301: 7
12302: 13
12303: 19