1 1 3
UNSAT
0: -1 -2
1: -1 -3
2: -1 -4
3: -1 -5
16: -7 -9
54: 21 22 23 24 25
120: 51 52 53 54 55
142: 61 62 63 64 65
149: -67 -70
151: -68 -70
175: 76 77 78 79 80
188: -86 -88
208: 91 92 93 94 95
219: 96 97 98 99 100
230: 101 102 103 104 105
234: -106 -110
240: -109 -110
244: -111 -114
247: -112 -114
249: -113 -114
252: 111 112 113 114 115
255: -116 -119
262: -119 -120
270: -122 -125
272: -123 -125
274: 121 122 123 124 125
475: -29 -81 -1 26
575: -53 -61 -1 51
725: -79 -91 -1 76
772: -80 -120 -23 86
847: -103 -75 -23 111
1168: -56 -14 -44 67
1299: -81 -20 -50 97
1412: -106 -23 -38 112
1752: -40 -106 -53 38
1924: -86 -20 -75 98
2102: -114 -96 -53 113
2134: -115 -122 -60 123
2270: -20 -105 -96 4
2271: -20 -105 -97 9
2328: -43 -56 -79 44
2749: -119 -100 -100 124
2844: -23 -54 -120 25
2979: -49 -81 -105 50
3137: -75 -113 -113 65
3170: -96 -20 -121 80
3174: -96 -20 -125 100
3233: -99 -92 -109 95
3249: -99 -95 -125 100
3289: -121 -23 -115 125
4328: -62 -56 -14 43
4479: -92 -81 -20 49
4504: -97 -81 -20 50
4514: -97 -83 -70 50
4627: -122 -106 -23 40
4766: -23 -14 -77 60
4769: -23 -14 -80 75
4912: -53 -63 -63 61
5129: -98 -86 -20 75
5171: -103 -115 -122 56
5252: -123 -111 -23 65
5268: -123 -114 -99 70
5349: -14 -20 -105 98
5599: -64 -70 -115 98
5754: -99 -91 -20 100
5768: -99 -94 -94 95
5827: -114 -116 -23 88
5986: -20 -23 -52 109
5987: -20 -23 -53 114
5988: -20 -23 -54 119
6145: -50 -50 -106 105
6270: -75 -75 -111 105
6273: -75 -75 -114 120
6274: -75 -75 -115 125
6291: -80 -99 -92 106
6369: -95 -99 -95 124
6395: -100 -100 -116 105
6399: -100 -100 -120 125
6427: -110 -121 -23 112
6449: -110 -125 -125 122
6474: -115 -125 -125 123
6477: -120 -121 -23 114
6530: -1 -6 -1 2
6535: -1 -11 -1 3
6540: -1 -16 -1 4
6545: -1 -21 -1 5
6650: -26 -1 -26 6
6775: -51 -1 -51 11
6862: -66 -14 -53 63
6900: -76 -1 -76 16
6931: -81 -7 -77 42
6933: -81 -7 -79 92
7025: -101 -1 -101 21
7099: -111 -23 -105 125
7191: -7 -42 -7 29
7878: -23 -55 -14 76
7883: -23 -60 -14 77
7888: -23 -65 -14 78
7893: -23 -70 -14 79
7898: -23 -75 -14 80
8202: -88 -53 -88 66
8212: -88 -63 -88 68
8289: -103 -61 -115 123
8454: -14 -78 -20 101
8459: -14 -83 -20 102
8469: -14 -93 -20 104
8474: -14 -98 -20 105
8873: -94 -99 -94 95
8978: -119 -79 -119 96
8998: -119 -99 -119 100
9102: -20 -104 -23 51
9112: -20 -114 -23 53
9122: -20 -124 -23 55
9274: -50 -125 -50 110
9379: -75 -105 -75 111
9399: -75 -125 -75 115
9524: -100 -125 -100 120
9597: -115 -123 -123 75
9607: -120 -109 -123 72
9644: -125 -120 -125 124
9667: -7 -22
9691: -14 -24
9703: -20 -25
9774: -52 -72
9814: 55 60 65 70 75
9825: 76 81 86 91 96
9828: -77 -92
9829: -77 -97
9847: 78 83 88 93 98
9851: -79 -99
9880: 101 106 111 116 121
9882: -102 -112
9884: -102 -122
9913: 104 109 114 119 124
9924: 105 110 115 120 125
10040: -100 -121 24
10447: -91 -20 -98 55
10563: -121 -23 -114 78
11295: -125 -125 -105 25
12166: -122 -110
12204: -122 -109 -120
12243: -123 -112 -110
12300: 1
12301: 7
12302: 14
12303: 20