1 1 1 2
UNSAT
0: -1 -2
1: -1 -3
2: -1 -4
3: -1 -5
16: -7 -9
17: -7 -10
29: -13 -14
30: -13 -15
54: 21 22 23 24 25
65: 26 27 28 29 30
77: -36 -37
120: 51 52 53 54 55
175: 76 77 78 79 80
230: 101 102 103 104 105
252: 111 112 113 114 115
254: -116 -118
256: -116 -120
263: 116 117 118 119 120
265: -121 -123
270: -122 -125
272: -123 -125
274: 121 122 123 124 125
498: -29 -85 -24 41
623: -54 -90 -24 66
800: -102 -46 -1 101
819: -102 -49 -20 121
825: -103 -71 -1 101
844: -103 -74 -20 121
1386: -85 -118 -37 82
1396: -85 -120 -47 82
2007: -90 -117 -58 88
2256: -20 -102 -82 9
2262: -20 -103 -88 14
2284: -41 -7 -85 49
2414: -66 -13 -90 74
2995: -49 -85 -121 30
3120: -74 -90 -121 55
3140: -75 -114 -116 55
3172: -96 -20 -123 90
3174: -96 -20 -125 100
3987: -116 -103 -73 14
4006: -121 -102 -47 10
4012: -121 -103 -73 15
4057: -7 -7 -28 37
4059: -7 -7 -30 47
4711: -13 -13 -52 58
4714: -13 -13 -55 73
5049: -78 -90 -120 71
5396: -24 -20 -102 85
5397: -24 -20 -103 90
5399: -24 -20 -105 100
5991: -20 -24 -77 109
5993: -20 -24 -79 119
6274: -75 -75 -115 125
6329: -90 -96 -20 123
6449: -110 -125 -125 122
6474: -115 -125 -125 123
6530: -1 -6 -1 2
6535: -1 -11 -1 3
6540: -1 -16 -1 4
6545: -1 -21 -1 5
6650: -26 -1 -26 6
6714: -36 -13 -30 108
6775: -51 -1 -51 11
6809: -56 -7 -55 112
6900: -76 -1 -76 16
7025: -101 -1 -101 21
7121: -116 -24 -102 50
7122: -116 -24 -103 75
7124: -116 -24 -105 125
7141: -121 -20 -102 49
7142: -121 -20 -103 74
7176: -7 -27 -7 26
7181: -7 -32 -7 27
7191: -7 -42 -7 29
7827: -13 -53 -13 51
8504: -24 -80 -20 101
8509: -24 -85 -20 102
8514: -24 -90 -20 103
8519: -24 -95 -20 104
8524: -24 -100 -20 105
8978: -119 -79 -119 96
9103: -20 -104 -24 76
9118: -20 -119 -24 79
9123: -20 -124 -24 80
9274: -50 -125 -50 110
9399: -75 -125 -75 115
9504: -100 -105 -100 116
9524: -100 -125 -100 120
9644: -125 -120 -125 124
9645: -125 -125 -121 25
9667: -7 -22
9680: -13 -23
9703: -20 -25
9715: 26 31 36 41 46
9726: 27 32 37 42 47
9770: 51 56 61 66 71
9869: 80 85 90 95 100
9877: -111 -116
9879: -116 -121
9883: -102 -117
9884: -102 -122
9888: -112 -117
9889: -112 -122
9893: -103 -113
9894: -103 -118
9895: -103 -123
9897: -108 -118
9901: -118 -123
9924: 105 110 115 120 125
9950: -7 -31 6
9975: -13 -61 11
11295: -125 -125 -105 25
11391: -123 -110 -50
12204: -122 -109 -120
12211: -123 -115
12300: 1
12301: 7
12302: 13
12303: 20