1 4
UNSAT
0: -1 -2
1: -1 -3
2: -1 -4
3: -1 -5
54: 21 22 23 24 25
120: 51 52 53 54 55
164: 71 72 73 74 75
177: -81 -83
179: -81 -85
184: -83 -85
185: -84 -85
186: 81 82 83 84 85
188: -86 -88
194: -88 -89
195: -88 -90
200: -91 -94
208: 91 92 93 94 95
219: 96 97 98 99 100
228: -103 -105
230: 101 102 103 104 105
242: -111 -112
243: -111 -113
244: -111 -114
262: -119 -120
270: -122 -125
272: -123 -125
274: 121 122 123 124 125
771: -80 -120 -22 81
875: -105 -121 -1 101
1297: -81 -20 -48 87
1472: -108 -75 -48 112
1514: -110 -123 -40 122
2020: -90 -120 -71 78
2022: -90 -120 -73 88
2023: -90 -120 -74 93
2024: -90 -120 -75 98
2034: -111 -22 -60 123
2255: -20 -102 -81 4
2270: -20 -105 -96 4
2548: -91 -20 -99 94
2573: -92 -45 -99 94
2655: -116 -22 -81 104
2722: -118 -75 -98 114
2754: -120 -121 -80 124
2755: -120 -122 -81 104
2756: -120 -122 -82 109
2758: -120 -122 -84 119
2759: -120 -122 -85 124
2809: -22 -27 -110 25
2914: -46 -8 -115 50
3074: -72 -40 -125 75
3174: -96 -20 -125 100
3199: -97 -45 -125 100
3221: -98 -70 -122 85
3249: -99 -95 -125 100
3284: -121 -22 -110 125
3334: -123 -72 -110 125
3865: -91 -79 -91 4
3972: -111 -105 -123 13
4137: -22 -8 -53 40
4139: -22 -8 -55 50
4305: -57 -57 -36 27
4504: -97 -81 -20 50
4547: -102 -110 -123 36
4646: -122 -110 -122 35
5054: -83 -86 -20 72
5129: -98 -86 -20 75
5349: -14 -20 -105 98
5530: -54 -67 -36 76
5754: -99 -91 -20 100
5768: -99 -94 -94 95
6149: -50 -50 -110 125
6304: -85 -96 -20 122
6399: -100 -100 -120 125
6474: -115 -125 -125 123
6530: -1 -6 -1 2
6535: -1 -11 -1 3
6540: -1 -16 -1 4
6545: -1 -21 -1 5
6650: -26 -1 -26 6
6775: -51 -1 -51 11
6900: -76 -1 -76 16
7025: -101 -1 -101 21
7074: -106 -22 -105 125
7084: -111 -8 -105 122
7252: -22 -30 -8 51
7257: -22 -35 -8 52
7803: -8 -52 -14 76
7808: -8 -57 -14 77
7813: -8 -62 -14 78
7818: -8 -67 -14 79
7823: -8 -72 -14 80
8261: -98 -65 -87 43
8454: -14 -78 -20 101
8459: -14 -83 -20 102
8469: -14 -93 -20 104
8474: -14 -98 -20 105
9101: -20 -104 -22 26
9121: -20 -124 -22 30
9254: -50 -105 -50 106
9379: -75 -105 -75 111
9399: -75 -125 -75 115
9524: -100 -125 -100 120
9536: -105 -111 -122 48
9576: -115 -103 -122 46
9606: -120 -109 -122 47
9644: -125 -120 -125 124
9676: -8 -13
9678: -8 -23
9691: -14 -24
9703: -20 -25
9736: -43 -48
9759: 30 35 40 45 50
9781: 52 57 62 67 72
9814: 55 60 65 70 75
9825: 76 81 86 91 96
9828: -77 -92
9847: 78 83 88 93 98
9851: -79 -99
9858: 79 84 89 94 99
9869: 80 85 90 95 100
9880: 101 106 111 116 121
9884: -102 -122
9895: -103 -123
9902: 103 108 113 118 123
9924: 105 110 115 120 125
10034: -50 -125 122
10446: -91 -20 -97 30
10447: -91 -20 -98 55
10596: -122 -50 -122 35
11182: -121 -22 -115 52
11295: -125 -125 -105 25
12078: -95 -120
12168: -122 -47
12211: -123 -115
12300: 1
12301: 8
12302: 14
12303: 20