4 1
UNSAT
5: -2 -4
54: 21 22 23 24 25
65: 26 27 28 29 30
193: -87 -90
212: -96 -100
230: 101 102 103 104 105
274: 121 122 123 124 125
1327: -83 -66 -28 87
2155: -16 -2 -81 4
2159: -16 -2 -85 24
3151: -96 -16 -102 85
3153: -96 -16 -104 95
3154: -96 -16 -105 100
3483: -16 -2 -29 19
3484: -16 -2 -30 24
4036: -2 -8 -52 31
4690: -8 -14 -76 52
5050: -83 -86 -16 52
5171: -103 -115 -122 56
5326: -14 -16 -2 83
6022: -25 -25 -103 115
6023: -25 -25 -104 120
6275: -80 -96 -16 101
6534: -16 -21
6539: -2 -22
6553: -8 -23
6565: -14 -19
6566: -14 -24
6700: 76 81 86 91 96
6744: 80 85 90 95 100
6770: -103 -123
6821: -101 -2 30
6904: -25 -125 121
7502: -124 -96 -103 66
7503: -124 -96 -104 91
7550: -2 -26
7552: -2 -31
7553: -2 -27
7568: -2 -28 -56
8093: -91 -16
8227: -95 -124
8228: -95 -120
8270: -121 -25
8450: 2
8451: 8
8452: 14
8453: 16