5
UNSAT
4: -2 -3
5: -2 -4
6: -2 -5
31: -14 -15
54: 21 22 23 24 25
164: 71 72 73 74 75
188: -86 -88
200: -91 -94
212: -96 -100
219: 96 97 98 99 100
259: -117 -120
274: 121 122 123 124 125
476: -29 -81 -2 31
495: -29 -85 -21 26
776: -101 -21 -2 106
1478: -109 -96 -29 117
1920: -86 -20 -71 78
1922: -86 -20 -73 88
1923: -86 -20 -74 93
1924: -86 -20 -75 98
2099: -113 -75 -75 123
2260: -20 -103 -86 4
2270: -20 -105 -96 4
2548: -91 -20 -99 94
2549: -91 -20 -100 99
2722: -118 -75 -98 114
2780: -21 -2 -106 5
2782: -21 -2 -108 15
2784: -21 -2 -110 25
3171: -96 -20 -122 85
3174: -96 -20 -125 100
3509: -21 -2 -30 25
4036: -2 -8 -52 31
4039: -2 -8 -55 46
4690: -8 -14 -76 52
5976: -20 -21 -2 109
6641: -21 -20 -2 29
6768: -46 -20 -29 84
6959: -86 -8 -80 117
7728: -117 -29 -109 96
7823: -8 -72 -14 80
8454: -14 -78 -20 101
8469: -14 -93 -20 104
9100: -20 -104 -21 1
9110: -20 -114 -21 3
9120: -20 -124 -21 5
9664: -2 -22
9678: -8 -23
9691: -14 -24
9703: -20 -25
9825: 76 81 86 91 96
9902: 103 108 113 118 123
9924: 105 110 115 120 125
10037: -75 -123 73
10446: -91 -20 -97 30
10447: -91 -20 -98 55
11071: -91 -20 -84 30
11300: -2 -1 -1
11400: -2 -26
11402: -2 -31
12123: -121 -21
12211: -123 -115
12300: 2
12301: 8
12302: 14
12303: 20