1 1 1 1 1 1
UNSAT
0: -1 -2
1: -1 -3
2: -1 -4
3: -1 -5
4: -1 -6
21: -8 -9
23: -8 -11
24: -8 -12
42: -15 -17
43: -15 -18
60: -22 -23
61: -22 -24
78: -29 -30
111: 37 38 39 40 41 42
127: 43 44 45 46 47 48
191: 67 68 69 70 71 72
207: 73 74 75 76 77 78
287: 103 104 105 106 107 108
303: 109 110 111 112 113 114
351: 127 128 129 130 131 132
383: 139 140 141 142 143 144
399: 145 146 147 148 149 150
436: -163 -168
463: 169 170 171 172 173 174
464: -175 -176
465: -175 -177
466: -175 -178
479: 175 176 177 178 179 180
495: 181 182 183 184 185 186
500: -187 -192
511: 187 188 189 190 191 192
513: -193 -195
516: -193 -198
530: -199 -202
539: -201 -204
543: 199 200 201 202 203 204
548: -205 -210
558: -209 -210
559: 205 206 207 208 209 210
570: -213 -215
572: -214 -215
575: 211 212 213 214 215 216
1007: -42 -192 -36 67
1223: -78 -198 -36 103
1439: -114 -204 -36 139
1655: -150 -210 -36 175
1692: -182 -67 -1 181
1699: -182 -68 -8 187
1706: -182 -69 -15 193
1720: -182 -71 -29 205
1727: -182 -72 -36 211
1728: -183 -103 -1 181
1735: -183 -104 -8 187
1742: -183 -105 -15 193
1749: -183 -106 -22 199
1756: -183 -107 -29 205
1763: -183 -108 -36 211
1764: -184 -139 -1 181
1778: -184 -141 -15 193
1785: -184 -142 -22 199
1792: -184 -143 -29 205
1799: -184 -144 -36 211
1807: -185 -176 -8 187
1814: -185 -177 -15 193
1821: -185 -178 -22 199
1828: -185 -179 -29 205
1931: -8 -40 -60 32
1937: -8 -41 -66 32
1938: -8 -42 -67 2
3145: -192 -213 -50 188
3149: -192 -213 -54 212
3155: -192 -214 -60 212
3251: -15 -74 -84 33
3258: -15 -76 -91 3
3263: -15 -76 -96 33
4278: -193 -36 -103 183
4280: -193 -36 -105 195
4281: -193 -36 -106 201
4282: -193 -36 -107 207
4436: -198 -212 -81 195
4439: -198 -212 -84 213
4451: -198 -214 -96 213
4583: -22 -110 -120 34
4589: -22 -111 -126 34
5574: -199 -36 -139 184
5575: -199 -36 -140 190
5576: -199 -36 -141 196
5577: -199 -36 -142 202
5578: -199 -36 -143 208
5735: -204 -212 -120 214
5741: -204 -213 -126 214
5753: -204 -215 -138 214
5915: -29 -146 -156 35
5921: -29 -147 -162 35
5922: -29 -148 -163 5
5927: -29 -148 -168 35
7030: -210 -212 -155 209
7031: -210 -212 -156 215
7036: -210 -213 -161 209
7042: -210 -214 -167 209
7242: -36 -182 -187 6
7243: -36 -182 -188 12
7245: -36 -182 -190 24
7248: -36 -183 -193 6
7250: -36 -183 -195 18
7251: -36 -183 -196 24
7254: -36 -184 -199 6
7264: -36 -185 -209 30
7727: -139 -22 -204 144
7948: -175 -29 -209 174
7949: -175 -29 -210 180
9486: -187 -184 -139 2
9488: -187 -184 -141 14
9489: -187 -184 -142 20
9490: -187 -184 -143 26
9510: -193 -182 -67 3
9511: -193 -182 -68 9
9513: -193 -182 -70 21
9514: -193 -182 -71 27
9515: -193 -182 -72 33
9522: -193 -184 -139 3
9523: -193 -184 -140 9
9525: -193 -184 -142 21
9526: -193 -184 -143 27
9527: -193 -184 -144 33
9528: -193 -185 -175 3
9529: -193 -185 -176 9
9531: -193 -185 -178 21
9532: -193 -185 -179 27
9533: -193 -185 -180 33
9582: -205 -182 -67 5
9583: -205 -182 -68 11
9584: -205 -182 -69 17
9585: -205 -182 -70 23
9587: -205 -182 -72 35
9588: -205 -183 -103 5
9589: -205 -183 -104 11
9590: -205 -183 -105 17
9591: -205 -183 -106 23
9593: -205 -183 -108 35
9595: -205 -184 -140 11
9596: -205 -184 -141 17
9597: -205 -184 -142 23
9691: -8 -8 -38 44
9692: -8 -8 -39 50
9695: -8 -8 -42 68
10295: -104 -84 -198 72
10299: -110 -115 -22 55
10511: -140 -120 -204 72
10841: -200 -187 -36 70
10877: -206 -187 -36 71
10885: -206 -189 -104 47
10891: -206 -190 -140 47
10932: -212 -191 -175 42
11029: -15 -15 -74 81
11030: -15 -15 -75 87
11033: -15 -15 -78 105
11375: -69 -54 -192 108
11595: -111 -121 -22 91
12023: -177 -162 -210 108
12057: -183 -198 -214 91
12137: -201 -193 -36 106
12173: -207 -193 -36 107
12188: -207 -196 -141 89
12369: -22 -22 -112 130
12371: -22 -22 -114 142
12457: -40 -55 -8 115
12671: -70 -60 -192 144
12887: -106 -96 -198 144
13319: -178 -168 -210 144
13351: -184 -204 -212 115
13352: -184 -204 -213 121
13469: -208 -199 -36 143
13473: -208 -200 -70 131
13479: -208 -201 -106 131
13524: -214 -203 -175 114
13705: -29 -29 -146 155
13706: -29 -29 -147 161
13707: -29 -29 -148 167
13708: -29 -29 -149 173
13967: -71 -66 -192 180
14003: -77 -102 -198 175
14183: -107 -102 -198 180
14187: -113 -133 -22 163
14219: -113 -138 -204 175
14399: -143 -138 -204 180
14648: -185 -210 -213 157
14649: -185 -210 -214 163
14806: -215 -206 -71 174
14812: -215 -207 -107 174
14818: -215 -208 -143 174
15043: -36 -36 -182 192
15044: -36 -36 -183 198
15045: -36 -36 -184 204
15046: -36 -36 -185 210
15047: -36 -36 -186 216
15258: -72 -72 -187 186
15474: -108 -108 -193 186
15483: -114 -139 -22 199
15690: -144 -144 -199 186
15695: -144 -144 -204 216
15906: -180 -180 -205 186
15911: -180 -180 -210 216
15993: -198 -212 -70 201
16003: -198 -214 -140 189
16008: -198 -215 -175 183
16065: -210 -212 -70 203
16149: -8 -14
16150: -8 -20
16151: -8 -26
16152: -8 -32
16169: -15 -21
16170: -15 -27
16171: -15 -33
16189: -22 -34
16206: -29 -35
16223: 6 12 18 24 30 36
16237: -55 -67
16238: -61 -67
16256: -39 -45
16260: -39 -69
16276: -40 -70
16292: -41 -71
16296: -47 -71
16319: 42 48 54 60 66 72
16333: -91 -103
16340: -74 -104
16372: -76 -106
16388: -77 -107
16415: 78 84 90 96 102 108
16424: -115 -139
16436: -110 -140
16445: -128 -140
16452: -111 -141
16461: -129 -141
16482: -113 -131
16484: -113 -143
16493: -131 -143
16511: 114 120 126 132 138 144
16520: -151 -175
16523: -157 -175
16525: -163 -175
16531: -146 -170
16532: -146 -176
16542: -170 -176
16547: -147 -171
16548: -147 -177
16563: -148 -172
16564: -148 -178
16574: -172 -178
16607: 150 156 162 168 174 180
16613: -187 -193
16615: -187 -205
16617: -193 -199
16618: -193 -205
16620: -199 -205
16623: 181 187 193 199 205 211
16626: -182 -200
16627: -182 -206
16628: -182 -212
16632: -188 -212
16636: -200 -206
16638: -206 -212
16640: -183 -189
16642: -183 -201
16643: -183 -207
16644: -183 -213
16655: 183 189 195 201 207 213
16659: -184 -208
16660: -184 -214
16663: -190 -208
16668: -202 -208
16669: -202 -214
16670: -208 -214
16671: 184 190 196 202 208 214
16674: -185 -203
16676: -185 -215
16685: -203 -215
16686: -209 -215
16693: -192 -198
16694: -192 -204
16695: -192 -210
16697: -198 -204
16698: -198 -210
16700: -204 -210
16703: 186 192 198 204 210 216
16710: -37 -1 2
16716: -73 -1 3
16722: -109 -1 4
16728: -145 -1 5
16734: -181 -1 6
16741: -8 -44 43
16743: -8 -46 115
16744: -8 -47 151
16745: -8 -48 187
16778: -15 -87 85
16780: -15 -89 157
16781: -15 -90 193
16813: -22 -128 55
16815: -22 -130 127
16816: -22 -131 163
16817: -22 -132 199
16852: -29 -173 169
16853: -29 -174 205
16885: -36 -212 67
16886: -36 -213 103
16887: -36 -214 139
16888: -36 -215 175
16889: -36 -216 211
16893: -72 -214 140
16894: -72 -215 176
16900: -108 -215 177
16903: -144 -212 70
16906: -144 -215 178
17713: -131 -163 -110 61
18109: -214 -139 -182 55
18147: -215 -175 -184 133
18481: -43 -8
18746: -85 -15
19011: -127 -22
19153: -129 -121 -22
19276: -169 -29
19418: -171 -157 -29
19471: -172 -163 -29
19490: -174 -215
19491: -174 -210
19541: -211 -36
19595: -212 -192
19630: -212 -187 -36
19683: -213 -193 -36
19701: -214 -204
19736: -214 -199 -36
19754: -215 -210
19789: -215 -205 -36
19791: -215 -206 -192
19797: -215 -208 -204
19806: 1
19807: 8
19808: 15
19809: 22
19810: 29