1 1 2 2
UNSAT
0: -1 -2
1: -1 -3
2: -1 -4
3: -1 -5
4: -1 -6
23: -8 -11
24: -8 -12
44: -16 -17
45: -16 -18
58: -21 -23
59: -21 -24
78: -29 -30
95: 31 32 33 34 35 36
111: 37 38 39 40 41 42
127: 43 44 45 46 47 48
159: 55 56 57 58 59 60
163: -61 -65
191: 67 68 69 70 71 72
207: 73 74 75 76 77 78
221: -82 -84
223: 79 80 81 82 83 84
274: -103 -106
287: 103 104 105 106 107 108
303: 109 110 111 112 113 114
308: -115 -120
319: 115 116 117 118 119 120
383: 139 140 141 142 143 144
390: -146 -148
393: -147 -148
399: 145 146 147 148 149 150
401: -151 -153
404: -151 -156
408: -152 -156
410: -153 -155
415: 151 152 153 154 155 156
427: -159 -162
435: -163 -167
479: 175 176 177 178 179 180
485: -182 -183
486: -182 -184
491: -183 -186
495: 181 182 183 184 185 186
496: -187 -188
499: -187 -191
500: -187 -192
504: -188 -192
511: 187 188 189 190 191 192
515: -193 -197
516: -193 -198
527: 193 194 195 196 197 198
531: -199 -203
535: -200 -203
543: 199 200 201 202 203 204
546: -205 -208
548: -205 -210
557: -208 -210
559: 205 206 207 208 209 210
568: -212 -216
569: -213 -214
571: -213 -216
573: -214 -216
575: 211 212 213 214 215 216
864: -39 -79 -1 37
970: -41 -156 -35 61
972: -42 -187 -1 37
979: -42 -188 -8 43
1001: -42 -191 -30 67
1006: -42 -192 -35 61
1051: -74 -50 -8 79
1510: -146 -66 -35 169
1512: -147 -97 -1 145
1692: -182 -67 -1 181
1699: -182 -68 -8 187
1721: -182 -71 -30 211
1728: -183 -103 -1 181
1735: -183 -104 -8 187
1757: -183 -107 -30 211
1762: -183 -108 -35 205
1764: -184 -139 -1 181
1771: -184 -140 -8 187
1793: -184 -143 -30 211
1798: -184 -144 -35 205
1934: -8 -41 -63 14
1935: -8 -41 -64 20
2766: -151 -30 -67 146
2767: -151 -30 -68 152
2929: -156 -207 -50 152
2935: -156 -208 -56 152
2976: -187 -35 -61 182
2977: -187 -35 -62 188
3145: -192 -213 -50 188
3149: -192 -213 -54 212
3151: -192 -214 -56 188
3155: -192 -214 -60 212
3306: -16 -114 -103 3
3598: -54 -192 -107 63
4007: -126 -200 -84 141
4218: -162 -206 -79 147
4244: -162 -210 -105 159
4245: -162 -210 -106 165
4275: -193 -35 -100 201
4277: -193 -35 -102 213
4894: -60 -192 -143 64
5514: -168 -206 -115 148
5741: -204 -213 -126 214
5946: -30 -182 -151 5
5947: -30 -182 -152 11
5952: -30 -183 -157 5
5954: -30 -183 -159 17
5956: -30 -183 -161 29
5961: -30 -184 -166 23
5986: -61 -8 -155 65
5987: -61 -8 -156 71
6180: -66 -191 -169 41
6212: -97 -16 -165 89
6864: -205 -35 -169 185
6866: -205 -35 -171 197
6868: -205 -35 -173 209
6884: -206 -68 -153 197
6893: -206 -69 -162 215
6899: -206 -70 -168 215
6935: -207 -106 -168 215
6965: -208 -141 -162 215
7026: -210 -212 -151 185
7027: -210 -212 -152 191
7030: -210 -212 -155 209
7035: -210 -213 -160 203
7206: -35 -146 -187 6
7278: -67 -8 -187 42
7282: -67 -8 -191 66
7283: -67 -8 -192 72
7446: -71 -156 -211 42
7451: -71 -156 -216 72
7476: -72 -191 -205 42
7484: -72 -192 -213 54
7485: -72 -192 -214 60
7506: -103 -16 -199 78
7510: -103 -16 -203 102
7511: -103 -16 -204 108
7662: -107 -162 -211 78
7717: -139 -21 -194 120
7720: -139 -21 -197 138
7721: -139 -21 -198 144
7746: -140 -56 -187 114
7878: -143 -168 -211 114
7950: -175 -30 -211 150
7952: -175 -30 -213 162
7955: -175 -30 -216 180
8027: -177 -102 -216 180
8063: -178 -138 -216 180
8161: -211 -35 -206 192
8165: -211 -35 -210 216
8705: -55 -41 -156 34
8849: -79 -77 -162 32
9483: -187 -183 -106 20
9488: -187 -184 -141 14
9619: -211 -182 -68 12
9692: -8 -8 -39 50
9693: -8 -8 -40 56
9695: -8 -8 -42 68
10330: -110 -120 -203 61
10547: -146 -156 -210 67
10732: -182 -187 -35 61
10761: -182 -192 -214 55
10904: -206 -192 -213 53
10912: -212 -187 -35 66
10933: -212 -191 -176 48
10939: -212 -192 -212 48
11075: -21 -16 -114 106
11161: -39 -49 -8 79
11375: -69 -54 -192 108
11838: -147 -162 -205 73
11839: -147 -162 -206 79
11843: -147 -162 -210 103
11946: -165 -162 -205 76
12028: -183 -193 -35 97
12052: -183 -197 -179 97
12329: -16 -21 -78 141
12493: -46 -55 -8 116
12651: -70 -57 -82 132
12671: -70 -60 -192 144
13135: -148 -168 -206 115
13136: -148 -168 -207 121
13139: -148 -168 -210 139
13171: -154 -168 -206 116
13175: -154 -168 -210 140
13283: -172 -168 -210 143
13319: -178 -168 -210 144
13504: -214 -199 -35 138
13747: -35 -30 -182 156
13748: -35 -30 -183 162
13751: -35 -30 -186 180
13787: -41 -66 -192 175
13962: -71 -66 -187 150
14669: -191 -207 -108 176
14675: -191 -208 -144 176
15001: -30 -35 -146 191
15002: -30 -35 -147 197
15003: -30 -35 -148 203
15004: -30 -35 -149 209
15049: -42 -67 -8 187
15085: -48 -67 -8 188
15121: -54 -67 -8 189
15157: -60 -67 -8 190
15193: -66 -67 -8 191
15258: -72 -72 -187 186
15263: -72 -72 -192 216
15339: -90 -103 -16 201
15375: -96 -103 -16 202
15411: -102 -103 -16 203
15478: -108 -108 -197 210
15694: -144 -144 -203 210
15695: -144 -144 -204 216
15737: -156 -175 -30 212
15773: -162 -175 -30 213
15809: -168 -175 -30 214
15983: -192 -216 -216 212
16019: -198 -216 -216 213
16055: -204 -216 -216 214
16060: -210 -211 -35 209
16134: -1 -7 -1 2
16140: -1 -13 -1 3
16146: -1 -19 -1 4
16152: -1 -25 -1 5
16158: -1 -31 -1 6
16344: -37 -1 -37 7
16553: -67 -30 -42 191
16560: -73 -1 -73 13
16603: -79 -8 -74 50
16604: -79 -8 -75 86
16766: -103 -30 -75 89
16769: -103 -30 -78 197
16776: -109 -1 -109 19
16983: -139 -30 -112 131
16992: -145 -1 -145 25
17035: -151 -8 -146 62
17208: -181 -1 -181 31
17251: -187 -8 -182 68
17253: -187 -8 -184 140
17255: -187 -8 -186 212
17330: -199 -16 -183 105
17383: -205 -35 -182 72
17384: -205 -35 -183 108
17385: -205 -35 -184 144
17387: -205 -35 -186 216
17413: -211 -30 -182 71
17414: -211 -30 -183 107
17415: -211 -30 -184 143
17461: -8 -38 -8 37
17467: -8 -44 -8 38
17485: -8 -62 -8 41
17491: -8 -68 -8 42
18066: -104 -72 -79 18
18067: -104 -72 -80 54
18068: -104 -72 -81 90
18069: -104 -72 -82 126
18070: -104 -72 -83 162
18071: -104 -72 -84 198
18121: -116 -50 -116 57
18139: -116 -68 -116 60
18282: -140 -72 -115 24
18283: -140 -72 -116 60
18285: -140 -72 -118 132
18286: -140 -72 -119 168
18287: -140 -72 -120 204
18355: -152 -68 -152 66
18652: -206 -41 -191 175
18653: -206 -41 -192 211
18659: -206 -47 -192 212
18683: -206 -71 -192 216
18831: -21 -76 -16 109
18843: -21 -88 -16 111
18861: -21 -106 -16 114
19799: -177 -108 -162 210
19806: -183 -79 -193 32
19810: -183 -79 -197 176
19841: -189 -74 -198 211
19948: -207 -77 -197 175
19960: -207 -89 -197 177
20090: -16 -111 -21 73
20096: -16 -117 -21 74
20120: -16 -141 -21 78
20442: -70 -144 -55 12
20443: -70 -144 -56 48
20445: -70 -144 -58 120
20446: -70 -144 -59 156
20447: -70 -144 -60 192
20589: -94 -142 -94 126
21102: -184 -115 -199 32
21106: -184 -115 -203 176
21112: -184 -121 -203 177
21244: -208 -113 -203 175
21262: -208 -131 -203 178
21497: -35 -150 -30 181
21503: -35 -156 -30 182
21509: -35 -162 -30 183
21515: -35 -168 -30 184
21521: -35 -174 -30 185
21527: -35 -180 -30 186
21600: -53 -147 -61 7
22151: -143 -156 -138 200
22157: -143 -162 -138 201
22429: -191 -146 -206 67
22430: -191 -146 -207 103
22431: -191 -146 -208 139
22465: -197 -147 -206 67
22466: -197 -147 -207 103
22467: -197 -147 -208 139
22469: -197 -147 -210 211
22496: -197 -177 -207 108
22497: -197 -177 -208 144
22501: -203 -148 -206 67
22502: -203 -148 -207 103
22503: -203 -148 -208 139
22505: -203 -148 -210 211
22533: -203 -178 -208 144
22540: -209 -149 -209 175
22756: -30 -185 -35 145
22762: -30 -191 -35 146
22768: -30 -197 -35 147
22774: -30 -203 -35 148
22780: -30 -209 -35 149
22786: -30 -215 -35 150
22849: -42 -205 -68 47
22855: -42 -211 -68 48
23039: -72 -216 -72 192
23255: -108 -216 -108 198
23471: -144 -216 -144 204
23545: -162 -183 -176 61
23548: -162 -183 -179 169
23580: -168 -184 -175 25
23581: -168 -184 -176 61
23657: -180 -186 -180 205
23687: -180 -216 -180 210
23695: -186 -187 -212 68
23751: -192 -206 -214 143
23761: -198 -183 -212 67
23785: -198 -207 -212 71
23787: -198 -207 -214 143
23797: -204 -184 -212 67
23821: -204 -208 -212 71
23897: -216 -210 -216 215
23898: -216 -216 -211 36
23925: -8 -14
23926: -8 -20
23928: -8 -32
23949: -21 -33
23963: -16 -34
23998: -30 -36
24014: -61 -67
24015: 37 43 49 55 61 67
24031: 38 44 50 56 62 68
24032: -39 -45
24034: -39 -57
24040: -45 -69
24048: -40 -46
24056: -46 -70
24068: -41 -71
24082: -42 -60
24083: -42 -66
24091: -54 -72
24093: -60 -72
24095: 42 48 54 60 66 72
24104: -79 -103
24159: 76 82 88 94 100 106
24191: 78 84 90 96 102 108
24200: -115 -139
24275: -114 -138
24276: -114 -144
24280: -120 -144
24285: -132 -144
24303: 145 151 157 163 169 175
24320: -147 -153
24335: 147 153 159 165 171 177
24351: 148 154 160 166 172 178
24367: 149 155 161 167 173 179
24383: 150 156 162 168 174 180
24391: -187 -205
24392: -187 -211
24396: -199 -205
24399: 181 187 193 199 205 211
24400: -182 -188
24402: -182 -200
24403: -182 -206
24404: -182 -212
24407: -188 -206
24411: -194 -212
24412: -200 -206
24413: -200 -212
24414: -206 -212
24415: 182 188 194 200 206 212
24416: -183 -189
24417: -183 -195
24418: -183 -201
24419: -183 -207
24420: -183 -213
24423: -189 -207
24424: -189 -213
24428: -201 -207
24430: -207 -213
24432: -184 -190
24434: -184 -202
24435: -184 -208
24436: -184 -214
24439: -190 -208
24440: -190 -214
24442: -196 -208
24446: -208 -214
24453: -191 -197
24454: -191 -203
24463: 185 191 197 203 209 215
24471: -192 -210
24479: 186 192 198 204 210 216
24516: -8 -43 7
24518: -8 -45 79
24519: -8 -46 115
24520: -8 -47 151
24521: -8 -48 187
24549: -188 -46 120
24550: -188 -47 156
24666: -72 -211 32
24668: -72 -213 104
24669: -72 -214 140
24672: -108 -211 33
24678: -144 -211 34
24679: -144 -212 70
24680: -144 -213 106
25305: -89 -162 -106 138
25800: -211 -35 -205 5
25801: -211 -35 -206 41
25832: -212 -70 -201 82
27282: -216 -216 -186 36
27787: -45 -50
27788: -45 -86
27838: -45 -54 -189
27840: -46 -56
27891: -46 -60 -190
27893: -47 -62
28820: -211 -35 -209
28849: -212 -68
28850: -212 -188
28893: -212 -191 -210
28900: -213 -198
28901: -213 -90
28946: -213 -197 -210
28953: -214 -204
28954: -214 -132
28956: -214 -202
28999: -214 -203 -210
29058: 1
29059: 8
29060: 16
29061: 21
29062: 30