1 1 4
UNSAT
0: -1 -2
1: -1 -3
2: -1 -4
3: -1 -5
4: -1 -6
21: -8 -9
23: -8 -11
24: -8 -12
41: -15 -16
44: -16 -17
45: -16 -18
58: -21 -23
62: -23 -24
75: -27 -30
95: 31 32 33 34 35 36
110: -41 -42
111: 37 38 39 40 41 42
123: -45 -48
127: 43 44 45 46 47 48
128: -49 -50
129: -49 -51
132: -49 -54
134: -50 -52
135: -50 -53
136: -50 -54
144: -55 -56
146: -55 -58
147: -55 -59
148: -55 -60
149: -56 -57
159: 55 56 57 58 59 60
160: -61 -62
163: -61 -65
174: -65 -66
175: 61 62 63 64 65 66
176: -67 -68
177: -67 -69
179: -67 -71
180: -67 -72
181: -68 -69
183: -68 -71
191: 67 68 69 70 71 72
207: 73 74 75 76 77 78
208: -79 -80
211: -79 -83
212: -79 -84
223: 79 80 81 82 83 84
260: -97 -102
271: 97 98 99 100 101 102
303: 109 110 111 112 113 114
305: -115 -117
307: -115 -119
308: -115 -120
317: -118 -120
319: 115 116 117 118 119 120
351: 127 128 129 130 131 132
367: 133 134 135 136 137 138
399: 145 146 147 148 149 150
402: -151 -154
403: -151 -155
404: -151 -156
408: -152 -156
414: -155 -156
415: 151 152 153 154 155 156
419: -157 -161
420: -157 -162
424: -158 -162
429: -160 -162
430: -161 -162
431: 157 158 159 160 161 162
432: -163 -164
435: -163 -167
436: -163 -168
438: -164 -166
440: -164 -168
447: 163 164 165 166 167 168
451: -169 -173
452: -169 -174
455: -170 -173
456: -170 -174
458: -171 -173
460: -172 -173
461: -172 -174
462: -173 -174
463: 169 170 171 172 173 174
469: -176 -177
474: -177 -179
479: 175 176 177 178 179 180
485: -182 -183
492: -184 -185
495: 181 182 183 184 185 186
496: -187 -188
497: -187 -189
499: -187 -191
511: 187 188 189 190 191 192
531: -199 -203
559: 205 206 207 208 209 210
564: -211 -216
568: -212 -216
571: -213 -216
573: -214 -216
574: -215 -216
575: 211 212 213 214 215 216
864: -39 -79 -1 37
871: -39 -80 -8 43
886: -39 -82 -23 61
893: -39 -83 -30 67
896: -39 -84 -33 49
900: -40 -115 -1 37
936: -41 -151 -1 37
958: -41 -154 -23 61
965: -41 -155 -30 67
968: -41 -156 -33 49
972: -42 -187 -1 37
979: -42 -188 -8 43
994: -42 -190 -23 61
1001: -42 -191 -30 67
1004: -42 -192 -33 49
1051: -74 -50 -8 79
1152: -77 -157 -1 73
1174: -77 -160 -23 97
1267: -110 -56 -8 115
1275: -110 -57 -16 127
1289: -110 -59 -30 139
1292: -110 -60 -33 121
1390: -113 -166 -23 133
1476: -146 -61 -1 145
1483: -146 -62 -8 151
1491: -146 -63 -16 163
1498: -146 -64 -23 169
1508: -146 -66 -33 157
1512: -147 -97 -1 145
1591: -149 -170 -8 151
1606: -149 -172 -23 169
1616: -149 -174 -33 157
1620: -150 -205 -1 145
1627: -150 -206 -8 151
1642: -150 -208 -23 169
1649: -150 -209 -30 175
1692: -182 -67 -1 181
1699: -182 -68 -8 187
1714: -182 -70 -23 205
1721: -182 -71 -30 211
1735: -183 -104 -8 187
1764: -184 -139 -1 181
1779: -184 -141 -16 199
1786: -184 -142 -23 205
1793: -184 -143 -30 211
1815: -185 -177 -16 199
1865: -186 -215 -30 211
1920: -8 -39 -49 2
1924: -8 -39 -53 26
1926: -8 -40 -55 2
1930: -8 -40 -59 26
1931: -8 -40 -60 32
1932: -8 -41 -61 2
1935: -8 -41 -64 20
1937: -8 -41 -66 32
1938: -8 -42 -67 2
1940: -8 -42 -69 14
1942: -8 -42 -71 26
2322: -79 -16 -55 74
2323: -79 -16 -56 80
2327: -79 -16 -60 104
2471: -83 -160 -60 104
2544: -115 -23 -61 110
2545: -115 -23 -62 116
2546: -115 -23 -63 122
2549: -115 -23 -66 140
2667: -119 -163 -40 128
2766: -151 -30 -67 146
2767: -151 -30 -68 152
2768: -151 -30 -69 158
2769: -151 -30 -70 164
2770: -151 -30 -71 170
2813: -153 -97 -42 176
2856: -154 -135 -49 146
2860: -154 -135 -53 170
2914: -155 -174 -71 170
2964: -187 -33 -49 182
2965: -187 -33 -50 188
2968: -187 -33 -53 206
3125: -191 -179 -66 212
3282: -16 -110 -79 3
3390: -49 -8 -79 39
3393: -49 -8 -82 57
3439: -50 -46 -92 45
3441: -50 -46 -94 57
3443: -50 -46 -96 69
4063: -157 -30 -104 153
4614: -23 -146 -115 4
4620: -23 -147 -121 4
4624: -23 -147 -125 28
4638: -23 -150 -139 4
4641: -23 -150 -142 22
4686: -55 -8 -115 40
4688: -55 -8 -117 52
4689: -55 -8 -118 58
4690: -55 -8 -119 64
4691: -55 -8 -120 70
4741: -56 -47 -134 46
4917: -91 -16 -130 94
5358: -163 -30 -139 148
5362: -163 -30 -143 172
5444: -166 -134 -117 160
5449: -166 -135 -122 154
5468: -166 -138 -141 160
5557: -199 -33 -122 190
5559: -199 -33 -124 202
5561: -199 -33 -126 214
5698: -203 -176 -119 208
5946: -30 -182 -151 5
5947: -30 -182 -152 11
5950: -30 -182 -155 29
5951: -30 -182 -156 35
5952: -30 -183 -157 5
5953: -30 -183 -158 11
5954: -30 -183 -159 17
5956: -30 -183 -161 29
5957: -30 -183 -162 35
5958: -30 -184 -163 5
5962: -30 -184 -167 29
5963: -30 -184 -168 35
5969: -30 -185 -174 35
5982: -61 -8 -151 41
5984: -61 -8 -153 53
5985: -61 -8 -154 59
5986: -61 -8 -155 65
5987: -61 -8 -156 71
6043: -62 -48 -176 47
6045: -62 -48 -178 59
6047: -62 -48 -180 71
6180: -66 -191 -169 41
6211: -97 -16 -164 83
6212: -97 -16 -165 89
6213: -97 -16 -166 95
6317: -100 -123 -162 107
6436: -133 -23 -173 137
6437: -133 -23 -174 143
6518: -136 -127 -147 125
6655: -169 -30 -176 155
6707: -171 -98 -156 179
6717: -171 -100 -166 167
6727: -171 -102 -176 155
6742: -172 -134 -155 173
6749: -172 -135 -162 179
6764: -172 -138 -177 161
6812: -174 -206 -153 161
6816: -174 -207 -157 149
6852: -205 -33 -157 185
6857: -205 -33 -162 215
6901: -206 -71 -170 191
6938: -207 -107 -171 197
6992: -209 -176 -153 197
6993: -209 -176 -154 203
6995: -209 -176 -156 215
6999: -209 -177 -160 203
7001: -209 -177 -162 215
7005: -209 -178 -166 203
7134: -33 -74 -187 6
7163: -33 -78 -216 36
7278: -67 -8 -187 42
7280: -67 -8 -189 54
7281: -67 -8 -190 60
7282: -67 -8 -191 66
7283: -67 -8 -192 72
7415: -70 -120 -216 72
7418: -71 -151 -183 54
7451: -71 -156 -216 72
7533: -104 -50 -190 96
7667: -107 -162 -216 108
7729: -139 -23 -206 120
7811: -141 -96 -216 144
7955: -175 -30 -216 180
7957: -176 -61 -182 156
7958: -176 -61 -183 162
7959: -176 -61 -184 168
7991: -176 -66 -216 180
8027: -177 -102 -216 180
8066: -179 -169 -183 162
8067: -179 -169 -184 168
8074: -179 -170 -191 174
8080: -179 -171 -197 174
8099: -179 -174 -216 180
8660: -49 -40 -117 15
8661: -49 -40 -118 21
8662: -49 -40 -119 27
8735: -61 -40 -120 35
8744: -61 -42 -189 17
8762: -67 -39 -81 18
8766: -67 -40 -115 6
8767: -67 -40 -116 12
8768: -67 -40 -117 18
8769: -67 -40 -118 24
8771: -67 -40 -120 36
8774: -67 -41 -153 18
9281: -151 -149 -174 32
9300: -157 -147 -97 3
9301: -157 -147 -98 9
9302: -157 -147 -99 15
9303: -157 -147 -100 21
9372: -169 -147 -97 5
9373: -169 -147 -98 11
9374: -169 -147 -99 17
9377: -169 -147 -102 35
9476: -187 -182 -69 14
9477: -187 -182 -70 20
9479: -187 -182 -72 32
9691: -8 -8 -38 44
9692: -8 -8 -39 50
9693: -8 -8 -40 56
9694: -8 -8 -41 62
9695: -8 -8 -42 68
9954: -50 -46 -115 39
10020: -62 -45 -79 41
10026: -62 -46 -115 41
10126: -80 -80 -53 62
10263: -104 -79 -16 60
10480: -140 -115 -23 66
10493: -140 -117 -96 72
10554: -152 -152 -61 38
10661: -170 -151 -30 71
10697: -176 -151 -30 72
10708: -176 -153 -101 66
10714: -176 -154 -137 66
10715: -176 -154 -138 72
10721: -176 -155 -174 72
10770: -188 -188 -67 38
10771: -188 -188 -68 44
11145: -33 -16 -112 96
11146: -33 -16 -113 102
11147: -33 -16 -114 108
11170: -39 -50 -47 97
11228: -45 -54 -189 86
11269: -57 -49 -8 82
11707: -129 -122 -56 82
11740: -135 -121 -23 101
11813: -147 -157 -30 103
11842: -147 -162 -209 97
11849: -153 -157 -30 104
11851: -153 -158 -62 80
11863: -153 -160 -134 80
11864: -153 -160 -135 86
11957: -171 -157 -30 107
11993: -177 -157 -30 108
12017: -177 -161 -174 108
12026: -183 -193 -33 85
12052: -183 -197 -179 97
12062: -189 -193 -33 86
12337: -16 -23 -146 117
12338: -16 -23 -147 123
12339: -16 -23 -148 129
12340: -16 -23 -149 135
12341: -16 -23 -150 141
12466: -40 -56 -47 133
12467: -40 -56 -48 139
12637: -70 -55 -8 120
13111: -148 -164 -62 115
13145: -154 -163 -30 140
13181: -160 -163 -30 141
13205: -160 -167 -174 141
13233: -166 -166 -136 130
13235: -166 -166 -138 142
13253: -172 -163 -30 143
13255: -172 -164 -62 119
13384: -190 -203 -179 134
13675: -23 -30 -182 154
13676: -23 -30 -183 160
13677: -23 -30 -184 166
13678: -23 -30 -185 172
13760: -41 -62 -45 157
13763: -41 -62 -48 175
13789: -47 -61 -8 152
13810: -47 -64 -119 170
13861: -59 -61 -8 154
13894: -59 -66 -191 172
13933: -71 -61 -8 156
14011: -83 -98 -50 152
14141: -101 -101 -162 179
14151: -107 -97 -16 168
14188: -113 -133 -23 169
14355: -137 -137 -166 167
14394: -143 -138 -199 150
14405: -149 -169 -30 175
14541: -167 -174 -208 166
14665: -191 -207 -104 152
14671: -191 -208 -140 152
14737: -203 -207 -104 154
14785: -209 -209 -176 155
14788: -209 -209 -179 173
14989: -30 -33 -74 191
14990: -30 -33 -75 197
14991: -30 -33 -76 203
14992: -30 -33 -77 209
14993: -30 -33 -78 215
15056: -42 -68 -45 193
15057: -42 -68 -46 199
15113: -48 -71 -156 212
15121: -54 -67 -8 189
15157: -60 -67 -8 190
15411: -102 -103 -16 203
15523: -120 -140 -56 188
15540: -120 -143 -163 182
15576: -126 -143 -163 183
15598: -132 -140 -59 208
15612: -132 -143 -163 184
15701: -150 -175 -30 211
15758: -156 -179 -171 194
15793: -162 -179 -170 189
15847: -174 -176 -62 191
15849: -174 -176 -64 203
15850: -174 -176 -65 209
16132: -1 -31
16149: -8 -14
16150: -8 -20
16151: -8 -26
16152: -8 -32
16185: -16 -22
16186: -16 -28
16187: -16 -34
16204: -23 -29
16205: -23 -35
16222: -30 -36
16233: -49 -55
16235: -49 -67
16238: -61 -67
16239: 37 43 49 55 61 67
16250: -50 -62
16251: -50 -68
16252: -56 -62
16253: -56 -68
16254: -62 -68
16255: 38 44 50 56 62 68
16256: -39 -45
16260: -39 -69
16264: -45 -69
16271: 39 45 51 57 63 69
16272: -40 -46
16276: -40 -70
16278: -46 -58
16280: -46 -70
16287: 40 46 52 58 64 70
16288: -41 -47
16292: -41 -71
16295: -47 -65
16303: 41 47 53 59 65 71
16319: 42 48 54 60 66 72
16325: -79 -85
16351: 74 80 86 92 98 104
16385: -77 -89
16386: -77 -95
16421: -115 -121
16422: -115 -127
16424: -115 -139
16428: -127 -133
16431: 109 115 121 127 133 139
16436: -110 -140
16446: -134 -140
16447: 110 116 122 128 134 140
16448: -111 -117
16449: -111 -123
16450: -111 -129
16451: -111 -135
16452: -111 -141
16455: -117 -135
16456: -117 -141
16458: -123 -135
16466: -112 -130
16479: 112 118 124 130 136 142
16495: 113 119 125 131 137 143
16496: -114 -120
16502: -120 -132
16511: 114 120 126 132 138 144
16517: -151 -157
16518: -151 -163
16519: -151 -169
16524: -163 -169
16527: 145 151 157 163 169 175
16529: -146 -158
16530: -146 -164
16532: -146 -176
16536: -152 -176
16542: -170 -176
16543: 146 152 158 164 170 176
16544: -147 -153
16548: -147 -177
16552: -153 -177
16555: -159 -177
16557: -165 -177
16558: -171 -177
16559: 147 153 159 165 171 177
16560: -148 -154
16561: -148 -160
16562: -148 -166
16565: -154 -160
16566: -154 -166
16568: -154 -178
16569: -160 -166
16570: -160 -172
16571: -160 -178
16572: -166 -172
16573: -166 -178
16575: 148 154 160 166 172 178
16576: -149 -155
16579: -149 -173
16590: -173 -179
16591: 149 155 161 167 173 179
16593: -150 -162
16599: -156 -174
16602: -162 -174
16607: 150 156 162 168 174 180
16616: -187 -211
16619: -193 -211
16627: -182 -206
16634: -194 -206
16640: -183 -189
16643: -183 -207
16647: -189 -207
16656: -184 -190
16658: -184 -202
16659: -184 -208
16664: -190 -214
16672: -185 -191
16673: -185 -197
16674: -185 -203
16675: -185 -209
16676: -185 -215
16679: -191 -209
16682: -197 -209
16684: -203 -209
16687: 185 191 197 203 209 215
16692: -186 -216
16696: -192 -216
16702: -210 -216
16710: -37 -1 2
16716: -73 -1 3
16722: -109 -1 4
16728: -145 -1 5
16734: -181 -1 6
16741: -8 -44 43
16742: -8 -45 79
16743: -8 -46 115
16744: -8 -47 151
16745: -8 -48 187
16755: -80 -46 117
16757: -80 -48 189
16762: -116 -47 154
16766: -152 -45 83
16767: -152 -46 119
16769: -152 -48 191
16772: -188 -45 84
16773: -188 -46 120
16774: -188 -47 156
16839: -166 -130 131
16841: -166 -132 203
16859: -65 -174 206
16864: -101 -173 171
16880: -209 -171 102
16882: -209 -173 174
16895: -72 -216 212
16901: -108 -216 213
16907: -144 -216 214
16913: -180 -216 215
17212: -45 -79 -41 157
17246: -46 -115 -39 91
17319: -48 -187 -40 139
17320: -48 -187 -41 175
17594: -127 -23 -135 77
17815: -169 -30 -176 42
17816: -169 -30 -177 78
17868: -171 -99 -157 15
18481: -43 -8
18534: -45 -80
18535: -45 -50
18536: -45 -86
18570: -45 -49 -8
18583: -45 -53 -153
18587: -46 -116
18588: -46 -56
18589: -46 -128
18623: -46 -55 -8
18628: -46 -57 -50
18630: -46 -57 -82
18640: -47 -152
18641: -47 -62
18642: -47 -170
18676: -47 -61 -8
18692: -47 -66 -191
18695: -48 -212
18729: -48 -67 -8
18802: -86 -50
18827: -86 -53 -153
19067: -128 -56
19125: -129 -91 -16
19170: -131 -166
19172: -131 -172
19207: -131 -133 -23
19332: -170 -62
19364: -170 -151 -149
19379: -170 -156 -179
19380: -170 -156 -209
19382: -171 -101
19432: -171 -162 -179
19435: -172 -137
19436: -172 -167
19438: -172 -136
19443: -172 -133 -23
19488: -174 -209
19525: -174 -175 -30
19597: -212 -68
19684: -213 -193 -33
19806: 1
19807: 8
19808: 16
19809: 23
19810: 30