1 1 1 1 2
UNSAT
0: -1 -2
1: -1 -3
2: -1 -4
3: -1 -5
4: -1 -6
23: -8 -11
24: -8 -12
42: -15 -17
43: -15 -18
60: -22 -23
61: -22 -24
78: -29 -30
111: 37 38 39 40 41 42
127: 43 44 45 46 47 48
175: 61 62 63 64 65 66
207: 73 74 75 76 77 78
239: 85 86 87 88 89 90
271: 97 98 99 100 101 102
303: 109 110 111 112 113 114
351: 127 128 129 130 131 132
367: 133 134 135 136 137 138
389: -146 -147
390: -146 -148
391: -146 -149
393: -147 -148
396: -148 -149
399: 145 146 147 148 149 150
463: 169 170 171 172 173 174
467: -175 -179
479: 175 176 177 178 179 180
495: 181 182 183 184 185 186
563: -211 -215
567: -212 -215
1001: -42 -191 -30 67
1217: -78 -197 -30 103
1433: -114 -203 -30 139
1476: -146 -61 -1 145
1483: -146 -62 -8 151
1505: -146 -65 -30 175
1510: -146 -66 -35 169
1512: -147 -97 -1 145
1526: -147 -99 -15 157
1541: -147 -101 -30 175
1546: -147 -102 -35 169
1548: -148 -133 -1 145
1569: -148 -136 -22 163
1577: -148 -137 -30 175
1582: -148 -138 -35 169
1865: -186 -215 -30 211
1937: -8 -41 -66 32
2892: -155 -171 -49 146
2898: -155 -172 -55 146
2978: -187 -35 -63 194
2979: -187 -35 -64 200
3269: -15 -77 -102 33
4182: -161 -170 -79 147
4194: -161 -172 -91 147
4273: -193 -35 -98 189
4275: -193 -35 -100 201
4601: -22 -113 -138 34
5478: -167 -170 -115 148
5484: -167 -171 -121 148
5569: -199 -35 -134 190
5570: -199 -35 -135 196
6180: -66 -191 -169 41
6396: -102 -197 -169 77
6612: -138 -203 -169 113
7019: -209 -180 -180 215
7206: -35 -146 -187 6
7208: -35 -146 -189 18
7209: -35 -146 -190 24
7212: -35 -147 -193 6
7213: -35 -147 -194 12
7215: -35 -147 -196 24
7218: -35 -148 -199 6
7219: -35 -148 -200 12
7220: -35 -148 -201 18
7282: -67 -8 -191 66
7504: -103 -15 -197 102
7726: -139 -22 -203 138
9403: -175 -146 -62 12
9404: -175 -146 -63 18
9405: -175 -146 -64 24
9409: -175 -147 -98 12
9410: -175 -147 -99 18
9411: -175 -147 -100 24
9413: -175 -147 -102 36
9415: -175 -148 -134 12
9416: -175 -148 -135 18
9417: -175 -148 -136 24
9419: -175 -148 -138 36
9421: -175 -149 -170 12
9422: -175 -149 -171 18
9423: -175 -149 -172 24
9691: -8 -8 -38 44
9694: -8 -8 -41 62
10517: -146 -151 -30 67
11030: -15 -15 -75 87
11032: -15 -15 -77 99
11813: -147 -157 -30 103
12369: -22 -22 -112 130
12370: -22 -22 -113 136
13109: -148 -163 -30 139
13747: -35 -30 -182 156
13748: -35 -30 -183 162
13749: -35 -30 -184 168
13924: -65 -65 -155 173
14140: -101 -101 -161 173
14356: -137 -137 -167 173
14785: -209 -209 -176 155
14786: -209 -209 -177 161
14787: -209 -209 -178 167
14788: -209 -209 -179 173
15001: -30 -35 -146 191
15002: -30 -35 -147 197
15003: -30 -35 -148 203
15004: -30 -35 -149 209
15005: -30 -35 -150 215
15737: -156 -175 -30 212
15845: -174 -175 -30 215
16152: -8 -32
16171: -15 -33
16189: -22 -34
16207: 5 11 17 23 29 35
16222: -30 -36
16256: -39 -45
16259: -39 -63
16263: -45 -63
16272: -40 -46
16275: -40 -64
16279: -46 -64
16337: -74 -86
16339: -74 -98
16346: -86 -98
16369: -76 -88
16371: -76 -100
16378: -88 -100
16434: -110 -128
16435: -110 -134
16444: -128 -134
16450: -111 -129
16451: -111 -135
16460: -129 -135
16520: -151 -175
16523: -157 -175
16525: -163 -175
16526: -169 -175
16531: -146 -170
16547: -147 -171
16563: -148 -172
16576: -149 -155
16577: -149 -161
16578: -149 -167
16579: -149 -173
16591: 149 155 161 167 173 179
16592: -150 -156
16593: -150 -162
16594: -150 -168
16600: -156 -180
16676: -185 -215
16679: -191 -209
16680: -191 -215
16682: -197 -209
16683: -197 -215
16684: -203 -209
16685: -203 -215
16686: -209 -215
16710: -37 -1 2
16716: -73 -1 3
16722: -109 -1 4
16728: -145 -1 5
16734: -181 -1 6
16741: -8 -44 43
16742: -8 -45 79
16743: -8 -46 115
16744: -8 -47 151
16745: -8 -48 187
16777: -15 -86 49
16778: -15 -87 85
16779: -15 -88 121
16780: -15 -89 157
16781: -15 -90 193
16813: -22 -128 55
16814: -22 -129 91
16815: -22 -130 127
16816: -22 -131 163
16817: -22 -132 199
16856: -65 -171 98
16857: -65 -172 134
16858: -65 -173 170
16861: -101 -170 63
16863: -101 -172 135
16864: -101 -173 171
16867: -137 -170 64
16868: -137 -171 100
16870: -137 -173 172
16882: -209 -173 174
18481: -43 -8
18746: -85 -15
19011: -127 -22
19277: -169 -149
19330: -170 -155
19383: -171 -161
19436: -172 -167
19488: -174 -209
19806: 1
19807: 8
19808: 15
19809: 22
19810: 30