1 1 1 3
UNSAT
0: -1 -2
1: -1 -3
2: -1 -4
3: -1 -5
4: -1 -6
21: -8 -9
23: -8 -11
24: -8 -12
41: -15 -16
42: -15 -17
43: -15 -18
60: -22 -23
62: -23 -24
77: -28 -30
95: 31 32 33 34 35 36
111: 37 38 39 40 41 42
127: 43 44 45 46 47 48
151: -56 -59
160: -61 -62
168: -62 -66
176: -67 -68
191: 67 68 69 70 71 72
207: 73 74 75 76 77 78
212: -79 -84
223: 79 80 81 82 83 84
239: 85 86 87 88 89 90
250: -93 -95
255: 91 92 93 94 95 96
257: -97 -99
271: 97 98 99 100 101 102
283: -105 -108
287: 103 104 105 106 107 108
303: 109 110 111 112 113 114
351: 127 128 129 130 131 132
367: 133 134 135 136 137 138
383: 139 140 141 142 143 144
399: 145 146 147 148 149 150
463: 169 170 171 172 173 174
479: 175 176 177 178 179 180
485: -182 -183
495: 181 182 183 184 185 186
496: -187 -188
512: -193 -194
527: 193 194 195 196 197 198
528: -199 -200
543: 199 200 201 202 203 204
544: -205 -206
547: -205 -209
559: 205 206 207 208 209 210
564: -211 -216
568: -212 -216
571: -213 -216
573: -214 -216
574: -215 -216
575: 211 212 213 214 215 216
864: -39 -79 -1 37
871: -39 -80 -8 43
893: -39 -83 -30 67
933: -40 -120 -34 55
958: -41 -154 -23 61
972: -42 -187 -1 37
1001: -42 -191 -30 67
1149: -76 -126 -34 91
1174: -77 -160 -23 97
1188: -78 -193 -1 73
1217: -78 -197 -30 103
1260: -110 -55 -1 109
1267: -110 -56 -8 115
1296: -111 -91 -1 109
1310: -111 -93 -15 121
1325: -111 -95 -30 139
1329: -111 -96 -34 127
1361: -112 -131 -30 139
1365: -112 -132 -34 127
1390: -113 -166 -23 133
1433: -114 -203 -30 139
1476: -146 -61 -1 145
1692: -182 -67 -1 181
1699: -182 -68 -8 187
1706: -182 -69 -15 193
1714: -182 -70 -23 205
1721: -182 -71 -30 211
1728: -183 -103 -1 181
1735: -183 -104 -8 187
1742: -183 -105 -15 193
1750: -183 -106 -23 205
1757: -183 -107 -30 211
1761: -183 -108 -34 199
1764: -184 -139 -1 181
1786: -184 -142 -23 205
1793: -184 -143 -30 211
1797: -184 -144 -34 199
1829: -185 -179 -30 211
1843: -186 -212 -8 187
1850: -186 -213 -15 193
1858: -186 -214 -23 205
1865: -186 -215 -30 211
1920: -8 -39 -49 2
1926: -8 -40 -55 2
1930: -8 -40 -59 26
1932: -8 -41 -61 2
1937: -8 -41 -66 32
2544: -115 -23 -61 110
2545: -115 -23 -62 116
2768: -151 -30 -69 158
2877: -154 -138 -70 164
2970: -187 -34 -55 182
2971: -187 -34 -56 188
3109: -191 -177 -50 188
3120: -191 -179 -61 182
3121: -191 -179 -62 188
3125: -191 -179 -66 212
3246: -15 -74 -79 3
3251: -15 -74 -84 33
3258: -15 -76 -91 3
3262: -15 -76 -95 27
4172: -160 -138 -105 159
4268: -193 -34 -93 195
4271: -193 -34 -96 213
4913: -91 -15 -126 106
5582: -200 -67 -111 196
5946: -30 -182 -151 5
5951: -30 -182 -156 35
5952: -30 -183 -157 5
5953: -30 -183 -158 11
5954: -30 -183 -159 17
5957: -30 -183 -162 35
5985: -61 -8 -154 59
6207: -97 -15 -160 95
6459: -134 -57 -160 131
6573: -137 -166 -166 131
6859: -205 -34 -164 191
6861: -205 -34 -166 203
6863: -205 -34 -168 215
6993: -209 -176 -154 203
6995: -209 -176 -156 215
6999: -209 -177 -160 203
7001: -209 -177 -162 215
7170: -34 -110 -187 6
7171: -34 -110 -188 12
7176: -34 -111 -193 6
7177: -34 -111 -194 12
7179: -34 -111 -196 24
7182: -34 -112 -199 6
7183: -34 -112 -200 12
7199: -34 -114 -216 36
7282: -67 -8 -191 66
7379: -69 -84 -216 72
7415: -70 -120 -216 72
7526: -104 -49 -183 90
7530: -104 -50 -187 78
7598: -106 -121 -183 90
7650: -107 -160 -199 78
7651: -107 -160 -200 84
7655: -107 -160 -204 108
7728: -139 -23 -205 114
7731: -139 -23 -208 132
7778: -141 -91 -183 126
7858: -143 -164 -191 138
7864: -143 -165 -197 138
7868: -143 -166 -201 126
7887: -144 -199 -184 132
7955: -175 -30 -216 180
7958: -176 -61 -183 162
8061: -178 -138 -214 168
8074: -179 -170 -191 174
8099: -179 -174 -216 180
8157: -211 -34 -202 204
8159: -211 -34 -204 216
8249: -214 -139 -186 216
8667: -49 -41 -154 21
8690: -55 -39 -81 16
8691: -55 -39 -82 22
8703: -55 -41 -154 22
9091: -121 -112 -128 9
9118: -127 -110 -59 28
9163: -133 -112 -128 11
9164: -133 -112 -129 17
9476: -187 -182 -69 14
9500: -187 -186 -213 14
9501: -187 -186 -214 20
9537: -193 -186 -214 21
9555: -199 -183 -106 22
9573: -199 -186 -214 22
9631: -211 -184 -140 12
9632: -211 -184 -141 18
9691: -8 -8 -38 44
9692: -8 -8 -39 50
9693: -8 -8 -40 56
9694: -8 -8 -41 62
9695: -8 -8 -42 68
10093: -74 -81 -86 43
10300: -110 -115 -23 61
10340: -116 -116 -57 50
10531: -146 -154 -134 43
10554: -152 -152 -61 38
10731: -182 -187 -34 55
10753: -182 -191 -176 43
10754: -182 -191 -177 49
10756: -182 -191 -179 61
10770: -188 -188 -67 38
10803: -194 -187 -34 57
10875: -206 -187 -34 59
11029: -15 -15 -74 81
11030: -15 -15 -75 87
11031: -15 -15 -76 93
11033: -15 -15 -78 105
11168: -39 -50 -45 85
11171: -39 -50 -48 103
11341: -69 -49 -8 84
11349: -69 -50 -46 96
11432: -81 -88 -123 86
11622: -111 -126 -199 73
11624: -111 -126 -201 85
11625: -111 -126 -202 91
11780: -141 -122 -57 90
11828: -147 -160 -135 85
12027: -183 -193 -34 91
12030: -183 -194 -67 73
12445: -34 -23 -146 120
12446: -34 -23 -147 126
12448: -34 -23 -149 138
12449: -34 -23 -150 144
12483: -40 -59 -154 127
12519: -46 -59 -154 128
12746: -88 -91 -15 123
12854: -106 -91 -15 126
12896: -112 -128 -57 121
13174: -154 -168 -209 134
13182: -160 -164 -61 111
13189: -160 -165 -98 117
13190: -160 -165 -99 123
13191: -160 -165 -100 129
13192: -160 -165 -101 135
13193: -160 -165 -102 141
13210: -160 -168 -209 135
13230: -166 -166 -133 112
13231: -166 -166 -134 118
13232: -166 -166 -135 124
13233: -166 -166 -136 130
13235: -166 -166 -138 142
13675: -23 -30 -182 154
13676: -23 -30 -183 160
13677: -23 -30 -184 166
13679: -23 -30 -186 178
13861: -59 -61 -8 154
13970: -77 -97 -15 157
14150: -107 -97 -15 162
14406: -149 -170 -61 145
14585: -179 -169 -30 180
14655: -191 -205 -34 164
14691: -197 -205 -34 165
14694: -197 -206 -67 147
14727: -203 -205 -34 166
14730: -203 -206 -67 148
14731: -203 -206 -68 154
14733: -203 -206 -70 166
14734: -203 -206 -71 172
14743: -203 -208 -140 154
14746: -203 -208 -143 172
14785: -209 -209 -176 155
14786: -209 -209 -177 161
14788: -209 -209 -179 173
14995: -30 -34 -110 191
14996: -30 -34 -111 197
14997: -30 -34 -112 203
14998: -30 -34 -113 209
14999: -30 -34 -114 215
15049: -42 -67 -8 187
15302: -84 -103 -15 194
15359: -90 -106 -126 213
15579: -126 -143 -166 201
15931: -186 -214 -140 187
15932: -186 -214 -141 193
15933: -186 -214 -142 199
15935: -186 -214 -144 211
16132: -1 -31
16149: -8 -14
16150: -8 -20
16151: -8 -26
16152: -8 -32
16169: -15 -21
16170: -15 -27
16171: -15 -33
16205: -23 -35
16222: -30 -36
16239: 37 43 49 55 61 67
16251: -50 -68
16253: -56 -68
16254: -62 -68
16255: 38 44 50 56 62 68
16256: -39 -45
16264: -45 -69
16272: -40 -46
16288: -41 -47
16332: -91 -97
16335: 73 79 85 91 97 103
16337: -74 -86
16340: -74 -104
16345: -86 -92
16360: -81 -105
16367: 75 81 87 93 99 105
16369: -76 -88
16379: -88 -106
16381: -94 -106
16411: -90 -108
16434: -110 -128
16435: -110 -134
16436: -110 -140
16446: -134 -140
16447: 110 116 122 128 134 140
16448: -111 -117
16449: -111 -123
16450: -111 -129
16451: -111 -135
16452: -111 -141
16462: -135 -141
16464: -112 -118
16465: -112 -124
16466: -112 -130
16467: -112 -136
16468: -112 -142
16496: -114 -120
16497: -114 -126
16511: 114 120 126 132 138 144
16532: -146 -176
16543: 146 152 158 164 170 176
16547: -147 -171
16548: -147 -177
16560: -148 -154
16561: -148 -160
16562: -148 -166
16565: -154 -160
16567: -154 -172
16568: -154 -178
16569: -160 -166
16570: -160 -172
16571: -160 -178
16576: -149 -155
16577: -149 -161
16580: -149 -179
16590: -173 -179
16607: 150 156 162 168 174 180
16623: 181 187 193 199 205 211
16624: -182 -188
16625: -182 -194
16626: -182 -200
16629: -188 -194
16630: -188 -200
16639: 182 188 194 200 206 212
16641: -183 -195
16642: -183 -201
16643: -183 -207
16644: -183 -213
16658: -184 -202
16666: -196 -208
16672: -185 -191
16673: -185 -197
16674: -185 -203
16675: -185 -209
16676: -185 -215
16677: -191 -197
16678: -191 -203
16679: -191 -209
16681: -197 -203
16682: -197 -209
16684: -203 -209
16687: 185 191 197 203 209 215
16692: -186 -216
16699: -198 -216
16701: -204 -216
16702: -210 -216
16710: -37 -1 2
16716: -73 -1 3
16722: -109 -1 4
16728: -145 -1 5
16734: -181 -1 6
16741: -8 -44 43
16743: -8 -46 115
16744: -8 -47 151
16745: -8 -48 187
16778: -15 -87 85
16780: -15 -89 157
16781: -15 -90 193
16839: -166 -130 131
16841: -166 -132 203
16842: -202 -127 24
16882: -209 -173 174
16895: -72 -216 212
16901: -108 -216 213
16907: -144 -216 214
16913: -180 -216 215
17276: -46 -120 -69 96
18018: -211 -34 -199 4
18019: -211 -34 -200 40
18020: -211 -34 -201 76
18022: -211 -34 -203 148
18481: -43 -8
18570: -45 -49 -8
18587: -46 -116
18588: -46 -56
18623: -46 -55 -8
18692: -47 -66 -191
18746: -85 -15
18835: -86 -79 -15
18888: -88 -91 -15
18901: -88 -95 -160
19012: -127 -112
19170: -131 -166
19488: -174 -209
19542: -211 -186
19629: -212 -187 -186
19682: -213 -193 -186
19749: -214 -203 -178
19806: 1
19807: 8
19808: 15
19809: 23
19810: 30