1 2 3
UNSAT
0: -1 -2
1: -1 -3
2: -1 -4
3: -1 -5
4: -1 -6
21: -8 -9
25: -9 -10
26: -9 -11
27: -9 -12
38: -14 -16
39: -14 -17
40: -14 -18
60: -22 -23
62: -23 -24
77: -28 -30
95: 31 32 33 34 35 36
111: 37 38 39 40 41 42
145: -55 -57
146: -55 -58
159: 55 56 57 58 59 60
175: 61 62 63 64 65 66
191: 67 68 69 70 71 72
207: 73 74 75 76 77 78
210: -79 -82
227: -85 -89
239: 85 86 87 88 89 90
250: -93 -95
255: 91 92 93 94 95 96
271: 97 98 99 100 101 102
287: 103 104 105 106 107 108
293: -110 -111
303: 109 110 111 112 113 114
304: -115 -116
305: -115 -117
306: -115 -118
307: -115 -119
308: -115 -120
311: -116 -119
312: -116 -120
315: -117 -120
317: -118 -120
319: 115 116 117 118 119 120
323: -121 -125
326: -122 -124
327: -122 -125
330: -123 -125
332: -124 -125
333: -124 -126
334: -125 -126
335: 121 122 123 124 125 126
338: -127 -130
342: -128 -130
345: -129 -130
348: -130 -131
351: 127 128 129 130 131 132
356: -133 -138
357: -134 -135
360: -134 -138
363: -135 -138
367: 133 134 135 136 137 138
368: -139 -140
369: -139 -141
370: -139 -142
372: -139 -144
373: -140 -141
374: -140 -142
375: -140 -143
380: -142 -143
381: -142 -144
383: 139 140 141 142 143 144
391: -146 -149
392: -146 -150
395: -147 -150
398: -149 -150
399: 145 146 147 148 149 150
400: -151 -152
401: -151 -153
402: -151 -154
403: -151 -155
404: -151 -156
408: -152 -156
410: -153 -155
411: -153 -156
414: -155 -156
415: 151 152 153 154 155 156
416: -157 -158
417: -157 -159
419: -157 -161
420: -157 -162
424: -158 -162
427: -159 -162
430: -161 -162
431: 157 158 159 160 161 162
432: -163 -164
433: -163 -165
435: -163 -167
436: -163 -168
440: -164 -168
441: -165 -166
442: -165 -167
443: -165 -168
446: -167 -168
447: 163 164 165 166 167 168
450: -169 -172
451: -169 -173
452: -169 -174
455: -170 -173
458: -171 -173
460: -172 -173
462: -173 -174
463: 169 170 171 172 173 174
466: -175 -178
470: -176 -178
471: -176 -179
473: -177 -178
474: -177 -179
477: -178 -180
478: -179 -180
479: 175 176 177 178 179 180
485: -182 -183
489: -183 -184
490: -183 -185
495: 181 182 183 184 185 186
498: -187 -190
499: -187 -191
506: -189 -191
508: -190 -191
509: -190 -192
510: -191 -192
511: 187 188 189 190 191 192
513: -193 -195
514: -193 -196
515: -193 -197
522: -195 -197
524: -196 -197
526: -197 -198
527: 193 194 195 196 197 198
530: -199 -202
532: -199 -204
540: -202 -203
541: -202 -204
543: 199 200 201 202 203 204
544: -205 -206
545: -205 -207
546: -205 -208
547: -205 -209
548: -205 -210
549: -206 -207
552: -206 -210
553: -207 -208
554: -207 -209
555: -207 -210
556: -208 -209
557: -208 -210
559: 205 206 207 208 209 210
560: -211 -212
561: -211 -213
563: -211 -215
564: -211 -216
565: -212 -213
566: -212 -214
567: -212 -215
568: -212 -216
570: -213 -215
571: -213 -216
573: -214 -216
574: -215 -216
575: 211 212 213 214 215 216
900: -40 -115 -1 37
933: -40 -120 -34 55
936: -41 -151 -1 37
958: -41 -154 -23 61
969: -41 -156 -34 55
972: -42 -187 -1 37
1001: -42 -191 -30 67
1116: -76 -121 -1 73
1149: -76 -126 -34 91
1152: -77 -157 -1 73
1160: -77 -158 -9 85
1174: -77 -160 -23 97
1185: -77 -162 -34 91
1188: -78 -193 -1 73
1217: -78 -197 -30 103
1260: -110 -55 -1 109
1268: -110 -56 -9 121
1289: -110 -59 -30 139
1293: -110 -60 -34 127
1296: -111 -91 -1 109
1304: -111 -92 -9 121
1309: -111 -93 -14 115
1325: -111 -95 -30 139
1329: -111 -96 -34 127
1340: -112 -128 -9 121
1345: -112 -129 -14 115
1361: -112 -131 -30 139
1365: -112 -132 -34 127
1368: -113 -163 -1 109
1376: -113 -164 -9 121
1390: -113 -166 -23 133
1397: -113 -167 -30 139
1401: -113 -168 -34 127
1476: -146 -61 -1 145
1484: -146 -62 -9 157
1489: -146 -63 -14 151
1498: -146 -64 -23 169
1505: -146 -65 -30 175
1509: -146 -66 -34 163
1512: -147 -97 -1 145
1520: -147 -98 -9 157
1525: -147 -99 -14 151
1534: -147 -100 -23 169
1541: -147 -101 -30 175
1545: -147 -102 -34 163
1581: -148 -138 -34 163
1592: -149 -170 -9 157
1597: -149 -171 -14 151
1606: -149 -172 -23 169
1617: -149 -174 -34 163
1620: -150 -205 -1 145
1628: -150 -206 -9 157
1633: -150 -207 -14 151
1642: -150 -208 -23 169
1649: -150 -209 -30 175
1692: -182 -67 -1 181
1700: -182 -68 -9 193
1705: -182 -69 -14 187
1714: -182 -70 -23 205
1721: -182 -71 -30 211
1728: -183 -103 -1 181
1750: -183 -106 -23 205
1757: -183 -107 -30 211
1761: -183 -108 -34 199
1764: -184 -139 -1 181
1772: -184 -140 -9 193
1777: -184 -141 -14 187
1786: -184 -142 -23 205
1793: -184 -143 -30 211
1797: -184 -144 -34 199
1800: -185 -175 -1 181
1844: -186 -212 -9 193
1849: -186 -213 -14 187
1858: -186 -214 -23 205
1865: -186 -215 -30 211
1974: -9 -78 -67 2
2480: -83 -162 -69 86
2512: -84 -197 -65 98
2545: -115 -23 -62 116
2546: -115 -23 -63 122
2547: -115 -23 -64 128
2548: -115 -23 -65 134
2549: -115 -23 -66 140
2654: -118 -131 -63 122
2657: -118 -131 -66 140
2683: -119 -166 -56 116
2684: -119 -166 -57 122
2685: -119 -166 -58 128
2686: -119 -166 -59 134
2687: -119 -166 -60 140
2729: -120 -203 -66 140
2813: -153 -97 -42 176
2948: -156 -210 -69 158
2972: -187 -34 -57 194
3122: -191 -179 -63 194
3126: -191 -180 -67 182
3525: -52 -120 -106 57
3592: -54 -191 -101 63
3609: -85 -14 -82 93
3610: -85 -14 -83 99
3844: -121 -23 -101 135
3949: -124 -131 -98 117
3953: -124 -131 -102 141
4022: -126 -203 -99 123
4025: -126 -203 -102 141
4062: -157 -30 -103 147
4063: -157 -30 -104 153
4064: -157 -30 -105 159
4065: -157 -30 -106 165
4066: -157 -30 -107 171
4067: -157 -30 -108 177
4173: -160 -138 -106 165
4225: -162 -207 -86 153
4266: -193 -34 -91 183
4267: -193 -34 -92 189
4268: -193 -34 -93 195
4270: -193 -34 -95 207
4614: -23 -146 -115 4
4617: -23 -146 -118 22
4618: -23 -146 -119 28
4620: -23 -147 -121 4
4622: -23 -147 -123 16
4623: -23 -147 -124 22
4624: -23 -147 -125 28
4632: -23 -149 -133 4
4633: -23 -149 -134 10
4634: -23 -149 -135 16
4635: -23 -149 -136 22
4636: -23 -149 -137 28
4638: -23 -150 -139 4
4639: -23 -150 -140 10
4641: -23 -150 -142 22
4695: -55 -9 -124 58
4696: -55 -9 -125 64
4697: -55 -9 -126 70
4758: -57 -80 -115 40
4845: -59 -154 -130 58
4905: -91 -14 -118 94
4907: -91 -14 -120 106
4970: -93 -85 -111 88
4974: -93 -86 -115 76
5061: -95 -160 -130 94
5077: -96 -193 -110 82
5080: -96 -193 -113 100
5087: -96 -194 -120 106
5101: -96 -197 -134 82
5137: -127 -23 -134 118
5138: -127 -23 -135 124
5267: -131 -164 -120 142
5273: -131 -165 -126 142
5286: -131 -168 -139 112
5358: -163 -30 -139 148
5359: -163 -30 -140 154
5360: -163 -30 -141 160
5361: -163 -30 -142 166
5362: -163 -30 -143 172
5365: -164 -61 -110 154
5421: -165 -100 -130 166
5446: -166 -134 -119 172
5447: -166 -134 -120 178
5449: -166 -135 -122 154
5452: -166 -135 -125 172
5453: -166 -135 -126 178
5464: -166 -137 -137 172
5470: -166 -138 -143 172
5519: -168 -206 -120 178
5525: -168 -207 -126 178
5537: -168 -209 -138 178
5565: -199 -34 -130 202
5566: -199 -34 -131 208
5567: -199 -34 -132 214
5618: -201 -103 -111 196
5691: -203 -175 -112 202
5694: -203 -176 -115 184
5710: -203 -178 -131 208
5735: -204 -212 -120 214
5741: -204 -213 -126 214
5753: -204 -215 -138 214
5946: -30 -182 -151 5
5947: -30 -182 -152 11
5948: -30 -182 -153 17
5950: -30 -182 -155 29
5951: -30 -182 -156 35
5952: -30 -183 -157 5
5953: -30 -183 -158 11
5954: -30 -183 -159 17
5956: -30 -183 -161 29
5957: -30 -183 -162 35
5958: -30 -184 -163 5
5959: -30 -184 -164 11
5960: -30 -184 -165 17
5962: -30 -184 -167 29
5963: -30 -184 -168 35
5992: -61 -9 -161 65
5993: -61 -9 -162 71
6054: -63 -80 -151 41
6088: -64 -115 -149 65
6116: -64 -120 -177 53
6160: -66 -187 -149 65
6201: -97 -14 -154 95
6202: -97 -14 -155 101
6203: -97 -14 -156 107
6240: -98 -51 -157 77
6309: -100 -122 -154 95
6331: -100 -126 -176 83
6359: -101 -160 -168 107
6374: -102 -193 -147 89
6383: -102 -194 -156 107
6390: -102 -196 -163 77
6400: -102 -197 -173 101
6436: -133 -23 -173 137
6437: -133 -23 -174 143
6481: -135 -91 -146 119
6592: -138 -199 -149 137
6599: -138 -200 -156 143
6616: -138 -203 -173 137
6617: -138 -203 -174 143
6622: -138 -204 -179 137
6623: -138 -204 -180 143
6655: -169 -30 -176 155
6656: -169 -30 -177 161
6657: -169 -30 -178 167
6664: -170 -61 -149 173
6700: -171 -97 -149 173
6822: -174 -208 -163 149
6858: -205 -34 -163 185
6859: -205 -34 -164 191
6860: -205 -34 -165 197
6861: -205 -34 -166 203
6862: -205 -34 -167 209
6863: -205 -34 -168 215
6938: -207 -107 -171 197
6957: -208 -140 -154 203
6963: -208 -141 -160 203
6971: -208 -142 -168 215
6986: -209 -175 -147 197
6989: -209 -175 -150 215
6995: -209 -176 -156 215
6999: -209 -177 -160 203
7001: -209 -177 -162 215
7002: -209 -178 -163 185
7003: -209 -178 -164 191
7004: -209 -178 -165 197
7019: -209 -180 -180 215
7031: -210 -212 -156 215
7032: -210 -213 -157 185
7034: -210 -213 -159 197
7036: -210 -213 -161 209
7037: -210 -213 -162 215
7038: -210 -214 -163 185
7043: -210 -214 -168 215
7170: -34 -110 -187 6
7175: -34 -110 -192 36
7176: -34 -111 -193 6
7177: -34 -111 -194 12
7179: -34 -111 -196 24
7181: -34 -111 -198 36
7190: -34 -113 -207 18
7193: -34 -113 -210 36
7195: -34 -114 -212 12
7199: -34 -114 -216 36
7288: -67 -9 -197 66
7289: -67 -9 -198 72
7415: -70 -120 -216 72
7436: -71 -154 -201 54
7447: -71 -156 -212 48
7496: -103 -14 -189 90
7499: -103 -14 -192 108
7529: -104 -49 -186 108
7536: -104 -51 -193 78
7635: -107 -157 -184 96
7637: -107 -157 -186 108
7667: -107 -162 -216 108
7728: -139 -23 -205 114
7730: -139 -23 -207 126
7731: -139 -23 -208 132
7732: -139 -23 -209 138
7733: -139 -23 -210 144
7771: -140 -60 -212 120
7811: -141 -96 -216 144
7835: -142 -130 -204 144
7836: -142 -131 -205 114
7839: -142 -131 -208 132
7841: -142 -131 -210 144
7850: -143 -163 -183 126
7858: -143 -164 -191 138
7887: -144 -199 -184 132
7890: -144 -200 -187 114
7893: -144 -200 -190 132
7896: -144 -201 -193 114
7899: -144 -201 -196 132
7950: -175 -30 -211 150
7951: -175 -30 -212 156
7953: -175 -30 -214 168
7954: -175 -30 -215 174
7955: -175 -30 -216 180
8027: -177 -102 -216 180
8034: -178 -134 -187 150
8040: -178 -135 -193 150
8059: -178 -138 -212 156
8061: -178 -138 -214 168
8063: -178 -138 -216 180
8065: -179 -169 -182 156
8066: -179 -169 -183 162
8067: -179 -169 -184 168
8074: -179 -170 -191 174
8099: -179 -174 -216 180
8122: -180 -208 -203 174
8133: -180 -210 -214 168
8157: -211 -34 -202 204
8159: -211 -34 -204 216
8174: -212 -67 -183 198
8177: -212 -67 -186 216
8190: -212 -70 -199 186
8192: -212 -70 -201 198
8193: -212 -70 -202 204
8195: -212 -70 -204 216
8201: -212 -71 -210 216
8209: -213 -103 -182 192
8219: -213 -104 -192 216
8226: -213 -106 -199 186
8235: -213 -107 -208 204
8240: -213 -108 -213 198
8249: -214 -139 -186 216
8256: -214 -141 -193 186
8746: -61 -42 -191 29
8771: -67 -40 -120 36
8962: -97 -78 -197 29
9058: -115 -112 -131 26
9063: -115 -113 -166 20
9094: -121 -112 -131 27
9099: -121 -113 -166 21
9163: -133 -112 -128 11
9164: -133 -112 -129 17
9166: -133 -112 -131 29
9199: -139 -112 -128 12
9200: -139 -112 -129 18
9263: -151 -146 -66 32
9269: -151 -147 -102 32
9277: -151 -149 -170 8
9281: -151 -149 -174 32
9317: -157 -149 -174 33
9367: -169 -146 -62 11
9368: -169 -146 -63 17
9371: -169 -146 -66 35
9373: -169 -147 -98 11
9374: -169 -147 -99 17
9377: -169 -147 -102 35
9403: -175 -146 -62 12
9404: -175 -146 -63 18
9421: -175 -149 -170 12
9422: -175 -149 -171 18
9501: -187 -186 -214 20
9537: -193 -186 -214 21
9547: -199 -182 -68 10
9548: -199 -182 -69 16
9549: -199 -182 -70 22
9571: -199 -186 -212 10
9572: -199 -186 -213 16
9589: -205 -183 -104 11
9590: -205 -183 -105 17
9618: -211 -182 -67 6
9619: -211 -182 -68 12
9620: -211 -182 -69 18
9621: -211 -182 -70 24
9625: -211 -183 -104 12
9626: -211 -183 -105 18
9627: -211 -183 -106 24
9631: -211 -184 -140 12
9632: -211 -184 -141 18
9633: -211 -184 -142 24
9733: -14 -9 -74 45
9734: -14 -9 -75 51
9735: -14 -9 -76 57
9736: -14 -9 -77 63
9737: -14 -9 -78 69
10031: -62 -46 -120 71
10222: -92 -84 -197 64
10246: -98 -82 -125 65
10261: -104 -79 -14 48
10287: -104 -83 -160 60
10289: -104 -83 -162 72
10300: -110 -115 -23 61
10318: -110 -118 -131 61
10326: -110 -120 -199 37
10329: -110 -120 -202 55
10372: -122 -115 -23 63
10408: -128 -115 -23 64
10444: -134 -115 -23 65
10480: -140 -115 -23 66
10517: -146 -151 -30 67
10526: -146 -153 -99 49
10530: -146 -154 -133 37
10536: -146 -155 -169 37
10541: -146 -155 -174 67
10546: -146 -156 -209 61
10679: -170 -154 -138 71
10697: -176 -151 -30 72
10715: -176 -154 -138 72
10721: -176 -155 -174 72
10731: -182 -187 -34 55
10751: -182 -190 -144 67
10756: -182 -191 -179 61
10758: -182 -192 -211 37
10828: -194 -191 -179 63
10839: -200 -187 -34 58
10869: -200 -192 -214 58
10875: -206 -187 -34 59
10911: -212 -187 -34 60
10935: -212 -191 -178 60
10987: -9 -14 -38 80
10988: -9 -14 -39 86
10989: -9 -14 -40 92
10990: -9 -14 -41 98
10991: -9 -14 -42 104
11302: -57 -54 -191 100
11327: -63 -52 -120 107
11367: -69 -53 -154 96
11369: -69 -53 -156 108
11377: -75 -85 -14 79
11413: -81 -85 -14 80
11449: -87 -85 -14 81
11518: -93 -90 -197 100
11596: -111 -121 -23 97
11610: -111 -124 -127 73
11614: -111 -124 -131 97
11618: -111 -125 -165 85
11622: -111 -126 -199 73
11663: -117 -126 -204 104
11735: -129 -126 -204 106
11740: -135 -121 -23 101
11776: -141 -121 -23 102
11831: -147 -160 -138 103
11832: -147 -161 -169 73
11842: -147 -162 -209 97
11921: -165 -157 -30 106
11957: -171 -157 -30 107
11975: -171 -160 -138 107
11993: -177 -157 -30 108
12009: -177 -160 -136 96
12010: -177 -160 -137 102
12017: -177 -161 -174 108
12027: -183 -193 -34 91
12030: -183 -194 -67 73
12047: -183 -196 -144 103
12052: -183 -197 -179 97
12053: -183 -197 -180 103
12057: -183 -198 -214 91
12088: -189 -197 -179 98
12135: -201 -193 -34 94
12171: -207 -193 -34 95
12196: -207 -197 -179 101
12207: -213 -193 -34 96
12228: -213 -197 -175 78
12230: -213 -197 -177 90
12231: -213 -197 -178 96
12233: -213 -197 -180 108
12445: -34 -23 -146 120
12446: -34 -23 -147 126
12447: -34 -23 -148 132
12448: -34 -23 -149 138
12449: -34 -23 -150 144
12582: -58 -58 -115 112
12587: -58 -58 -120 142
12638: -70 -55 -9 126
12702: -76 -96 -193 109
12802: -94 -94 -125 136
12803: -94 -94 -126 142
12853: -106 -91 -14 120
12892: -112 -127 -23 133
12894: -112 -128 -55 109
12898: -112 -128 -59 133
12899: -112 -128 -60 139
12900: -112 -129 -91 109
12903: -112 -129 -94 127
12904: -112 -129 -95 133
12905: -112 -129 -96 139
12912: -112 -131 -163 109
12913: -112 -131 -164 115
12914: -112 -131 -165 121
12916: -112 -131 -167 133
13072: -142 -127 -23 138
13092: -142 -131 -163 114
13093: -142 -131 -164 120
13097: -142 -131 -168 144
13145: -154 -163 -30 140
13172: -154 -168 -207 122
13173: -154 -168 -208 128
13174: -154 -168 -209 134
13181: -160 -163 -30 141
13210: -160 -168 -209 135
13211: -160 -168 -210 141
13230: -166 -166 -133 112
13231: -166 -166 -134 118
13232: -166 -166 -135 124
13233: -166 -166 -136 130
13235: -166 -166 -138 142
13289: -178 -163 -30 144
13296: -178 -165 -97 114
13297: -178 -165 -98 120
13298: -178 -165 -99 126
13299: -178 -165 -100 132
13300: -178 -165 -101 138
13301: -178 -165 -102 144
13314: -178 -168 -205 114
13351: -184 -204 -212 115
13352: -184 -204 -213 121
13354: -184 -204 -215 133
13388: -190 -204 -213 122
13420: -196 -203 -179 135
13423: -196 -204 -212 117
13449: -202 -202 -142 130
13451: -202 -202 -144 142
13495: -208 -204 -212 119
13496: -208 -204 -213 125
13506: -214 -200 -67 114
13507: -214 -200 -68 120
13509: -214 -200 -70 132
13510: -214 -200 -71 138
13511: -214 -200 -72 144
13675: -23 -30 -182 154
13676: -23 -30 -183 160
13677: -23 -30 -184 166
13678: -23 -30 -185 172
13679: -23 -30 -186 178
13920: -65 -65 -151 149
13923: -65 -65 -154 167
13925: -65 -65 -156 179
14136: -101 -101 -157 149
14139: -101 -101 -160 167
14141: -101 -101 -162 179
14302: -131 -134 -59 172
14308: -131 -135 -95 172
14322: -131 -138 -199 148
14325: -131 -138 -202 166
14405: -149 -169 -30 175
14415: -149 -171 -100 163
14417: -149 -171 -102 175
14430: -149 -174 -205 145
14431: -149 -174 -206 151
14432: -149 -174 -207 157
14441: -155 -169 -30 176
14513: -167 -169 -30 178
14538: -167 -174 -205 148
14540: -167 -174 -207 160
14541: -167 -174 -208 166
14549: -173 -169 -30 179
14585: -179 -169 -30 180
14655: -191 -205 -34 164
14685: -191 -210 -214 164
14691: -197 -205 -34 165
14707: -197 -208 -140 153
14709: -197 -208 -142 165
14727: -203 -205 -34 166
14736: -203 -207 -103 148
14741: -203 -207 -108 178
14756: -203 -210 -213 160
14757: -203 -210 -214 166
14784: -209 -209 -175 149
14785: -209 -209 -176 155
14786: -209 -209 -177 161
14787: -209 -209 -178 167
14788: -209 -209 -179 173
14995: -30 -34 -110 191
14996: -30 -34 -111 197
14997: -30 -34 -112 203
14998: -30 -34 -113 209
14999: -30 -34 -114 215
15050: -42 -67 -9 193
15262: -72 -72 -191 210
15291: -78 -107 -160 199
15363: -90 -107 -160 201
15399: -96 -107 -160 202
15435: -102 -107 -160 203
15478: -108 -108 -197 210
15520: -120 -139 -23 206
15538: -120 -142 -131 206
15543: -120 -143 -166 200
15556: -126 -139 -23 207
15565: -126 -141 -92 189
15566: -126 -141 -93 195
15567: -126 -141 -94 201
15568: -126 -141 -95 207
15571: -126 -142 -128 189
15579: -126 -143 -166 201
15628: -138 -139 -23 209
15630: -138 -140 -55 185
15631: -138 -140 -56 191
15633: -138 -140 -58 203
15634: -138 -140 -59 209
15635: -138 -140 -60 215
15636: -138 -141 -91 185
15638: -138 -141 -93 197
15639: -138 -141 -94 203
15640: -138 -141 -95 209
15641: -138 -141 -96 215
15644: -138 -142 -129 197
15646: -138 -142 -131 209
15648: -138 -143 -163 185
15649: -138 -143 -164 191
15650: -138 -143 -165 197
15653: -138 -143 -168 215
15682: -144 -142 -131 210
15690: -144 -144 -199 186
15691: -144 -144 -200 192
15692: -144 -144 -201 198
15695: -144 -144 -204 216
15701: -150 -175 -30 211
15719: -150 -178 -138 211
15758: -156 -179 -171 194
15793: -162 -179 -170 189
15809: -168 -175 -30 214
15829: -168 -179 -170 190
15830: -168 -179 -171 196
15863: -174 -178 -138 215
15911: -180 -180 -210 216
15925: -186 -213 -104 187
15931: -186 -214 -140 187
15932: -186 -214 -141 193
15964: -192 -213 -107 206
15967: -192 -214 -140 188
15968: -192 -214 -141 194
15970: -192 -214 -143 206
15992: -198 -212 -69 195
15994: -198 -212 -71 207
16028: -204 -212 -69 196
16031: -204 -212 -72 214
16059: -210 -211 -34 203
16062: -210 -212 -67 185
16068: -210 -213 -103 185
16071: -210 -213 -106 203
16072: -210 -213 -107 209
16078: -210 -214 -143 209
16132: -1 -31
16153: -14 -20
16154: -14 -26
16155: -14 -32
16166: -9 -21
16167: -9 -27
16168: -9 -33
16204: -23 -29
16205: -23 -35
16222: -30 -36
16258: -39 -57
16259: -39 -63
16262: -45 -57
16263: -45 -63
16264: -45 -69
16265: -51 -57
16266: -51 -63
16267: -51 -69
16268: -57 -63
16269: -57 -69
16270: -63 -69
16275: -40 -64
16287: 40 46 52 58 64 70
16291: -41 -65
16292: -41 -71
16304: -42 -48
16306: -42 -60
16308: -42 -72
16319: 42 48 54 60 66 72
16335: 73 79 85 91 97 103
16339: -74 -98
16340: -74 -104
16342: -80 -92
16343: -80 -98
16344: -80 -104
16345: -86 -92
16346: -86 -98
16347: -86 -104
16348: -92 -98
16349: -92 -104
16350: -98 -104
16361: -87 -93
16367: 75 81 87 93 99 105
16371: -76 -100
16372: -76 -106
16381: -94 -106
16385: -77 -89
16399: 77 83 89 95 101 107
16401: -78 -90
16402: -78 -96
16415: 78 84 90 96 102 108
16422: -115 -127
16424: -115 -139
16429: -127 -139
16431: 109 115 121 127 133 139
16432: -110 -116
16433: -110 -122
16434: -110 -128
16435: -110 -134
16436: -110 -140
16439: -116 -134
16445: -128 -140
16446: -134 -140
16447: 110 116 122 128 134 140
16448: -111 -117
16451: -111 -135
16452: -111 -141
16456: -117 -141
16458: -123 -135
16460: -129 -135
16462: -135 -141
16463: 111 117 123 129 135 141
16464: -112 -118
16465: -112 -124
16466: -112 -130
16467: -112 -136
16468: -112 -142
16479: 112 118 124 130 136 142
16482: -113 -131
16486: -119 -131
16487: -119 -137
16488: -119 -143
16489: -125 -131
16491: -125 -143
16492: -131 -137
16493: -131 -143
16495: 113 119 125 131 137 143
16496: -114 -120
16497: -114 -126
16498: -114 -132
16499: -114 -138
16500: -114 -144
16501: -120 -126
16502: -120 -132
16503: -120 -138
16504: -120 -144
16505: -126 -132
16506: -126 -138
16507: -126 -144
16508: -132 -138
16509: -132 -144
16510: -138 -144
16511: 114 120 126 132 138 144
16517: -151 -157
16520: -151 -175
16522: -157 -169
16526: -169 -175
16527: 145 151 157 163 169 175
16528: -146 -152
16530: -146 -164
16531: -146 -170
16532: -146 -176
16535: -152 -170
16536: -152 -176
16541: -164 -176
16542: -170 -176
16543: 146 152 158 164 170 176
16544: -147 -153
16546: -147 -165
16547: -147 -171
16548: -147 -177
16550: -153 -165
16556: -165 -171
16557: -165 -177
16558: -171 -177
16559: 147 153 159 165 171 177
16560: -148 -154
16561: -148 -160
16562: -148 -166
16563: -148 -172
16564: -148 -178
16565: -154 -160
16566: -154 -166
16567: -154 -172
16568: -154 -178
16569: -160 -166
16570: -160 -172
16571: -160 -178
16572: -166 -172
16573: -166 -178
16574: -172 -178
16575: 148 154 160 166 172 178
16576: -149 -155
16577: -149 -161
16578: -149 -167
16579: -149 -173
16580: -149 -179
16583: -155 -173
16588: -167 -173
16589: -167 -179
16590: -173 -179
16591: 149 155 161 167 173 179
16595: -150 -174
16596: -150 -180
16599: -156 -174
16600: -156 -180
16604: -168 -174
16606: -174 -180
16607: 150 156 162 168 174 180
16614: -187 -199
16617: -193 -199
16621: -199 -211
16623: 181 187 193 199 205 211
16624: -182 -188
16625: -182 -194
16626: -182 -200
16627: -182 -206
16628: -182 -212
16630: -188 -200
16633: -194 -200
16636: -200 -206
16637: -200 -212
16638: -206 -212
16640: -183 -189
16641: -183 -195
16642: -183 -201
16643: -183 -207
16644: -183 -213
16647: -189 -207
16651: -195 -213
16652: -201 -207
16653: -201 -213
16654: -207 -213
16655: 183 189 195 201 207 213
16658: -184 -202
16659: -184 -208
16660: -184 -214
16663: -190 -208
16664: -190 -214
16665: -196 -202
16666: -196 -208
16669: -202 -214
16670: -208 -214
16671: 184 190 196 202 208 214
16672: -185 -191
16673: -185 -197
16674: -185 -203
16675: -185 -209
16676: -185 -215
16677: -191 -197
16678: -191 -203
16679: -191 -209
16680: -191 -215
16681: -197 -203
16682: -197 -209
16683: -197 -215
16684: -203 -209
16685: -203 -215
16686: -209 -215
16687: 185 191 197 203 209 215
16688: -186 -192
16689: -186 -198
16690: -186 -204
16691: -186 -210
16692: -186 -216
16694: -192 -204
16697: -198 -204
16698: -198 -210
16699: -198 -216
16700: -204 -210
16702: -210 -216
16703: 186 192 198 204 210 216
16710: -37 -1 2
16716: -73 -1 3
16722: -109 -1 4
16728: -145 -1 5
16734: -181 -1 6
16818: -58 -127 20
16821: -58 -130 128
16824: -94 -127 21
16839: -166 -130 131
16842: -202 -127 24
16845: -202 -130 132
16854: -65 -169 26
16858: -65 -173 170
16860: -101 -169 27
16864: -101 -173 171
16870: -137 -173 172
16882: -209 -173 174
16890: -72 -211 32
16892: -72 -213 104
16895: -72 -216 212
16896: -108 -211 33
16899: -108 -214 141
16901: -108 -216 213
16904: -144 -213 106
16906: -144 -215 178
16907: -144 -216 214
16908: -180 -211 35
16913: -180 -216 215
17274: -46 -120 -67 24
17340: -48 -191 -61 35
17514: -89 -160 -91 28
17556: -90 -197 -97 35
17593: -127 -23 -134 41
17594: -127 -23 -135 77
17595: -127 -23 -136 113
17597: -127 -23 -138 185
17678: -130 -127 -111 91
17721: -131 -164 -118 134
17724: -131 -165 -121 27
17727: -131 -165 -124 135
17815: -169 -30 -176 42
17816: -169 -30 -177 78
17817: -169 -30 -178 114
17819: -169 -30 -180 186
17970: -174 -206 -151 32
17980: -174 -207 -161 177
18018: -211 -34 -199 4
18019: -211 -34 -200 40
18020: -211 -34 -201 76
18022: -211 -34 -203 148
18054: -212 -70 -199 10
18094: -213 -106 -203 160
18162: -215 -178 -199 28
18695: -48 -212
18853: -88 -93
18938: -89 -162 -207
18960: -90 -213
19012: -127 -112
19064: -128 -58
19067: -128 -56
19112: -128 -119 -166
19120: -129 -93
19165: -129 -125 -166
19170: -131 -166
19171: -131 -136
19172: -131 -172
19173: -131 -167
19180: -131 -164 -118
19185: -131 -165 -124
19207: -131 -133 -23
19208: -131 -134 -118
19211: -131 -135 -124
19222: -131 -138 -203
19226: -132 -204
19277: -169 -149
19379: -170 -156 -179
19382: -171 -101
19385: -171 -99
19426: -171 -160 -167
19428: -171 -160 -135
19432: -171 -162 -179
19433: -171 -162 -209
19448: -172 -134 -59
19488: -174 -209
19489: -174 -179
19491: -174 -210
19525: -174 -175 -30
19542: -211 -186
19563: -211 -34 -202
19582: -211 -183 -198
19594: -212 -72
19595: -212 -192
19597: -212 -68
19609: -212 -69 -198
19638: -212 -190 -204
19641: -212 -191 -210
19647: -213 -108
19648: -213 -198
19650: -213 -105
19669: -213 -106 -202
19685: -213 -194 -192
19691: -213 -196 -204
19694: -213 -197 -210
19700: -214 -144
19701: -214 -204
19703: -214 -142
19737: -214 -199 -34
19741: -214 -201 -198
19748: -214 -203 -180
19753: -215 -180
19806: 1
19807: 9
19808: 14
19809: 23
19810: 30