1 5
UNSAT
0: -1 -2
1: -1 -3
2: -1 -4
3: -1 -5
4: -1 -6
21: -8 -9
25: -9 -10
26: -9 -11
27: -9 -12
38: -14 -16
44: -16 -17
45: -16 -18
55: -20 -23
62: -23 -24
72: -26 -30
95: 31 32 33 34 35 36
111: 37 38 39 40 41 42
127: 43 44 45 46 47 48
139: -51 -54
163: -61 -65
175: 61 62 63 64 65 66
191: 67 68 69 70 71 72
207: 73 74 75 76 77 78
223: 79 80 81 82 83 84
239: 85 86 87 88 89 90
255: 91 92 93 94 95 96
271: 97 98 99 100 101 102
274: -103 -106
278: -104 -106
285: -106 -108
287: 103 104 105 106 107 108
303: 109 110 111 112 113 114
319: 115 116 117 118 119 120
338: -127 -130
339: -127 -131
340: -127 -132
367: 133 134 135 136 137 138
370: -139 -142
371: -139 -143
381: -142 -144
383: 139 140 141 142 143 144
389: -146 -147
390: -146 -148
391: -146 -149
392: -146 -150
394: -147 -149
395: -147 -150
398: -149 -150
399: 145 146 147 148 149 150
400: -151 -152
403: -151 -155
406: -152 -154
407: -152 -155
408: -152 -156
409: -153 -154
413: -154 -156
415: 151 152 153 154 155 156
416: -157 -158
417: -157 -159
418: -157 -160
419: -157 -161
420: -157 -162
429: -160 -162
431: 157 158 159 160 161 162
432: -163 -164
434: -163 -166
435: -163 -167
436: -163 -168
443: -165 -168
446: -167 -168
450: -169 -172
451: -169 -173
452: -169 -174
454: -170 -172
455: -170 -173
456: -170 -174
462: -173 -174
463: 169 170 171 172 173 174
466: -175 -178
469: -176 -177
470: -176 -178
471: -176 -179
473: -177 -178
477: -178 -180
479: 175 176 177 178 179 180
485: -182 -183
486: -182 -184
495: 181 182 183 184 185 186
496: -187 -188
497: -187 -189
499: -187 -191
500: -187 -192
502: -188 -190
503: -188 -191
504: -188 -192
506: -189 -191
508: -190 -191
510: -191 -192
511: 187 188 189 190 191 192
512: -193 -194
513: -193 -195
514: -193 -196
515: -193 -197
516: -193 -198
518: -194 -196
519: -194 -197
520: -194 -198
522: -195 -197
523: -195 -198
524: -196 -197
526: -197 -198
527: 193 194 195 196 197 198
528: -199 -200
529: -199 -201
530: -199 -202
531: -199 -203
532: -199 -204
533: -200 -201
535: -200 -203
536: -200 -204
539: -201 -204
542: -203 -204
543: 199 200 201 202 203 204
544: -205 -206
547: -205 -209
548: -205 -210
549: -206 -207
551: -206 -209
552: -206 -210
555: -207 -210
557: -208 -210
558: -209 -210
559: 205 206 207 208 209 210
560: -211 -212
561: -211 -213
562: -211 -214
563: -211 -215
564: -211 -216
567: -212 -215
568: -212 -216
571: -213 -216
572: -214 -215
573: -214 -216
574: -215 -216
575: 211 212 213 214 215 216
850: -38 -46 -23 61
857: -38 -47 -30 67
859: -38 -48 -32 43
864: -39 -79 -1 37
872: -39 -80 -9 49
879: -39 -81 -16 55
886: -39 -82 -23 61
893: -39 -83 -30 67
895: -39 -84 -32 43
900: -40 -115 -1 37
908: -40 -116 -9 49
929: -40 -119 -30 67
936: -41 -151 -1 37
958: -41 -154 -23 61
967: -41 -156 -32 43
1044: -74 -49 -1 73
1088: -75 -86 -9 85
1102: -75 -88 -23 97
1131: -76 -123 -16 91
1152: -77 -157 -1 73
1167: -77 -159 -16 91
1174: -77 -160 -23 97
1181: -77 -161 -30 103
1183: -77 -162 -32 79
1188: -78 -193 -1 73
1217: -78 -197 -30 103
1368: -113 -163 -1 109
1390: -113 -166 -23 133
1404: -114 -199 -1 109
1476: -146 -61 -1 145
1491: -146 -63 -16 163
1498: -146 -64 -23 169
1505: -146 -65 -30 175
1507: -146 -66 -32 151
1512: -147 -97 -1 145
1520: -147 -98 -9 157
1527: -147 -99 -16 163
1534: -147 -100 -23 169
1592: -149 -170 -9 157
1620: -150 -205 -1 145
1628: -150 -206 -9 157
1635: -150 -207 -16 163
1642: -150 -208 -23 169
1649: -150 -209 -30 175
1651: -150 -210 -32 151
1692: -182 -67 -1 181
1700: -182 -68 -9 193
1707: -182 -69 -16 199
1714: -182 -70 -23 205
1721: -182 -71 -30 211
1723: -182 -72 -32 187
1750: -183 -106 -23 205
1764: -184 -139 -1 181
1772: -184 -140 -9 193
1779: -184 -141 -16 199
1786: -184 -142 -23 205
1793: -184 -143 -30 211
1844: -186 -212 -9 193
1851: -186 -213 -16 199
1858: -186 -214 -23 205
1865: -186 -215 -30 211
1956: -9 -75 -49 2
1959: -9 -75 -52 20
1962: -9 -76 -55 2
1968: -9 -77 -61 2
1970: -9 -77 -63 14
2104: -43 -9 -53 62
2342: -80 -49 -39 86
2378: -81 -85 -39 86
2485: -84 -193 -38 80
2509: -84 -197 -62 80
2546: -115 -23 -63 122
2617: -117 -95 -62 116
2665: -119 -163 -38 116
2688: -119 -167 -61 110
2701: -120 -199 -38 116
2704: -120 -199 -41 134
2766: -151 -30 -67 146
2767: -151 -30 -68 152
2768: -151 -30 -69 158
2769: -151 -30 -70 164
2770: -151 -30 -71 170
2771: -151 -30 -72 176
2963: -187 -32 -48 212
3097: -191 -175 -38 188
3120: -191 -179 -61 182
3122: -191 -179 -63 194
3126: -191 -180 -67 182
3155: -192 -214 -60 212
3308: -16 -114 -105 15
3496: -52 -115 -77 63
3566: -54 -187 -75 51
3749: -89 -157 -78 105
4062: -157 -30 -103 147
4064: -157 -30 -105 159
4065: -157 -30 -106 165
4066: -157 -30 -107 171
4067: -157 -30 -108 177
4101: -158 -66 -106 165
4241: -162 -209 -102 177
4254: -193 -32 -79 183
4255: -193 -32 -80 189
4256: -193 -32 -81 195
4257: -193 -32 -82 201
4258: -193 -32 -83 207
4355: -195 -108 -108 213
4394: -197 -175 -75 195
4395: -197 -175 -76 201
4396: -197 -175 -77 207
4400: -197 -176 -81 195
4401: -197 -176 -82 201
4403: -197 -176 -84 213
4433: -198 -211 -78 213
4437: -198 -212 -82 201
4615: -23 -146 -116 10
4618: -23 -146 -119 28
4619: -23 -146 -120 34
4620: -23 -147 -121 4
4623: -23 -147 -124 22
4624: -23 -147 -125 28
4632: -23 -149 -133 4
4636: -23 -149 -137 28
4639: -23 -150 -140 10
5140: -127 -23 -137 136
5358: -163 -30 -139 148
5360: -163 -30 -141 160
5361: -163 -30 -142 166
5362: -163 -30 -143 172
5363: -163 -30 -144 178
5444: -166 -134 -117 160
5448: -166 -135 -121 148
5449: -166 -135 -122 154
5452: -166 -135 -125 172
5468: -166 -138 -141 160
5476: -167 -169 -113 172
5533: -168 -209 -134 154
5550: -199 -32 -115 184
5551: -199 -32 -116 190
5552: -199 -32 -117 196
5553: -199 -32 -118 202
5555: -199 -32 -120 214
5687: -202 -144 -144 214
5696: -203 -176 -117 196
5697: -203 -176 -118 202
5699: -203 -176 -120 214
5732: -204 -212 -117 196
5734: -204 -212 -119 208
5946: -30 -182 -151 5
5947: -30 -182 -152 11
5948: -30 -182 -153 17
5951: -30 -182 -156 35
5952: -30 -183 -157 5
5953: -30 -183 -158 11
5956: -30 -183 -161 29
5957: -30 -183 -162 35
5958: -30 -184 -163 5
5959: -30 -184 -164 11
5960: -30 -184 -165 17
5962: -30 -184 -167 29
5963: -30 -184 -168 35
5988: -61 -9 -157 41
5989: -61 -9 -158 47
5991: -61 -9 -160 59
5992: -61 -9 -161 65
6013: -62 -43 -146 47
6024: -62 -45 -157 41
6046: -62 -48 -179 65
6052: -63 -79 -149 65
6100: -64 -117 -161 65
6138: -65 -154 -163 41
6213: -97 -16 -166 95
6214: -97 -16 -167 101
6374: -102 -193 -147 89
6436: -133 -23 -173 137
6484: -135 -91 -149 137
6553: -137 -163 -146 119
6655: -169 -30 -176 155
6656: -169 -30 -177 161
6657: -169 -30 -178 167
6672: -170 -63 -157 149
6681: -170 -64 -166 167
6682: -170 -64 -167 173
6694: -170 -66 -179 173
6805: -174 -205 -146 155
6806: -174 -205 -147 161
6814: -174 -206 -155 173
6816: -174 -207 -157 149
6823: -174 -208 -164 155
6836: -174 -210 -177 161
6846: -205 -32 -151 185
6849: -205 -32 -154 203
6850: -205 -32 -155 209
6851: -205 -32 -156 215
6889: -206 -69 -158 191
6895: -206 -70 -164 191
6901: -206 -71 -170 191
6904: -206 -71 -173 209
6906: -206 -72 -175 185
6907: -206 -72 -176 191
6933: -207 -106 -166 203
6963: -208 -141 -160 203
6993: -209 -176 -154 203
6995: -209 -176 -156 215
6996: -209 -177 -157 185
6999: -209 -177 -160 203
7005: -209 -178 -166 203
7009: -209 -179 -170 191
7019: -209 -180 -180 215
7023: -210 -211 -148 203
7032: -210 -213 -157 185
7038: -210 -214 -163 185
7041: -210 -214 -166 203
7043: -210 -214 -168 215
7098: -32 -38 -187 6
7099: -32 -38 -188 12
7101: -32 -38 -190 24
7103: -32 -38 -192 36
7104: -32 -39 -193 6
7105: -32 -39 -194 12
7106: -32 -39 -195 18
7107: -32 -39 -196 24
7109: -32 -39 -198 36
7110: -32 -40 -199 6
7111: -32 -40 -200 12
7112: -32 -40 -201 18
7113: -32 -40 -202 24
7115: -32 -40 -204 36
7116: -32 -41 -205 6
7117: -32 -41 -206 12
7121: -32 -41 -210 36
7127: -32 -42 -216 36
7284: -67 -9 -193 42
7285: -67 -9 -194 48
7288: -67 -9 -197 66
7309: -68 -43 -182 48
7320: -68 -45 -193 42
7326: -68 -46 -199 42
7333: -68 -47 -206 48
7337: -68 -47 -210 72
7343: -68 -48 -216 72
7346: -69 -79 -183 54
7366: -69 -82 -203 66
7421: -71 -151 -186 72
7438: -71 -154 -203 66
7439: -71 -154 -204 72
7459: -72 -188 -188 48
7506: -103 -16 -199 78
7511: -103 -16 -204 108
7601: -106 -121 -186 108
7614: -106 -124 -199 78
7620: -106 -125 -205 78
7624: -106 -125 -209 102
7628: -106 -126 -213 90
7635: -107 -157 -184 96
7637: -107 -157 -186 108
7729: -139 -23 -206 120
7741: -140 -55 -182 120
7775: -140 -60 -216 144
7811: -141 -96 -216 144
7870: -143 -166 -203 138
7871: -143 -166 -204 144
7881: -143 -168 -214 132
7950: -175 -30 -211 150
7951: -175 -30 -212 156
7953: -175 -30 -214 168
7955: -175 -30 -216 180
7991: -176 -66 -216 180
7994: -177 -97 -183 162
8027: -177 -102 -216 180
8033: -178 -133 -186 180
8040: -178 -135 -193 150
8046: -178 -136 -199 150
8056: -178 -137 -209 174
8060: -178 -138 -213 162
8071: -179 -170 -188 156
8073: -179 -170 -190 168
8074: -179 -170 -191 174
8080: -179 -171 -197 174
8099: -179 -174 -216 180
8144: -211 -32 -189 198
8145: -211 -32 -190 204
8146: -211 -32 -191 210
8147: -211 -32 -192 216
8177: -212 -67 -186 216
8201: -212 -71 -210 216
8213: -213 -103 -186 216
8214: -213 -104 -187 186
8226: -213 -106 -199 186
8230: -213 -106 -203 210
8231: -213 -106 -204 216
8233: -213 -107 -206 192
8249: -214 -139 -186 216
8273: -214 -143 -210 216
8619: -43 -39 -82 20
8648: -49 -38 -45 15
8649: -49 -38 -46 21
8650: -49 -38 -47 27
8699: -55 -40 -120 34
8720: -61 -38 -45 17
8756: -67 -38 -45 18
8847: -79 -77 -160 20
9259: -151 -146 -62 8
9260: -151 -146 -63 14
9268: -151 -147 -101 26
9277: -151 -149 -170 8
9278: -151 -149 -171 14
9280: -151 -149 -173 26
9283: -151 -150 -206 8
9284: -151 -150 -207 14
9285: -151 -150 -208 20
9296: -157 -146 -63 15
9297: -157 -146 -64 21
9299: -157 -146 -66 33
9300: -157 -147 -97 3
9302: -157 -147 -99 15
9303: -157 -147 -100 21
9305: -157 -147 -102 33
9314: -157 -149 -171 15
9316: -157 -149 -173 27
9317: -157 -149 -174 33
9318: -157 -150 -205 3
9320: -157 -150 -207 15
9321: -157 -150 -208 21
9323: -157 -150 -210 33
9352: -163 -149 -173 28
9353: -163 -149 -174 34
9359: -163 -150 -210 34
9367: -169 -146 -62 11
9368: -169 -146 -63 17
9374: -169 -147 -99 17
9377: -169 -147 -102 35
9390: -169 -150 -205 5
9391: -169 -150 -206 11
9392: -169 -150 -207 17
9394: -169 -150 -209 29
9395: -169 -150 -210 35
9421: -175 -149 -170 12
9422: -175 -149 -171 18
9480: -187 -183 -103 2
9481: -187 -183 -104 8
9482: -187 -183 -105 14
9483: -187 -183 -106 20
9484: -187 -183 -107 26
9500: -187 -186 -213 14
9501: -187 -186 -214 20
9512: -193 -182 -69 15
9513: -193 -182 -70 21
9514: -193 -182 -71 27
9524: -193 -184 -141 15
9536: -193 -186 -213 15
9537: -193 -186 -214 21
9547: -199 -182 -68 10
9551: -199 -182 -72 34
9555: -199 -183 -106 22
9571: -199 -186 -212 10
9573: -199 -186 -214 22
9582: -205 -182 -67 5
9583: -205 -182 -68 11
9584: -205 -182 -69 17
9587: -205 -182 -72 35
9607: -205 -186 -212 11
9619: -211 -182 -68 12
9620: -211 -182 -69 18
9623: -211 -182 -72 36
9632: -211 -184 -141 18
9841: -32 -9 -74 48
9842: -32 -9 -75 54
9843: -32 -9 -76 60
9844: -32 -9 -77 66
9845: -32 -9 -78 72
9876: -38 -45 -79 37
9877: -38 -45 -80 43
9878: -38 -45 -81 49
9880: -38 -45 -83 61
9881: -38 -45 -84 67
9882: -38 -46 -115 37
9883: -38 -46 -116 43
9884: -38 -46 -117 49
9885: -38 -46 -118 55
9887: -38 -46 -120 67
9888: -38 -47 -151 37
9889: -38 -47 -152 43
9890: -38 -47 -153 49
9892: -38 -47 -155 61
10028: -62 -46 -117 53
10046: -68 -43 -9 54
10071: -68 -47 -154 60
10284: -104 -83 -157 42
10343: -116 -116 -60 68
10444: -134 -115 -23 65
10480: -140 -115 -23 66
10500: -140 -119 -163 42
10503: -140 -119 -166 60
10517: -146 -151 -30 67
10530: -146 -154 -133 37
10533: -146 -154 -136 55
10535: -146 -154 -138 67
10540: -146 -155 -173 61
10542: -146 -156 -205 37
10555: -152 -152 -62 44
10556: -152 -152 -63 50
10557: -152 -152 -64 56
10558: -152 -152 -65 62
10559: -152 -152 -66 68
10589: -158 -151 -30 69
10625: -164 -151 -30 70
10661: -170 -151 -30 71
10674: -170 -154 -133 41
10676: -170 -154 -135 53
10697: -176 -151 -30 72
10718: -176 -155 -171 54
10729: -182 -187 -32 43
10743: -182 -189 -106 55
10753: -182 -191 -176 43
10754: -182 -191 -177 49
10770: -188 -188 -67 38
10771: -188 -188 -68 44
10868: -200 -192 -213 52
10873: -206 -187 -32 47
10889: -206 -189 -108 71
10897: -206 -191 -176 47
10898: -206 -191 -177 53
10900: -206 -191 -179 65
10904: -206 -192 -213 53
10999: -9 -16 -110 80
11000: -9 -16 -111 86
11001: -9 -16 -112 92
11002: -9 -16 -113 98
11003: -9 -16 -114 104
11189: -39 -53 -156 103
11190: -39 -54 -187 73
11191: -39 -54 -188 79
11195: -39 -54 -192 103
11220: -45 -53 -151 74
11331: -63 -53 -154 95
11375: -69 -54 -192 108
11400: -75 -89 -157 73
11656: -117 -125 -167 98
11676: -123 -123 -91 75
11678: -123 -123 -93 87
11680: -123 -123 -95 99
11681: -123 -123 -96 105
11776: -141 -121 -23 102
11813: -147 -157 -30 103
11849: -153 -157 -30 104
11874: -153 -162 -205 74
11957: -171 -157 -30 107
11963: -171 -158 -66 107
11993: -177 -157 -30 108
12006: -177 -160 -133 78
12009: -177 -160 -136 96
12010: -177 -160 -137 102
12011: -177 -160 -138 108
12025: -183 -193 -32 79
12049: -183 -197 -176 79
12052: -183 -197 -179 97
12054: -183 -198 -211 73
12055: -183 -198 -212 79
12057: -183 -198 -214 91
12090: -189 -198 -211 74
12169: -207 -193 -32 83
12196: -207 -197 -179 101
12205: -213 -193 -32 84
12222: -213 -196 -139 78
12231: -213 -197 -178 96
12337: -16 -23 -146 117
12338: -16 -23 -147 123
12339: -16 -23 -148 129
12340: -16 -23 -149 135
12341: -16 -23 -150 141
12486: -40 -60 -187 109
12491: -40 -60 -192 139
12516: -46 -59 -151 110
12800: -94 -94 -123 124
12819: -100 -91 -16 131
12855: -106 -91 -16 132
12861: -106 -92 -52 132
12886: -106 -96 -197 138
12892: -112 -127 -23 133
12918: -112 -132 -199 109
13026: -130 -132 -199 112
13145: -154 -163 -30 140
13181: -160 -163 -30 141
13182: -160 -164 -61 111
13183: -160 -164 -62 117
13184: -160 -164 -63 123
13185: -160 -164 -64 129
13188: -160 -165 -97 111
13230: -166 -166 -133 112
13233: -166 -166 -136 130
13235: -166 -166 -138 142
13289: -178 -163 -30 144
13308: -178 -167 -169 114
13321: -184 -199 -32 115
13326: -184 -200 -67 109
13327: -184 -200 -68 115
13330: -184 -200 -71 133
13332: -184 -201 -103 109
13337: -184 -201 -108 139
13344: -184 -203 -175 109
13345: -184 -203 -176 115
13350: -184 -204 -211 109
13465: -208 -199 -32 119
13489: -208 -203 -176 119
13501: -214 -199 -32 120
13675: -23 -30 -182 154
13676: -23 -30 -183 160
13677: -23 -30 -184 166
13678: -23 -30 -185 172
13679: -23 -30 -186 178
13754: -41 -61 -9 157
13761: -41 -62 -46 163
13818: -47 -66 -187 146
13833: -53 -62 -46 165
13848: -53 -65 -151 147
13920: -65 -65 -151 149
13963: -71 -66 -188 156
14074: -89 -102 -197 171
14079: -95 -97 -16 166
14136: -101 -101 -157 149
14137: -101 -101 -158 155
14214: -113 -138 -199 145
14250: -119 -138 -199 146
14322: -131 -138 -199 148
14352: -137 -137 -163 149
14355: -137 -137 -166 167
14405: -149 -169 -30 175
14409: -149 -170 -64 163
14411: -149 -170 -66 175
14430: -149 -174 -205 145
14432: -149 -174 -207 157
14433: -149 -174 -208 163
14441: -155 -169 -30 176
14448: -155 -171 -97 146
14449: -155 -171 -98 152
14451: -155 -171 -100 164
14453: -155 -171 -102 176
14477: -161 -169 -30 177
14513: -167 -169 -30 178
14519: -167 -170 -66 178
14585: -179 -169 -30 180
14589: -179 -170 -64 168
14590: -179 -170 -65 174
14591: -179 -170 -66 180
14653: -191 -205 -32 152
14658: -191 -206 -67 146
14664: -191 -207 -103 146
14665: -191 -207 -104 152
14668: -191 -207 -107 170
14684: -191 -210 -213 158
14689: -197 -205 -32 153
14721: -197 -210 -214 165
14725: -203 -205 -32 154
14730: -203 -206 -67 148
14731: -203 -206 -68 154
14732: -203 -206 -69 160
14734: -203 -206 -71 172
14735: -203 -206 -72 178
14739: -203 -207 -106 166
14742: -203 -208 -139 148
14744: -203 -208 -141 160
14745: -203 -208 -142 166
14746: -203 -208 -143 172
14754: -203 -210 -211 148
14755: -203 -210 -212 154
14756: -203 -210 -213 160
14784: -209 -209 -175 149
14785: -209 -209 -176 155
14786: -209 -209 -177 161
14788: -209 -209 -179 173
14797: -215 -205 -32 156
14983: -30 -32 -38 191
14984: -30 -32 -39 197
14985: -30 -32 -40 203
14986: -30 -32 -41 209
14987: -30 -32 -42 215
15108: -48 -71 -151 182
15111: -48 -71 -154 200
15144: -54 -71 -151 183
15158: -60 -67 -9 196
15166: -60 -68 -47 208
15194: -66 -67 -9 197
15204: -66 -69 -79 185
15258: -72 -72 -187 186
15262: -72 -72 -191 210
15263: -72 -72 -192 216
15339: -90 -103 -16 201
15474: -108 -108 -193 186
15479: -108 -108 -198 216
15508: -114 -143 -167 205
15628: -138 -139 -23 209
15664: -144 -139 -23 210
15691: -144 -144 -200 192
15692: -144 -144 -201 198
15694: -144 -144 -203 210
15695: -144 -144 -204 216
15702: -150 -176 -61 181
15706: -150 -176 -65 205
15715: -150 -178 -134 187
15717: -150 -178 -136 199
15719: -150 -178 -138 211
15722: -150 -179 -171 193
15774: -162 -176 -61 183
15829: -168 -179 -170 190
15846: -174 -176 -61 185
15907: -180 -180 -206 192
15911: -180 -180 -210 216
15921: -186 -212 -70 199
15922: -186 -212 -71 205
15923: -186 -212 -72 211
15925: -186 -213 -104 187
15926: -186 -213 -105 193
15928: -186 -213 -107 205
15929: -186 -213 -108 211
15931: -186 -214 -140 187
15932: -186 -214 -141 193
15933: -186 -214 -142 199
15939: -186 -215 -178 199
15960: -192 -213 -103 182
15961: -192 -213 -104 188
15964: -192 -213 -107 206
16021: -204 -211 -32 190
16057: -210 -211 -32 191
16062: -210 -212 -67 185
16065: -210 -212 -70 203
16067: -210 -212 -72 215
16074: -210 -214 -139 185
16075: -210 -214 -140 191
16077: -210 -214 -142 203
16079: -210 -214 -144 215
16132: -1 -31
16165: -9 -15
16166: -9 -21
16167: -9 -27
16168: -9 -33
16185: -16 -22
16186: -16 -28
16187: -16 -34
16204: -23 -29
16205: -23 -35
16222: -30 -36
16234: -49 -61
16236: -55 -61
16238: -61 -67
16240: -38 -44
16241: -38 -50
16242: -38 -56
16243: -38 -62
16244: -38 -68
16247: -44 -62
16248: -44 -68
16256: -39 -45
16260: -39 -69
16263: -45 -63
16264: -45 -69
16270: -63 -69
16272: -40 -46
16275: -40 -64
16276: -40 -70
16280: -46 -70
16283: -52 -70
16292: -41 -71
16295: -47 -65
16304: -42 -48
16305: -42 -54
16306: -42 -60
16307: -42 -66
16308: -42 -72
16309: -48 -54
16310: -48 -60
16311: -48 -66
16312: -48 -72
16313: -54 -60
16314: -54 -66
16315: -54 -72
16316: -60 -66
16317: -60 -72
16318: -66 -72
16319: 42 48 54 60 66 72
16331: -85 -103
16333: -91 -103
16335: 73 79 85 91 97 103
16337: -74 -86
16338: -74 -92
16339: -74 -98
16340: -74 -104
16341: -80 -86
16346: -86 -98
16348: -92 -98
16349: -92 -104
16350: -98 -104
16353: -75 -87
16368: -76 -82
16372: -76 -106
16388: -77 -107
16399: 77 83 89 95 101 107
16403: -78 -102
16407: -84 -102
16410: -90 -102
16423: -115 -133
16431: 109 115 121 127 133 139
16446: -134 -140
16451: -111 -135
16452: -111 -141
16455: -117 -135
16456: -117 -141
16458: -123 -135
16459: -123 -141
16460: -129 -135
16461: -129 -141
16462: -135 -141
16479: 112 118 124 130 136 142
16487: -119 -137
16495: 113 119 125 131 137 143
16499: -114 -138
16511: 114 120 126 132 138 144
16517: -151 -157
16518: -151 -163
16519: -151 -169
16521: -157 -163
16522: -157 -169
16523: -157 -175
16527: 145 151 157 163 169 175
16528: -146 -152
16531: -146 -170
16532: -146 -176
16535: -152 -170
16536: -152 -176
16541: -164 -176
16542: -170 -176
16543: 146 152 158 164 170 176
16547: -147 -171
16548: -147 -177
16551: -153 -171
16552: -153 -177
16557: -165 -177
16558: -171 -177
16559: 147 153 159 165 171 177
16560: -148 -154
16561: -148 -160
16562: -148 -166
16564: -148 -178
16565: -154 -160
16566: -154 -166
16567: -154 -172
16568: -154 -178
16569: -160 -166
16570: -160 -172
16571: -160 -178
16572: -166 -172
16573: -166 -178
16574: -172 -178
16575: 148 154 160 166 172 178
16580: -149 -179
16583: -155 -173
16589: -167 -179
16590: -173 -179
16591: 149 155 161 167 173 179
16595: -150 -174
16596: -150 -180
16597: -156 -162
16599: -156 -174
16600: -156 -180
16607: 150 156 162 168 174 180
16614: -187 -199
16615: -187 -205
16617: -193 -199
16620: -199 -205
16622: -205 -211
16623: 181 187 193 199 205 211
16624: -182 -188
16626: -182 -200
16627: -182 -206
16628: -182 -212
16631: -188 -206
16632: -188 -212
16634: -194 -206
16635: -194 -212
16636: -200 -206
16638: -206 -212
16639: 182 188 194 200 206 212
16640: -183 -189
16641: -183 -195
16642: -183 -201
16643: -183 -207
16644: -183 -213
16650: -195 -207
16651: -195 -213
16652: -201 -207
16653: -201 -213
16654: -207 -213
16655: 183 189 195 201 207 213
16656: -184 -190
16657: -184 -196
16659: -184 -208
16660: -184 -214
16663: -190 -208
16664: -190 -214
16666: -196 -208
16669: -202 -214
16670: -208 -214
16671: 184 190 196 202 208 214
16672: -185 -191
16673: -185 -197
16674: -185 -203
16675: -185 -209
16676: -185 -215
16677: -191 -197
16678: -191 -203
16679: -191 -209
16680: -191 -215
16681: -197 -203
16682: -197 -209
16683: -197 -215
16684: -203 -209
16685: -203 -215
16686: -209 -215
16687: 185 191 197 203 209 215
16688: -186 -192
16689: -186 -198
16690: -186 -204
16691: -186 -210
16692: -186 -216
16695: -192 -210
16696: -192 -216
16702: -210 -216
16703: 186 192 198 204 210 216
16710: -37 -1 2
16716: -73 -1 3
16722: -109 -1 4
16728: -145 -1 5
16734: -181 -1 6
16755: -80 -46 117
16758: -116 -43 10
16759: -116 -44 46
16760: -116 -45 82
16765: -152 -44 47
16766: -152 -45 83
16770: -188 -43 12
16771: -188 -44 48
16774: -188 -47 156
16796: -123 -87 88
16798: -123 -89 160
16799: -123 -90 196
16839: -166 -130 131
16841: -166 -132 203
16854: -65 -169 26
16860: -101 -169 27
16866: -137 -169 28
16879: -209 -170 66
16880: -209 -171 102
16882: -209 -173 174
16892: -72 -213 104
16893: -72 -214 140
16895: -72 -216 212
16901: -108 -216 213
16907: -144 -216 214
16908: -180 -211 35
16913: -180 -216 215
17303: -47 -154 -60 208
17374: -85 -16 -95 148
17499: -89 -157 -76 133
17593: -127 -23 -134 41
17594: -127 -23 -135 77
17597: -127 -23 -138 185
17814: -169 -30 -175 6
17815: -169 -30 -176 42
17816: -169 -30 -177 78
17817: -169 -30 -178 114
17818: -169 -30 -179 150
17861: -171 -97 -150 193
17929: -173 -169 -146 61
18006: -211 -32 -187 2
18009: -211 -32 -190 110
18010: -211 -32 -191 146
18091: -213 -106 -200 52
18482: -43 -38
18638: -46 -60 -188
18640: -47 -152
18641: -47 -62
18693: -48 -188
18694: -48 -68
18695: -48 -212
18696: -48 -192
18747: -85 -75
18800: -86 -81
18852: -88 -123
18907: -89 -171
18960: -90 -213
19170: -131 -166
19173: -131 -167
19225: -132 -214
19277: -169 -149
19306: -169 -30 -179
19308: -169 -30 -180
19329: -170 -65
19330: -170 -155
19332: -170 -62
19379: -170 -156 -179
19380: -170 -156 -209
19382: -171 -101
19385: -171 -99
19432: -171 -162 -179
19488: -174 -209
19526: -174 -176 -155
19533: -174 -178 -137
19542: -211 -186
19553: -211 -32 -188
19594: -212 -72
19595: -212 -192
19597: -212 -68
19631: -212 -187 -32
19641: -212 -191 -210
19647: -213 -108
19648: -213 -198
19650: -213 -105
19669: -213 -106 -202
19685: -213 -194 -192
19687: -213 -194 -69
19692: -213 -196 -144
19693: -213 -196 -141
19694: -213 -197 -210
19700: -214 -144
19701: -214 -204
19738: -214 -200 -192
19743: -214 -201 -106
19747: -214 -203 -210
19806: 1
19807: 9
19808: 16
19809: 23
19810: 30