4 1 1
UNSAT
6: -2 -4
7: -2 -5
8: -2 -6
27: -9 -12
45: -16 -18
52: -19 -24
78: -29 -30
111: 37 38 39 40 41 42
271: 97 98 99 100 101 102
303: 109 110 111 112 113 114
327: -122 -125
328: -122 -126
334: -125 -126
335: 121 122 123 124 125 126
351: 127 128 129 130 131 132
372: -139 -144
397: -148 -150
399: 145 146 147 148 149 150
412: -154 -155
413: -154 -156
423: -158 -161
428: -160 -161
430: -161 -162
445: -166 -168
446: -167 -168
447: 163 164 165 166 167 168
463: 169 170 171 172 173 174
466: -175 -178
495: 181 182 183 184 185 186
545: -205 -207
546: -205 -208
559: 205 206 207 208 209 210
575: 211 212 213 214 215 216
1340: -112 -128 -9 121
1386: -113 -166 -19 109
1520: -147 -98 -9 157
1527: -147 -99 -16 163
1530: -147 -100 -19 145
1547: -147 -102 -36 175
1583: -148 -138 -36 175
1628: -150 -206 -9 157
1635: -150 -207 -16 163
1638: -150 -208 -19 145
1648: -150 -209 -29 169
1655: -150 -210 -36 175
1792: -184 -143 -29 205
1828: -185 -179 -29 205
2594: -117 -91 -39 122
2846: -154 -133 -39 158
4470: -19 -2 -115 4
4474: -19 -2 -119 28
4475: -19 -2 -120 34
5352: -163 -29 -133 148
5480: -167 -170 -117 160
5506: -167 -174 -143 172
5507: -167 -174 -144 178
5578: -199 -36 -143 208
5916: -29 -147 -157 5
5934: -29 -150 -175 5
5988: -61 -9 -157 41
6409: -133 -19 -146 119
6413: -133 -19 -150 143
6874: -205 -36 -179 209
7260: -36 -185 -205 6
7705: -139 -19 -182 120
7707: -139 -19 -184 132
7947: -175 -29 -208 168
8469: -19 -2 -40 22
8470: -19 -2 -41 28
8471: -19 -2 -42 34
9208: -139 -113 -167 30
9594: -205 -184 -139 5
9661: -2 -9 -74 43
10538: -146 -155 -171 49
10998: -9 -16 -109 74
11162: -39 -49 -9 85
11628: -117 -121 -19 74
11655: -117 -125 -166 92
11833: -147 -161 -170 79
12055: -183 -198 -212 79
12313: -16 -19 -2 117
13129: -148 -167 -170 115
13130: -148 -167 -171 121
13137: -148 -168 -208 127
13209: -160 -168 -208 129
13705: -29 -29 -146 155
13706: -29 -29 -147 161
13707: -29 -29 -148 167
13708: -29 -29 -149 173
13709: -29 -29 -150 179
14184: -113 -133 -19 145
14364: -143 -133 -19 150
14814: -215 -208 -139 150
15044: -36 -36 -183 198
15045: -36 -36 -184 204
15047: -36 -36 -186 216
15480: -114 -139 -19 181
15588: -132 -139 -19 184
15624: -138 -139 -19 185
15700: -150 -175 -29 205
15808: -168 -175 -29 208
16185: -16 -22
16186: -16 -28
16187: -16 -34
16223: 6 12 18 24 30 36
16330: -85 -97
16334: -97 -103
16430: -133 -139
16431: 109 115 121 127 133 139
16434: -110 -128
16441: -122 -128
16448: -111 -117
16453: -117 -123
16454: -117 -129
16495: 113 119 125 131 137 143
16497: -114 -126
16511: 114 120 126 132 138 144
16525: -163 -175
16530: -146 -164
16531: -146 -170
16547: -147 -171
16556: -165 -171
16561: -148 -160
16563: -148 -172
16564: -148 -178
16575: 148 154 160 166 172 178
16582: -155 -167
16585: -161 -167
16591: 149 155 161 167 173 179
16595: -150 -174
16607: 150 156 162 168 174 180
16627: -182 -206
16638: -206 -212
16643: -183 -207
16644: -183 -213
16685: -203 -215
16729: -145 -2 41
16735: -181 -2 42
16839: -166 -130 131
16841: -166 -132 203
16849: -29 -170 61
16850: -29 -171 97
16851: -29 -172 133
16852: -29 -173 169
16853: -29 -174 205
16865: -101 -174 207
16871: -137 -174 208
16887: -36 -214 139
16888: -36 -215 175
16889: -36 -216 211
17894: -172 -133 -147 91
17897: -172 -133 -150 199
17966: -174 -205 -147 103
17967: -174 -205 -148 139
18110: -214 -139 -183 91
18216: -2 -37
18218: -2 -43
18219: -2 -38
18234: -2 -39 -79
19014: -127 -19
19105: -128 -117 -124
19107: -128 -117 -92
19170: -131 -166
19172: -131 -172
19173: -131 -167
19226: -132 -204
19276: -169 -29
19330: -170 -155
19418: -171 -157 -29
19435: -172 -137
19487: -172 -168 -208
19490: -174 -215
19524: -174 -175 -29
19541: -211 -36
19753: -215 -180
19756: -215 -179
19789: -215 -205 -36
19806: 2
19807: 9
19808: 16
19809: 19
19810: 29