4 2
UNSAT
5: -2 -3
6: -2 -4
95: 31 32 33 34 35 36
303: 109 110 111 112 113 114
335: 121 122 123 124 125 126
351: 127 128 129 130 131 132
355: -133 -137
372: -139 -144
399: 145 146 147 148 149 150
495: 181 182 183 184 185 186
872: -39 -80 -9 49
1350: -112 -130 -19 109
1402: -113 -168 -35 133
1433: -114 -203 -30 139
2342: -80 -49 -39 86
4470: -19 -2 -115 4
4474: -19 -2 -119 28
4475: -19 -2 -120 34
6409: -133 -19 -146 119
6410: -133 -19 -147 125
6412: -133 -19 -149 137
7705: -139 -19 -182 120
7706: -139 -19 -183 126
7709: -139 -19 -186 144
9661: -2 -9 -74 43
10381: -122 -117 -92 45
10998: -9 -16 -109 74
10999: -9 -16 -110 80
11002: -9 -16 -113 98
11003: -9 -16 -114 104
11628: -117 -121 -19 74
12313: -16 -19 -2 117
13749: -35 -30 -184 168
14184: -113 -133 -19 145
15003: -30 -35 -148 203
15480: -114 -139 -19 181
16249: -19 -16 -2 39
16955: -133 -35 -114 204
16984: -139 -30 -113 167
17010: -145 -19 -145 28
17226: -181 -19 -181 34
18771: -9 -86 -16 111
18783: -9 -98 -16 113
18789: -9 -104 -16 114
19426: -117 -92 -125 166
19427: -117 -92 -126 202
19433: -117 -98 -126 203
19438: -117 -104 -125 168
20088: -16 -111 -19 1
20100: -16 -123 -19 3
20106: -16 -129 -19 4
20914: -148 -139 -167 174
21125: -184 -133 -204 215
21497: -35 -150 -30 181
21515: -35 -168 -30 184
21521: -35 -174 -30 185
22756: -30 -185 -35 145
22774: -30 -203 -35 148
22786: -30 -215 -35 150
23917: -19 -31
23924: -2 -32
23944: -9 -33
23962: -16 -28
23963: -16 -34
23998: -30 -36
24032: -39 -45
24127: 74 80 86 92 98 104
24207: 109 115 121 127 133 139
24241: -112 -124
24265: -125 -131
24281: -126 -132
24338: -148 -166
24434: -184 -202
24617: -166 -132 203
24622: -202 -131 168
27288: -2 -1 -1
27470: -2 -43
28266: -127 -19
28359: -128 -117 -92
29058: 2
29059: 9
29060: 16
29061: 19
29062: 30