5 1
UNSAT
6: -2 -4
7: -2 -5
8: -2 -6
26: -9 -11
27: -9 -12
44: -16 -17
45: -16 -18
51: -19 -23
62: -23 -24
68: -25 -30
127: 43 44 45 46 47 48
128: -49 -50
129: -49 -51
138: -51 -53
143: 49 50 51 52 53 54
148: -55 -60
152: -56 -60
155: -57 -60
158: -59 -60
159: 55 56 57 58 59 60
175: 61 62 63 64 65 66
176: -67 -68
180: -67 -72
181: -68 -69
191: 67 68 69 70 71 72
207: 73 74 75 76 77 78
223: 79 80 81 82 83 84
239: 85 86 87 88 89 90
240: -91 -92
287: 103 104 105 106 107 108
319: 115 116 117 118 119 120
351: 127 128 129 130 131 132
383: 139 140 141 142 143 144
399: 145 146 147 148 149 150
427: -159 -162
440: -164 -168
465: -175 -177
468: -175 -180
495: 181 182 183 184 185 186
527: 193 194 195 196 197 198
531: -199 -203
559: 205 206 207 208 209 210
567: -212 -215
575: 211 212 213 214 215 216
627: -2 -39 -16 19
901: -40 -115 -2 43
908: -40 -116 -9 49
915: -40 -117 -16 55
924: -40 -119 -25 37
935: -40 -120 -36 67
1104: -75 -89 -25 73
1117: -76 -121 -2 79
1160: -77 -158 -9 85
1212: -78 -197 -25 73
1261: -110 -55 -2 115
1284: -110 -59 -25 109
1441: -145 -25 -2 151
1786: -184 -142 -23 205
1788: -184 -143 -25 181
1799: -184 -144 -36 211
1801: -185 -175 -2 187
1958: -9 -75 -51 14
1967: -9 -76 -60 32
1975: -9 -78 -68 8
1978: -9 -78 -71 26
1979: -9 -78 -72 32
2255: -47 -154 -60 68
2322: -79 -16 -55 74
2354: -80 -51 -51 86
2480: -83 -162 -69 86
2568: -116 -57 -49 110
2635: -118 -128 -44 116
2652: -118 -131 -61 110
2847: -154 -133 -40 164
2851: -154 -134 -44 152
3284: -16 -110 -81 15
3546: -53 -154 -91 39
4219: -162 -206 -80 153
4220: -162 -206 -81 159
4223: -162 -206 -84 177
4289: -194 -67 -78 213
4338: -195 -106 -91 183
4345: -195 -107 -98 189
5766: -25 -2 -151 5
5767: -25 -2 -152 11
5768: -25 -2 -153 17
5771: -25 -2 -156 35
5988: -61 -9 -157 41
6139: -65 -154 -164 47
6870: -205 -36 -175 185
7248: -36 -183 -193 6
7284: -67 -9 -193 42
7287: -67 -9 -196 60
7289: -67 -9 -198 72
7362: -69 -82 -199 42
7921: -175 -25 -182 156
7923: -175 -25 -184 168
8506: -25 -2 -41 29
8507: -25 -2 -42 35
8889: -85 -78 -196 21
9660: -2 -9 -73 37
9661: -2 -9 -74 43
9662: -2 -9 -75 49
9663: -2 -9 -76 55
9664: -2 -9 -77 61
9665: -2 -9 -78 67
9963: -50 -47 -154 57
10896: -206 -191 -175 41
10998: -9 -16 -109 74
10999: -9 -16 -110 80
11198: -45 -49 -9 86
11223: -45 -53 -154 92
11244: -51 -51 -79 75
11306: -63 -49 -9 89
11331: -63 -53 -154 95
11808: -147 -157 -25 73
11841: -147 -162 -208 91
12048: -183 -197 -175 73
12337: -16 -23 -146 117
12458: -40 -55 -9 121
12469: -40 -57 -80 115
12486: -40 -60 -187 109
12945: -118 -130 -130 128
13140: -154 -163 -25 110
13645: -23 -25 -2 154
13790: -47 -61 -9 158
13836: -53 -63 -79 147
14079: -95 -97 -16 166
14784: -209 -209 -175 149
15044: -36 -36 -183 198
15045: -36 -36 -184 204
15046: -36 -36 -185 210
15158: -60 -67 -9 196
15183: -60 -71 -154 202
15194: -66 -67 -9 197
15804: -168 -175 -25 184
15840: -174 -175 -25 185
15972: -192 -215 -175 182
16291: -25 -23 -2 40
16425: -49 -9 -40 116
16509: -61 -23 -40 118
16557: -67 -36 -40 120
16601: -79 -2 -78 193
16643: -85 -9 -78 194
16727: -97 -23 -78 196
16775: -103 -36 -78 198
17206: -175 -36 -149 174
17207: -175 -36 -150 210
17232: -181 -25 -181 35
17246: -187 -2 -183 103
17438: -2 -49 -9 75
17444: -2 -55 -9 76
17456: -2 -67 -9 78
17689: -44 -50 -44 45
17701: -44 -62 -44 47
17707: -44 -68 -44 48
17720: -50 -45 -45 80
17798: -62 -53 -45 81
17899: -80 -44 -80 50
17905: -80 -50 -80 51
17911: -80 -56 -80 52
18115: -116 -44 -116 56
18127: -116 -56 -116 58
18139: -116 -68 -116 60
18273: -140 -60 -118 130
18765: -9 -80 -16 110
18771: -9 -86 -16 111
18777: -9 -92 -16 112
18789: -9 -104 -16 114
19016: -51 -81 -51 80
19022: -51 -87 -51 81
19811: -183 -79 -198 212
19835: -183 -103 -198 216
19904: -195 -105 -195 108
20092: -16 -111 -23 145
20110: -16 -129 -23 148
20122: -16 -141 -23 150
20719: -118 -128 -128 58
20951: -154 -140 -168 210
21131: -184 -139 -204 216
21213: -202 -118 -202 140
21420: -23 -148 -25 1
21438: -23 -166 -25 4
21444: -23 -172 -25 5
21643: -59 -154 -62 44
22585: -215 -162 -206 69
22587: -215 -162 -208 141
22793: -36 -186 -36 181
22799: -36 -192 -36 182
22811: -36 -204 -36 184
22817: -36 -210 -36 185
22823: -36 -216 -36 186
23568: -162 -207 -175 29
23604: -168 -208 -175 29
23918: -25 -31
23920: -2 -8
23921: -2 -14
23923: -2 -26
23924: -2 -32
23941: -9 -15
23942: -9 -21
23980: -23 -29
23981: -23 -35
23999: 6 12 18 24 30 36
24015: 37 43 49 55 61 67
24031: 38 44 50 56 62 68
24037: -45 -51
24039: -45 -63
24042: -51 -63
24043: -51 -69
24047: 39 45 51 57 63 69
24048: -40 -46
24049: -40 -52
24050: -40 -58
24051: -40 -64
24052: -40 -70
24069: -47 -53
24071: -47 -65
24074: -53 -65
24079: 41 47 53 59 65 71
24086: -48 -60
24089: -54 -60
24092: -60 -66
24093: -60 -72
24111: 73 79 85 91 97 103
24127: 74 80 86 92 98 104
24128: -75 -81
24149: -82 -88
24161: -77 -89
24165: -83 -89
24176: -78 -84
24177: -78 -90
24180: -78 -108
24240: -112 -118
24246: -118 -130
24272: -114 -120
24303: 145 151 157 163 169 175
24383: 150 156 162 168 174 180
24399: 181 187 193 199 205 211
24421: -189 -195
24452: -185 -215
24463: 185 191 197 203 209 215
24479: 186 192 198 204 210 216
24530: -80 -45 81
24532: -80 -47 153
24535: -116 -44 46
24558: -51 -85 14
24561: -51 -88 122
24562: -51 -89 158
24660: -36 -211 31
24661: -36 -212 67
24662: -36 -213 103
24664: -36 -215 175
25246: -88 -122 -83 164
25281: -89 -158 -82 134
25923: -215 -175 -184 133
26374: -47 -154 -62 172
26665: -127 -23 -118 41
27148: -213 -103 -210 157
27288: -2 -1 -1
27468: -2 -37
27470: -2 -43
27471: -2 -38
27789: -45 -81
28477: -132 -214
28478: -132 -204
28531: -169 -25
28900: -213 -198
29005: -215 -180
29006: -215 -210
29007: -215 -174
29009: -215 -209
29041: -215 -205 -36
29058: 2
29059: 9
29060: 16
29061: 23
29062: 25