6
UNSAT
5: -2 -3
6: -2 -4
7: -2 -5
8: -2 -6
27: -9 -12
45: -16 -18
62: -23 -24
68: -25 -30
95: 31 32 33 34 35 36
146: -55 -58
207: 73 74 75 76 77 78
351: 127 128 129 130 131 132
367: 133 134 135 136 137 138
383: 139 140 141 142 143 144
384: -145 -146
387: -145 -149
399: 145 146 147 148 149 150
415: 151 152 153 154 155 156
419: -157 -161
428: -160 -161
431: 157 158 159 160 161 162
434: -163 -166
444: -166 -167
451: -169 -173
463: 169 170 171 172 173 174
479: 175 176 177 178 179 180
495: 181 182 183 184 185 186
544: -205 -206
559: 205 206 207 208 209 210
575: 211 212 213 214 215 216
937: -41 -151 -2 43
951: -41 -153 -16 55
958: -41 -154 -23 61
965: -41 -155 -30 67
966: -41 -156 -31 37
1210: -78 -196 -23 97
1369: -113 -163 -2 115
1477: -146 -61 -2 151
1498: -146 -64 -23 169
1506: -146 -66 -31 145
1614: -149 -174 -31 145
1642: -150 -208 -23 169
1657: -181 -31 -2 187
1729: -183 -103 -2 187
1786: -184 -142 -23 205
1858: -186 -214 -23 205
2322: -79 -16 -55 74
2812: -153 -97 -41 170
2910: -155 -174 -67 146
3100: -191 -175 -41 206
3114: -191 -178 -55 182
3126: -191 -180 -67 182
3311: -16 -114 -108 33
3855: -122 -55 -76 129
4611: -23 -145 -112 22
4612: -23 -145 -113 28
4614: -23 -146 -115 4
4618: -23 -146 -119 28
4695: -55 -9 -124 58
4696: -55 -9 -125 64
5358: -163 -30 -139 148
5359: -163 -30 -140 154
5361: -163 -30 -142 166
5362: -163 -30 -143 172
5363: -163 -30 -144 178
5464: -166 -137 -137 172
5546: -199 -31 -111 196
5952: -30 -183 -157 5
5956: -30 -183 -161 29
5958: -30 -184 -163 5
5992: -61 -9 -161 65
6210: -97 -16 -163 77
6436: -133 -23 -173 137
6658: -169 -30 -179 173
6659: -169 -30 -180 179
6816: -174 -207 -157 149
6826: -174 -208 -167 173
6840: -205 -31 -145 185
6845: -205 -31 -150 215
6938: -207 -107 -171 197
6981: -208 -144 -178 203
7062: -31 -2 -187 6
7063: -31 -2 -188 12
7064: -31 -2 -189 18
7065: -31 -2 -190 24
7284: -67 -9 -193 42
7529: -104 -49 -186 108
7905: -144 -202 -202 132
8077: -179 -171 -194 156
8088: -179 -173 -205 150
8543: -31 -2 -42 36
8668: -49 -41 -155 27
8984: -103 -76 -123 18
8988: -103 -77 -157 6
9293: -157 -145 -30 33
9660: -2 -9 -73 37
9661: -2 -9 -74 43
9662: -2 -9 -75 49
9663: -2 -9 -76 55
9664: -2 -9 -77 61
9665: -2 -9 -78 67
10494: -140 -118 -127 42
10538: -146 -155 -171 49
10681: -170 -155 -170 47
10864: -200 -191 -179 64
10936: -212 -191 -179 66
10998: -9 -16 -109 74
11000: -9 -16 -111 86
11003: -9 -16 -114 104
11813: -147 -157 -30 103
11957: -171 -157 -30 107
11993: -177 -157 -30 108
12024: -183 -193 -31 73
12336: -16 -23 -145 111
12338: -16 -23 -147 123
13181: -160 -163 -30 141
13235: -166 -166 -138 142
13289: -178 -163 -30 144
13320: -184 -199 -31 109
13392: -196 -199 -31 111
13464: -208 -199 -31 113
13675: -23 -30 -182 154
13676: -23 -30 -183 160
13677: -23 -30 -184 166
13679: -23 -30 -186 178
13754: -41 -61 -9 157
13786: -41 -66 -191 169
14586: -179 -170 -61 150
14608: -179 -173 -173 174
14610: -179 -174 -205 150
14652: -191 -205 -31 146
14658: -191 -206 -67 146
14977: -30 -31 -2 191
15845: -174 -175 -30 215
15869: -174 -179 -174 215
15906: -180 -180 -205 186
15911: -180 -180 -210 216
16091: -210 -216 -216 215
16333: -31 -30 -2 41
16426: -49 -9 -41 152
16468: -55 -16 -41 153
16510: -61 -23 -41 154
16552: -67 -30 -41 155
16641: -85 -9 -76 122
16683: -91 -16 -76 123
16725: -97 -23 -76 124
16767: -103 -30 -76 125
16769: -103 -30 -78 197
17074: -157 -9 -149 170
17075: -157 -9 -150 206
17117: -163 -16 -150 207
17155: -169 -23 -146 64
17289: -193 -9 -184 140
17375: -205 -23 -186 214
17444: -2 -55 -9 76
17456: -2 -67 -9 78
18322: -146 -67 -155 174
18355: -152 -68 -152 66
18434: -170 -41 -153 97
18532: -182 -61 -191 179
18652: -206 -41 -191 175
18783: -9 -98 -16 113
19442: -123 -75 -123 91
19602: -147 -91 -157 28
19764: -177 -78 -157 25
20092: -16 -111 -23 145
20104: -16 -123 -23 147
20110: -16 -129 -23 148
20116: -16 -135 -23 149
20122: -16 -141 -23 150
21003: -166 -124 -166 135
21009: -166 -130 -166 136
21015: -166 -136 -166 137
21078: -178 -132 -163 28
21425: -23 -148 -30 181
21431: -23 -154 -30 182
21437: -23 -160 -30 183
21443: -23 -166 -30 184
21449: -23 -172 -30 185
21455: -23 -178 -30 186
21529: -41 -145 -62 43
21545: -41 -157 -66 189
21555: -41 -169 -64 119
22132: -137 -173 -137 167
22165: -143 -174 -134 59
22217: -155 -146 -174 205
22324: -173 -149 -173 169
22342: -173 -167 -173 172
22358: -179 -150 -171 97
22430: -191 -146 -207 103
22433: -191 -146 -210 211
22434: -191 -152 -205 32
22435: -191 -152 -206 68
22452: -191 -170 -205 35
22457: -191 -170 -210 215
22458: -191 -176 -205 36
22463: -191 -176 -210 216
22752: -30 -185 -31 1
22764: -30 -197 -31 3
22770: -30 -203 -31 4
22776: -30 -209 -31 5
22782: -30 -215 -31 6
23441: -144 -186 -144 199
23623: -174 -191 -176 62
23624: -174 -191 -177 98
23625: -174 -191 -178 134
23687: -180 -216 -180 210
23715: -186 -205 -214 143
23924: -2 -32
23943: -9 -27
23944: -9 -33
23961: -16 -22
23962: -16 -28
23963: -16 -34
23980: -23 -29
23981: -23 -35
23998: -30 -36
24015: 37 43 49 55 61 67
24064: -41 -47
24066: -41 -59
24067: -41 -65
24111: 73 79 85 91 97 103
24222: -134 -140
24255: 112 118 124 130 136 142
24298: -157 -169
24299: -157 -175
24302: -169 -175
24303: 145 151 157 163 169 175
24304: -146 -152
24305: -146 -158
24307: -146 -170
24308: -146 -176
24318: -170 -176
24320: -147 -153
24327: -153 -171
24328: -153 -177
24334: -171 -177
24351: 148 154 160 166 172 178
24353: -149 -161
24361: -161 -167
24367: 149 155 161 167 173 179
24382: -174 -180
24399: 181 187 193 199 205 211
24415: 182 188 194 200 206 212
24419: -183 -207
24420: -183 -213
24430: -207 -213
24435: -184 -208
24447: 184 190 196 202 208 214
24613: -166 -128 59
24616: -166 -131 167
24617: -166 -132 203
25591: -169 -30 -176 42
25592: -169 -30 -177 78
25593: -169 -30 -178 114
25752: -174 -207 -157 33
26887: -169 -30 -155 42
26929: -171 -97 -155 49
27025: -173 -173 -155 65
27288: -2 -1 -1
27436: -174 -173 -173
27468: -2 -37
27470: -2 -43
28059: -86 -49 -9
28585: -170 -152
28635: -171 -161
28638: -171 -159
28686: -171 -162 -207
28743: -174 -210
28796: -211 -31
28893: -212 -191 -210
28899: -213 -108
29058: 2
29059: 9
29060: 16
29061: 23
29062: 30
30662: 305 -169 -205
30663: -305 -169 205
30664: -305 169 -205
30666: -305 -170 206
30668: 305 -171 -207
30669: -305 -171 207
30670: -305 171 -207
30673: -305 172 -208
30675: -305 -173 209
30678: -305 -174 210
30681: -306 -175 211
30685: -306 176 -212
30687: -306 -177 213
30689: 306 -178 -214
30690: -306 -178 214
30691: -306 178 -214
30693: -306 -179 215
30697: -306 180 -216