1 1 1 1 1 1 2
UNSAT
0: -1 -2
1: -1 -3
2: -1 -4
3: -1 -5
4: -1 -6
5: -1 -7
6: -1 -8
36: -10 -11
37: -10 -12
38: -10 -13
39: -10 -14
40: -10 -15
41: -10 -16
71: -19 -20
72: -19 -21
73: -19 -22
74: -19 -23
75: -19 -24
105: -28 -29
106: -28 -30
107: -28 -31
108: -28 -32
138: -37 -38
139: -37 -39
140: -37 -40
170: -46 -47
171: -46 -48
201: -55 -56
245: -67 -68
260: 65 66 67 68 69 70 71 72
274: -75 -76
275: -75 -77
276: -75 -78
279: -76 -77
280: -76 -78
283: -77 -78
289: 73 74 75 76 77 78 79 80
292: -81 -84
293: -81 -85
294: -81 -86
295: -81 -87
296: -81 -88
301: -82 -87
302: -82 -88
307: -83 -88
317: -87 -88
318: 81 82 83 84 85 86 87 88
319: -89 -90
320: -89 -91
321: -89 -92
322: -89 -93
323: -89 -94
324: -89 -95
325: -89 -96
329: -90 -94
330: -90 -95
331: -90 -96
334: -91 -94
338: -92 -94
341: -93 -94
344: -94 -95
345: -94 -96
346: -95 -96
347: 89 90 91 92 93 94 95 96
348: -97 -98
350: -97 -100
352: -97 -102
353: -97 -103
354: -97 -104
357: -98 -101
359: -98 -103
360: -98 -104
364: -99 -103
368: -100 -103
373: -102 -103
375: -103 -104
376: 97 98 99 100 101 102 103 104
377: -105 -106
378: -105 -107
379: -105 -108
380: -105 -109
381: -105 -110
382: -105 -111
383: -105 -112
387: -106 -110
389: -106 -112
393: -107 -111
397: -108 -111
400: -109 -111
403: -110 -112
404: -111 -112
405: 105 106 107 108 109 110 111 112
421: -115 -118
422: -115 -119
425: -116 -118
426: -116 -119
428: -117 -118
429: -117 -119
434: 113 114 115 116 117 118 119 120
463: 121 122 123 124 125 126 127 128
473: -130 -133
482: -132 -133
486: -133 -134
487: -133 -135
488: -133 -136
492: 129 130 131 132 133 134 135 136
493: -137 -138
494: -137 -139
495: -137 -140
496: -137 -141
497: -137 -142
499: -137 -144
505: -138 -144
506: -139 -140
509: -139 -143
510: -139 -144
517: -141 -144
521: 137 138 139 140 141 142 143 144
530: -146 -148
531: -146 -149
532: -146 -150
540: -148 -149
541: -148 -150
550: 145 146 147 148 149 150 151 152
551: -153 -154
552: -153 -155
553: -153 -156
554: -153 -157
555: -153 -158
556: -153 -159
557: -153 -160
560: -154 -157
564: -155 -156
568: -155 -160
572: -156 -160
577: -158 -160
579: 153 154 155 156 157 158 159 160
580: -161 -162
581: -161 -163
582: -161 -164
583: -161 -165
584: -161 -166
586: -161 -168
597: -163 -168
601: -164 -168
604: -165 -168
607: -167 -168
608: 161 162 163 164 165 166 167 168
609: -169 -170
610: -169 -171
611: -169 -172
612: -169 -173
615: -169 -176
616: -170 -171
617: -170 -172
618: -170 -173
621: -170 -176
622: -171 -172
623: -171 -173
626: -171 -176
627: -172 -173
636: -175 -176
637: 169 170 171 172 173 174 175 176
666: 177 178 179 180 181 182 183 184
687: -188 -191
695: 185 186 187 188 189 190 191 192
710: -195 -197
711: -195 -198
712: -195 -199
713: -195 -200
718: -197 -198
719: -197 -199
720: -197 -200
721: -198 -199
722: -198 -200
724: 193 194 195 196 197 198 199 200
726: -201 -203
728: -201 -205
729: -201 -206
731: -201 -208
733: -202 -204
742: -203 -208
745: -204 -207
746: -204 -208
751: -206 -208
752: -207 -208
753: 201 202 203 204 205 206 207 208
754: -209 -210
755: -209 -211
756: -209 -212
757: -209 -213
758: -209 -214
759: -209 -215
760: -209 -216
763: -210 -213
773: -212 -214
774: -212 -215
775: -212 -216
781: -215 -216
782: 209 210 211 212 213 214 215 216
792: -218 -221
793: -218 -222
794: -218 -223
795: -218 -224
797: -219 -221
798: -219 -222
805: -221 -222
807: -221 -224
811: 217 218 219 220 221 222 223 224
812: -225 -226
813: -225 -227
814: -225 -228
815: -225 -229
816: -225 -230
817: -225 -231
818: -225 -232
823: -226 -231
828: -227 -231
832: -228 -231
833: -228 -232
837: -230 -231
839: -231 -232
840: 225 226 227 228 229 230 231 232
841: -233 -234
842: -233 -235
843: -233 -236
844: -233 -237
845: -233 -238
846: -233 -239
847: -233 -240
850: -234 -237
868: -239 -240
869: 233 234 235 236 237 238 239 240
873: -241 -245
883: -243 -244
884: -243 -245
886: -243 -247
887: -243 -248
893: -245 -247
898: 241 242 243 244 245 246 247 248
911: -250 -256
915: -251 -255
924: -254 -255
927: 249 250 251 252 253 254 255 256
935: -258 -259
936: -258 -260
941: -259 -260
947: -260 -262
956: 257 258 259 260 261 262 263 264
958: -265 -267
959: -265 -268
961: -265 -270
962: -265 -271
963: -265 -272
969: -266 -272
974: -267 -272
981: -269 -272
985: 265 266 267 268 269 270 271 272
986: -273 -274
988: -273 -276
990: -273 -278
992: -273 -280
1010: -277 -280
1013: -279 -280
1014: 273 274 275 276 277 278 279 280
1016: -281 -283
1018: -281 -285
1019: -281 -286
1020: -281 -287
1021: -281 -288
1042: -287 -288
1043: 281 282 283 284 285 286 287 288
1051: -290 -291
1052: -290 -292
1054: -290 -294
1057: -291 -292
1059: -291 -294
1063: -292 -294
1072: 289 290 291 292 293 294 295 296
1073: -297 -298
1074: -297 -299
1075: -297 -300
1076: -297 -301
1077: -297 -302
1079: -297 -304
1087: -299 -301
1097: -301 -304
1100: -303 -304
1101: 297 298 299 300 301 302 303 304
1109: -306 -307
1112: -306 -310
1113: -306 -311
1117: -307 -310
1122: -308 -311
1130: 305 306 307 308 309 310 311 312
1159: 313 314 315 316 317 318 319 320
1173: -323 -324
1188: 321 322 323 324 325 326 327 328
1190: -329 -331
1191: -329 -332
1195: -329 -336
1215: -334 -336
1216: -335 -336
1217: 329 330 331 332 333 334 335 336
1218: -337 -338
1219: -337 -339
1220: -337 -340
1221: -337 -341
1222: -337 -342
1224: -337 -344
1233: -339 -342
1244: -342 -344
1245: -343 -344
1246: 337 338 339 340 341 342 343 344
1247: -345 -346
1248: -345 -347
1250: -345 -349
1251: -345 -350
1252: -345 -351
1253: -345 -352
1268: -348 -352
1270: -349 -351
1273: -350 -352
1274: -351 -352
1275: 345 346 347 348 349 350 351 352
1276: -353 -354
1278: -353 -356
1280: -353 -358
1282: -353 -360
1291: -355 -358
1302: -358 -360
1303: -359 -360
1304: 353 354 355 356 357 358 359 360
1312: -362 -363
1313: -362 -364
1314: -362 -365
1318: -363 -364
1319: -363 -365
1323: -364 -365
1333: 361 362 363 364 365 366 367 368
1345: -370 -375
1347: -371 -372
1348: -371 -373
1350: -371 -375
1351: -371 -376
1352: -372 -373
1362: 369 370 371 372 373 374 375 376
1391: 377 378 379 380 381 382 383 384
1403: -386 -391
1405: -387 -388
1406: -387 -389
1407: -387 -390
1408: -387 -391
1420: 385 386 387 388 389 390 391 392
1421: -393 -394
1449: 393 394 395 396 397 398 399 400
1451: -401 -403
1478: 401 402 403 404 405 406 407 408
1481: -409 -412
1485: -409 -416
1500: -412 -416
1507: 409 410 411 412 413 414 415 416
1536: 417 418 419 420 421 422 423 424
1538: -425 -427
1541: -425 -430
1543: -425 -432
1565: 425 426 427 428 429 430 431 432
1572: -433 -440
1573: -434 -435
1594: 433 434 435 436 437 438 439 440
1601: -441 -448
1623: 441 442 443 444 445 446 447 448
1636: -450 -456
1652: 449 450 451 452 453 454 455 456
1654: -457 -459
1660: -458 -459
1681: 457 458 459 460 461 462 463 464
1682: -465 -466
1687: -465 -471
1693: -466 -471
1702: -468 -471
1705: -469 -471
1707: -470 -471
1711: -473 -474
1712: -473 -475
1714: -473 -477
1739: 473 474 475 476 477 478 479 480
1740: -481 -482
1741: -481 -483
1768: 481 482 483 484 485 486 487 488
1769: -489 -490
1770: -489 -491
1772: -489 -493
1773: -489 -494
1774: -489 -495
1789: -492 -495
1797: 489 490 491 492 493 494 495 496
1803: -497 -503
1826: 497 498 499 500 501 502 503 504
1840: -507 -508
1855: 505 506 507 508 509 510 511 512
2496: -67 -137 -1 65
2505: -67 -138 -10 73
2514: -67 -139 -19 81
2523: -67 -140 -28 89
2532: -67 -141 -37 97
2541: -67 -142 -46 105
2551: -67 -143 -56 121
2558: -67 -144 -63 113
2560: -68 -201 -1 65
2569: -68 -202 -10 73
2578: -68 -203 -19 81
2587: -68 -204 -28 89
2596: -68 -205 -37 97
2605: -68 -206 -46 105
2615: -68 -207 -56 121
2622: -68 -208 -63 113
2624: -69 -265 -1 65
2633: -69 -266 -10 73
2642: -69 -267 -19 81
2651: -69 -268 -28 89
2660: -69 -269 -37 97
2669: -69 -270 -46 105
2679: -69 -271 -56 121
2686: -69 -272 -63 113
2688: -70 -329 -1 65
2697: -70 -330 -10 73
2706: -70 -331 -19 81
2715: -70 -332 -28 89
2724: -70 -333 -37 97
2733: -70 -334 -46 105
2743: -70 -335 -56 121
2750: -70 -336 -63 113
2752: -71 -393 -1 65
2761: -71 -394 -10 73
2770: -71 -395 -19 81
2797: -71 -398 -46 105
2807: -71 -399 -56 121
2814: -71 -400 -63 113
2816: -72 -457 -1 65
2825: -72 -458 -10 73
2834: -72 -459 -19 81
2843: -72 -460 -28 89
2852: -72 -461 -37 97
2861: -72 -462 -46 105
2871: -72 -463 -56 121
2878: -72 -464 -63 113
2944: -130 -81 -1 129
2953: -130 -82 -10 137
2962: -130 -83 -19 145
2971: -130 -84 -28 153
2980: -130 -85 -37 161
2989: -130 -86 -46 169
2999: -130 -87 -56 185
3006: -130 -88 -63 177
3072: -132 -209 -1 129
3081: -132 -210 -10 137
3090: -132 -211 -19 145
3099: -132 -212 -28 153
3108: -132 -213 -37 161
3117: -132 -214 -46 169
3127: -132 -215 -56 185
3134: -132 -216 -63 177
3136: -133 -273 -1 129
3145: -133 -274 -10 137
3154: -133 -275 -19 145
3163: -133 -276 -28 153
3172: -133 -277 -37 161
3181: -133 -278 -46 169
3191: -133 -279 -56 185
3198: -133 -280 -63 177
3200: -134 -337 -1 129
3209: -134 -338 -10 137
3227: -134 -340 -28 153
3236: -134 -341 -37 161
3245: -134 -342 -46 169
3255: -134 -343 -56 185
3262: -134 -344 -63 177
3264: -135 -401 -1 129
3337: -136 -466 -10 137
3383: -136 -471 -56 185
3456: -194 -89 -1 193
3465: -194 -90 -10 201
3474: -194 -91 -19 209
3483: -194 -92 -28 217
3492: -194 -93 -37 225
3501: -194 -94 -46 233
3511: -194 -95 -56 249
3518: -194 -96 -63 241
3520: -195 -153 -1 193
3529: -195 -154 -10 201
3538: -195 -155 -19 209
3547: -195 -156 -28 217
3556: -195 -157 -37 225
3565: -195 -158 -46 233
3575: -195 -159 -56 249
3582: -195 -160 -63 241
3648: -197 -281 -1 193
3657: -197 -282 -10 201
3675: -197 -284 -28 217
3684: -197 -285 -37 225
3693: -197 -286 -46 233
3703: -197 -287 -56 249
3710: -197 -288 -63 241
3712: -198 -345 -1 193
3721: -198 -346 -10 201
3730: -198 -347 -19 209
3739: -198 -348 -28 217
3748: -198 -349 -37 225
3757: -198 -350 -46 233
3767: -198 -351 -56 249
3774: -198 -352 -63 241
3776: -199 -409 -1 193
3785: -199 -410 -10 201
3794: -199 -411 -19 209
3803: -199 -412 -28 217
3812: -199 -413 -37 225
3838: -199 -416 -63 241
3840: -200 -473 -1 193
3849: -200 -474 -10 201
3858: -200 -475 -19 209
3867: -200 -476 -28 217
3876: -200 -477 -37 225
3885: -200 -478 -46 233
3895: -200 -479 -56 249
3968: -258 -97 -1 257
3977: -258 -98 -10 265
3986: -258 -99 -19 273
3995: -258 -100 -28 281
4004: -258 -101 -37 289
4013: -258 -102 -46 297
4023: -258 -103 -56 313
4030: -258 -104 -63 305
4032: -259 -161 -1 257
4041: -259 -162 -10 265
4050: -259 -163 -19 273
4059: -259 -164 -28 281
4068: -259 -165 -37 289
4077: -259 -166 -46 297
4087: -259 -167 -56 313
4094: -259 -168 -63 305
4096: -260 -225 -1 257
4105: -260 -226 -10 265
4114: -260 -227 -19 273
4123: -260 -228 -28 281
4132: -260 -229 -37 289
4141: -260 -230 -46 297
4151: -260 -231 -56 313
4158: -260 -232 -63 305
4224: -262 -353 -1 257
4233: -262 -354 -10 265
4242: -262 -355 -19 273
4251: -262 -356 -28 281
4260: -262 -357 -37 289
4269: -262 -358 -46 297
4279: -262 -359 -56 313
4286: -262 -360 -63 305
4350: -263 -424 -63 305
4352: -264 -481 -1 257
4361: -264 -482 -10 265
4370: -264 -483 -19 273
4379: -264 -484 -28 281
4388: -264 -485 -37 289
4407: -264 -487 -56 313
4414: -264 -488 -63 305
4480: -322 -105 -1 321
4489: -322 -106 -10 329
4498: -322 -107 -19 337
4507: -322 -108 -28 345
4516: -322 -109 -37 353
4525: -322 -110 -46 361
4535: -322 -111 -56 377
4542: -322 -112 -63 369
4544: -323 -169 -1 321
4553: -323 -170 -10 329
4562: -323 -171 -19 337
4571: -323 -172 -28 345
4580: -323 -173 -37 353
4599: -323 -175 -56 377
4606: -323 -176 -63 369
4608: -324 -233 -1 321
4617: -324 -234 -10 329
4626: -324 -235 -19 337
4635: -324 -236 -28 345
4644: -324 -237 -37 353
4653: -324 -238 -46 361
4663: -324 -239 -56 377
4670: -324 -240 -63 369
4672: -325 -297 -1 321
4681: -325 -298 -10 329
4690: -325 -299 -19 337
4699: -325 -300 -28 345
4708: -325 -301 -37 353
4727: -325 -303 -56 377
4734: -325 -304 -63 369
4800: -327 -425 -1 321
4809: -327 -426 -10 329
4818: -327 -427 -19 337
4827: -327 -428 -28 345
4855: -327 -431 -56 377
4862: -327 -432 -63 369
4864: -328 -489 -1 321
4873: -328 -490 -10 329
4882: -328 -491 -19 337
4891: -328 -492 -28 345
4900: -328 -493 -37 353
4909: -328 -494 -46 361
4919: -328 -495 -56 377
4926: -328 -496 -63 369
4992: -386 -113 -1 385
5001: -386 -114 -10 393
5010: -386 -115 -19 401
5019: -386 -116 -28 409
5028: -386 -117 -37 417
5037: -386 -118 -46 425
5047: -386 -119 -56 441
5054: -386 -120 -63 433
5056: -387 -177 -1 385
5065: -387 -178 -10 393
5074: -387 -179 -19 401
5083: -387 -180 -28 409
5092: -387 -181 -37 417
5101: -387 -182 -46 425
5111: -387 -183 -56 441
5118: -387 -184 -63 433
5120: -388 -241 -1 385
5129: -388 -242 -10 393
5138: -388 -243 -19 401
5147: -388 -244 -28 409
5156: -388 -245 -37 417
5165: -388 -246 -46 425
5175: -388 -247 -56 441
5182: -388 -248 -63 433
5184: -389 -305 -1 385
5193: -389 -306 -10 393
5202: -389 -307 -19 401
5211: -389 -308 -28 409
5220: -389 -309 -37 417
5229: -389 -310 -46 425
5239: -389 -311 -56 441
5246: -389 -312 -63 433
5248: -390 -369 -1 385
5257: -390 -370 -10 393
5266: -390 -371 -19 401
5275: -390 -372 -28 409
5284: -390 -373 -37 417
5293: -390 -374 -46 425
5303: -390 -375 -56 441
5310: -390 -376 -63 433
5321: -391 -434 -10 393
5339: -391 -436 -28 409
5348: -391 -437 -37 417
5357: -391 -438 -46 425
5374: -391 -440 -63 433
5504: -450 -121 -1 449
5513: -450 -122 -10 457
5522: -450 -123 -19 465
5531: -450 -124 -28 473
5540: -450 -125 -37 481
5549: -450 -126 -46 489
5559: -450 -127 -56 505
5566: -450 -128 -63 497
5568: -451 -185 -1 449
5595: -451 -188 -28 473
5613: -451 -190 -46 489
5623: -451 -191 -56 505
5630: -451 -192 -63 497
5632: -452 -249 -1 449
5650: -452 -251 -19 465
5659: -452 -252 -28 473
5668: -452 -253 -37 481
5687: -452 -255 -56 505
5694: -452 -256 -63 497
5696: -453 -313 -1 449
5714: -453 -315 -19 465
5723: -453 -316 -28 473
5732: -453 -317 -37 481
5751: -453 -319 -56 505
5758: -453 -320 -63 497
5778: -454 -379 -19 465
5787: -454 -380 -28 473
5805: -454 -382 -46 489
5815: -454 -383 -56 505
5822: -454 -384 -63 497
5897: -456 -506 -10 457
5915: -456 -508 -28 473
5943: -456 -511 -56 505
6032: -10 -67 -81 2
6035: -10 -67 -84 26
6038: -10 -67 -87 50
6039: -10 -67 -88 58
6040: -10 -68 -89 2
6045: -10 -68 -94 42
6046: -10 -68 -95 50
6047: -10 -68 -96 58
6048: -10 -69 -97 2
6054: -10 -69 -103 50
6055: -10 -69 -104 58
6056: -10 -70 -105 2
6058: -10 -70 -107 18
6062: -10 -70 -111 50
6063: -10 -70 -112 58
6064: -10 -71 -113 2
6067: -10 -71 -116 26
6071: -10 -71 -120 58
6074: -10 -72 -123 18
6075: -10 -72 -124 26
6078: -10 -72 -127 50
6787: -78 -329 -68 90
6992: -137 -19 -81 130
6993: -137 -19 -82 138
6995: -137 -19 -84 154
6996: -137 -19 -85 162
6997: -137 -19 -86 170
6998: -137 -19 -87 178
7138: -139 -149 -99 146
7180: -140 -210 -77 162
7181: -140 -210 -78 170
7243: -141 -274 -76 154
7245: -141 -274 -78 170
7307: -142 -338 -76 154
7308: -142 -338 -77 162
7363: -143 -401 -68 154
7364: -143 -401 -69 162
7365: -143 -401 -70 170
7427: -144 -465 -68 154
7428: -144 -465 -69 162
7429: -144 -465 -70 170
7472: -144 -471 -113 130
7512: -201 -28 -89 194
7513: -201 -28 -90 202
7517: -201 -28 -94 234
7628: -203 -154 -77 226
7629: -203 -154 -78 234
7697: -204 -219 -82 202
7699: -204 -219 -84 218
7715: -204 -221 -100 218
7723: -204 -222 -108 218
7754: -205 -282 -75 210
7757: -205 -282 -78 234
7818: -206 -346 -75 210
7820: -206 -346 -77 226
7874: -207 -409 -67 210
7876: -207 -409 -69 226
7877: -207 -409 -70 234
7938: -208 -473 -67 210
7940: -208 -473 -69 226
7941: -208 -473 -70 234
8033: -265 -37 -98 266
8038: -265 -37 -103 306
8139: -267 -162 -76 282
8141: -267 -162 -78 298
8202: -268 -226 -75 274
8205: -268 -226 -78 298
8276: -269 -291 -85 290
8285: -269 -292 -94 298
8300: -269 -294 -109 290
8330: -270 -354 -75 274
8331: -270 -354 -76 282
8386: -271 -417 -67 274
8387: -271 -417 -68 282
8389: -271 -417 -70 298
8450: -272 -481 -67 274
8451: -272 -481 -68 282
8453: -272 -481 -70 298
8553: -329 -46 -106 330
8558: -329 -46 -111 370
8651: -331 -170 -76 346
8652: -331 -170 -77 354
8714: -332 -234 -75 338
8716: -332 -234 -77 354
8778: -333 -298 -75 338
8779: -333 -298 -76 346
8853: -334 -363 -86 362
8869: -334 -365 -102 362
8881: -334 -367 -114 330
8898: -335 -425 -67 338
8899: -335 -425 -68 346
8900: -335 -425 -69 354
8962: -336 -489 -67 338
8963: -336 -489 -68 346
8964: -336 -489 -69 354
9080: -393 -56 -121 386
9081: -393 -56 -122 394
9082: -393 -56 -123 402
9085: -393 -56 -126 426
9585: -457 -63 -114 458
9586: -457 -63 -115 466
9587: -457 -63 -116 474
9689: -459 -188 -90 458
9696: -459 -189 -97 450
9752: -460 -252 -89 450
9802: -461 -314 -75 466
9811: -461 -315 -84 474
9824: -461 -317 -97 450
9849: -461 -320 -122 458
9922: -463 -441 -67 466
9923: -463 -441 -68 474
9924: -463 -441 -69 482
9925: -463 -441 -70 490
9936: -463 -443 -81 450
9942: -463 -443 -87 498
9943: -463 -443 -88 506
9944: -463 -444 -89 450
9946: -463 -444 -91 466
9950: -463 -444 -95 498
9953: -463 -445 -98 458
9960: -463 -446 -105 450
9962: -463 -446 -107 466
9966: -463 -446 -111 498
9967: -463 -446 -112 506
9971: -463 -447 -116 474
9982: -463 -448 -127 498
10184: -19 -130 -137 3
10190: -19 -130 -143 51
10191: -19 -130 -144 59
10200: -19 -132 -153 3
10201: -19 -132 -154 11
10204: -19 -132 -157 35
10207: -19 -132 -160 59
10208: -19 -133 -161 3
10213: -19 -133 -166 43
10215: -19 -133 -168 59
10216: -19 -134 -169 3
10220: -19 -134 -173 35
10222: -19 -134 -175 51
10223: -19 -134 -176 59
10225: -19 -135 -178 11
10231: -19 -135 -184 59
10568: -81 -10 -137 67
10570: -81 -10 -139 83
10573: -81 -10 -142 107
10574: -81 -10 -143 115
10575: -81 -10 -144 123
10649: -82 -76 -154 75
10657: -82 -77 -162 75
10665: -82 -78 -170 75
10772: -84 -203 -149 99
10773: -84 -203 -150 107
10791: -84 -205 -168 123
10881: -86 -329 -130 75
10900: -86 -331 -149 99
10947: -87 -393 -132 91
10948: -87 -393 -133 99
11011: -88 -457 -132 91
11057: -88 -463 -178 75
11058: -88 -463 -179 83
11610: -209 -28 -155 211
11612: -209 -28 -157 227
11613: -209 -28 -158 235
11614: -209 -28 -159 243
11615: -209 -28 -160 251
11668: -210 -91 -149 227
11787: -212 -218 -140 219
11790: -212 -218 -143 243
11811: -212 -221 -164 219
11814: -212 -221 -167 243
11815: -212 -221 -168 251
11819: -212 -222 -172 219
11857: -213 -283 -146 203
11921: -214 -347 -146 203
11944: -214 -350 -169 195
11969: -215 -409 -130 203
11972: -215 -409 -133 227
11973: -215 -409 -134 235
12024: -215 -416 -185 195
12128: -273 -37 -161 259
12129: -273 -37 -162 267
12131: -273 -37 -164 283
12135: -273 -37 -168 315
12179: -274 -99 -148 283
12305: -276 -227 -146 267
12364: -277 -290 -141 291
12380: -277 -292 -157 291
12396: -277 -294 -173 291
12433: -278 -355 -146 267
12435: -278 -355 -148 283
12483: -279 -417 -132 283
12485: -279 -417 -134 299
12592: -280 -487 -177 259
12648: -337 -46 -169 323
12650: -337 -46 -171 339
12651: -337 -46 -172 347
12652: -337 -46 -173 355
12654: -337 -46 -175 371
12655: -337 -46 -176 379
12805: -340 -233 -134 363
12817: -340 -235 -146 331
12820: -340 -235 -149 355
12881: -341 -299 -146 331
12883: -341 -299 -148 347
12941: -342 -362 -142 363
12957: -342 -364 -158 363
12965: -342 -365 -166 363
12967: -342 -365 -168 379
12986: -342 -368 -187 339
12993: -343 -425 -130 331
12995: -343 -425 -132 347
12996: -343 -425 -133 355
13066: -344 -490 -139 339
13176: -401 -56 -185 387
13178: -401 -56 -187 403
13179: -401 -56 -188 411
13182: -401 -56 -191 435
13243: -402 -120 -188 411
13514: -407 -434 -139 403
13535: -407 -436 -160 443
13538: -407 -437 -163 403
13543: -407 -437 -168 443
13607: -408 -501 -168 443
13681: -465 -63 -178 459
14017: -471 -441 -130 459
14019: -471 -441 -132 475
14020: -471 -441 -133 483
14021: -471 -441 -134 491
14050: -471 -445 -163 467
14344: -28 -194 -201 4
14346: -28 -194 -203 20
14349: -28 -194 -206 44
14351: -28 -194 -208 60
14352: -28 -195 -209 4
14353: -28 -195 -210 12
14356: -28 -195 -213 36
14358: -28 -195 -215 52
14359: -28 -195 -216 60
14368: -28 -197 -225 4
14373: -28 -197 -230 44
14375: -28 -197 -232 60
14376: -28 -198 -233 4
14377: -28 -198 -234 12
14378: -28 -198 -235 20
14380: -28 -198 -237 36
14382: -28 -198 -239 52
14383: -28 -198 -240 60
14384: -28 -199 -241 4
14386: -28 -199 -243 20
14388: -28 -199 -245 36
14391: -28 -199 -248 60
14392: -28 -200 -249 4
14396: -28 -200 -253 36
14398: -28 -200 -255 52
14664: -89 -10 -201 68
14665: -89 -10 -202 76
14667: -89 -10 -204 92
14668: -89 -10 -205 100
14670: -89 -10 -207 116
14737: -90 -75 -210 76
14753: -90 -77 -226 76
14761: -90 -78 -234 76
14763: -90 -78 -236 92
14812: -91 -140 -221 100
14813: -91 -140 -222 108
14938: -93 -268 -219 84
14941: -93 -268 -222 108
14977: -94 -329 -194 76
14978: -94 -329 -195 84
14980: -94 -329 -197 100
14984: -94 -330 -201 68
15002: -94 -332 -219 84
15016: -94 -334 -233 68
15017: -94 -334 -234 76
15019: -94 -334 -236 92
15042: -95 -393 -195 84
15044: -95 -393 -197 100
15045: -95 -393 -198 108
15153: -96 -463 -242 76
15184: -153 -19 -209 132
15187: -153 -19 -212 156
15191: -153 -19 -216 188
15234: -154 -81 -195 148
15240: -154 -82 -201 132
15260: -154 -84 -221 164
15261: -154 -84 -222 172
15306: -155 -146 -203 148
15307: -155 -146 -204 156
15330: -155 -149 -227 148
15426: -157 -273 -195 148
15443: -157 -275 -212 156
15449: -157 -276 -218 140
15453: -157 -276 -222 172
15456: -157 -277 -225 132
15490: -158 -337 -195 148
15513: -158 -340 -218 140
15516: -158 -340 -221 164
15553: -159 -401 -194 140
15554: -159 -401 -195 148
15556: -159 -401 -197 164
15557: -159 -401 -198 172
15664: -160 -471 -241 132
15665: -160 -471 -242 140
15666: -160 -471 -243 148
15667: -160 -471 -244 156
15669: -160 -471 -246 172
15670: -160 -471 -247 180
16148: -224 -475 -213 228
16224: -281 -37 -225 260
16226: -281 -37 -227 276
16229: -281 -37 -230 300
16230: -281 -37 -231 308
16260: -282 -97 -197 292
16264: -282 -98 -201 260
16282: -282 -100 -219 276
16285: -282 -100 -222 300
16345: -283 -164 -218 268
16349: -283 -164 -222 300
16460: -285 -290 -205 292
16468: -285 -291 -213 292
16491: -285 -294 -236 284
16492: -285 -294 -237 292
16516: -286 -353 -197 292
16537: -286 -356 -218 268
16538: -286 -356 -219 276
16577: -287 -417 -194 268
16578: -287 -417 -195 276
16580: -287 -417 -197 292
16581: -287 -417 -198 300
16595: -287 -419 -212 284
16688: -288 -487 -241 260
16691: -288 -487 -244 284
16692: -288 -487 -245 292
16693: -288 -487 -246 300
16747: -345 -46 -236 348
16750: -345 -46 -239 372
16751: -345 -46 -240 380
16794: -346 -108 -219 340
16796: -346 -108 -221 356
16837: -347 -169 -198 364
16857: -347 -172 -218 332
16858: -347 -172 -219 340
16860: -347 -172 -221 356
16912: -348 -235 -209 324
16965: -349 -297 -198 364
16972: -349 -298 -205 356
16985: -349 -300 -218 332
16986: -349 -300 -219 340
16992: -349 -301 -225 324
16997: -349 -301 -230 364
17003: -349 -302 -236 348
17037: -350 -362 -206 364
17045: -350 -363 -214 364
17061: -350 -365 -230 364
17089: -351 -425 -194 332
17090: -351 -425 -195 340
17092: -351 -425 -197 356
17163: -352 -490 -204 348
17200: -352 -495 -241 324
17203: -352 -495 -244 348
17205: -352 -495 -246 364
17272: -409 -56 -249 388
17275: -409 -56 -252 412
17424: -412 -243 -209 388
17696: -416 -501 -225 388
17699: -416 -501 -228 412
17706: -416 -502 -235 404
17707: -416 -502 -236 412
17710: -416 -502 -239 436
17711: -416 -502 -240 444
17776: -473 -63 -241 452
17778: -473 -63 -243 468
17779: -473 -63 -244 476
17780: -473 -63 -245 484
18043: -477 -320 -252 476
18091: -478 -382 -236 476
18504: -37 -258 -265 5
18509: -37 -258 -270 45
18511: -37 -258 -272 61
18512: -37 -259 -273 5
18515: -37 -259 -276 29
18519: -37 -259 -280 61
18520: -37 -260 -281 5
18521: -37 -260 -282 13
18527: -37 -260 -288 61
18536: -37 -262 -297 5
18539: -37 -262 -300 29
18543: -37 -262 -304 61
18544: -37 -263 -305 5
18545: -37 -263 -306 13
18547: -37 -263 -308 29
18766: -97 -10 -271 117
18767: -97 -10 -272 125
18833: -98 -75 -274 77
18836: -98 -75 -277 101
18841: -98 -76 -282 77
18844: -98 -76 -285 101
18857: -98 -78 -298 77
18881: -99 -137 -258 77
18896: -99 -139 -273 69
18917: -99 -141 -294 109
18978: -100 -205 -291 85
18979: -100 -205 -292 93
18981: -100 -205 -294 109
19106: -102 -333 -291 85
19138: -103 -393 -259 85
19139: -103 -393 -260 93
19141: -103 -393 -262 109
19249: -104 -463 -306 77
19280: -161 -19 -273 133
19281: -161 -19 -274 141
19283: -161 -19 -276 157
19284: -161 -19 -277 165
19285: -161 -19 -278 173
19286: -161 -19 -279 181
19363: -162 -85 -292 157
19365: -162 -85 -294 173
19402: -163 -146 -267 149
19404: -163 -146 -269 165
19418: -163 -148 -283 149
19420: -163 -148 -285 165
19489: -164 -213 -290 141
19493: -164 -213 -294 173
19617: -166 -341 -290 141
19619: -166 -341 -292 157
19649: -167 -401 -258 141
19651: -167 -401 -260 157
19653: -167 -401 -262 173
19732: -168 -467 -277 165
19760: -168 -471 -305 133
19761: -168 -471 -306 141
19762: -168 -471 -307 149
19763: -168 -471 -308 157
19764: -168 -471 -309 165
19765: -168 -471 -310 173
19766: -168 -471 -311 181
19800: -225 -28 -281 197
19802: -225 -28 -283 213
19804: -225 -28 -285 229
19805: -225 -28 -286 237
19806: -225 -28 -287 245
19807: -225 -28 -288 253
19843: -226 -89 -260 221
19874: -226 -93 -291 213
19877: -226 -93 -294 237
19937: -227 -157 -290 205
19941: -227 -157 -294 237
19979: -228 -218 -268 221
19983: -228 -218 -272 253
19987: -228 -219 -276 221
20011: -228 -222 -300 221
20129: -230 -349 -290 205
20130: -230 -349 -291 213
20140: -230 -350 -301 229
20161: -231 -409 -258 205
20162: -231 -409 -259 213
20165: -231 -409 -262 237
20840: -353 -46 -297 325
20841: -353 -46 -298 333
20843: -353 -46 -300 349
20898: -354 -109 -291 341
20899: -354 -109 -292 349
20961: -355 -173 -290 333
20963: -355 -173 -292 349
21016: -356 -236 -281 325
21025: -356 -237 -290 333
21026: -356 -237 -291 341
21133: -358 -362 -270 365
21185: -359 -425 -258 333
21186: -359 -425 -259 341
21187: -359 -425 -260 349
21368: -417 -56 -313 389
21784: -424 -500 -281 389
21788: -424 -500 -285 421
21874: -481 -63 -307 469
21876: -481 -63 -309 485
22211: -487 -441 -260 477
22664: -46 -322 -329 6
22671: -46 -322 -336 62
22672: -46 -323 -337 6
22675: -46 -323 -340 30
22679: -46 -323 -344 62
22680: -46 -324 -345 6
22687: -46 -324 -352 62
22688: -46 -325 -353 6
22695: -46 -325 -360 62
22706: -46 -327 -371 22
22707: -46 -327 -372 30
22711: -46 -327 -376 62
22856: -105 -10 -329 70
22858: -105 -10 -331 86
22861: -105 -10 -334 110
22929: -106 -75 -338 78
22935: -106 -75 -344 126
22937: -106 -76 -346 78
22945: -106 -77 -354 78
22949: -106 -77 -358 110
23019: -107 -142 -364 94
23020: -107 -142 -365 102
23082: -108 -206 -363 86
23084: -108 -206 -365 102
23146: -109 -270 -363 86
23147: -109 -270 -364 94
23234: -111 -393 -323 86
23235: -111 -393 -324 94
23236: -111 -393 -325 102
23349: -112 -463 -374 110
23379: -169 -19 -340 158
23380: -169 -19 -341 166
23381: -169 -19 -342 174
23382: -169 -19 -343 182
23383: -169 -19 -344 190
23467: -170 -86 -364 158
23498: -171 -146 -331 150
23514: -171 -148 -347 150
23522: -171 -149 -355 150
23525: -171 -149 -358 174
23593: -172 -214 -362 142
23596: -172 -214 -365 166
23657: -173 -278 -362 142
23659: -173 -278 -364 158
23745: -175 -401 -322 142
23747: -175 -401 -324 158
23748: -175 -401 -325 166
23856: -176 -471 -369 134
23861: -176 -471 -374 174
23896: -233 -28 -345 198
23897: -233 -28 -346 206
23898: -233 -28 -347 214
23901: -233 -28 -350 238
23902: -233 -28 -351 246
23903: -233 -28 -352 254
23939: -234 -89 -324 222
23977: -234 -94 -362 206
23978: -234 -94 -363 214
23980: -234 -94 -365 230
23983: -234 -94 -368 254
24041: -235 -158 -362 206
24042: -235 -158 -363 214
24044: -235 -158 -365 230
24075: -236 -218 -332 222
24077: -236 -218 -334 238
24079: -236 -218 -336 254
24083: -236 -219 -340 222
24099: -236 -221 -356 222
24169: -237 -286 -362 206
24170: -237 -286 -363 214
24257: -239 -409 -322 206
24258: -239 -409 -323 214
24421: -297 -37 -358 302
24491: -298 -102 -364 286
24553: -299 -166 -362 270
24555: -299 -166 -364 286
24617: -300 -230 -362 270
24652: -301 -290 -333 294
24660: -301 -291 -341 294
24668: -301 -292 -349 294
24769: -303 -417 -322 270
24770: -303 -417 -323 278
24771: -303 -417 -324 286
24824: -303 -424 -377 262
24881: -304 -487 -370 270
24882: -304 -487 -371 278
24883: -304 -487 -372 286
24885: -304 -487 -374 302
25464: -425 -56 -377 390
25469: -425 -56 -382 430
25885: -432 -500 -350 430
25968: -489 -63 -369 454
25973: -489 -63 -374 494
26888: -56 -450 -393 7
26896: -56 -451 -401 7
26904: -56 -452 -409 7
26912: -56 -453 -417 7
26916: -56 -453 -421 39
26920: -56 -454 -425 7
26925: -56 -454 -430 47
26941: -56 -456 -446 47
26952: -113 -10 -393 71
26959: -113 -10 -400 127
27440: -120 -463 -433 71
27472: -177 -19 -401 135
27479: -177 -19 -408 191
27521: -178 -81 -386 143
27522: -178 -81 -387 151
27564: -178 -86 -429 167
27569: -178 -87 -434 143
27576: -178 -88 -441 135
27714: -181 -273 -387 151
27952: -184 -471 -433 135
27992: -241 -28 -409 199
27999: -241 -28 -416 255
28033: -242 -89 -386 207
28036: -242 -89 -389 231
28037: -242 -89 -390 239
28076: -242 -94 -429 231
28108: -243 -154 -397 231
28146: -243 -159 -435 215
28227: -245 -281 -388 223
28234: -245 -282 -395 215
28272: -245 -287 -433 199
28274: -245 -287 -435 215
28275: -245 -287 -436 223
28328: -246 -350 -425 199
28464: -248 -479 -433 199
28512: -305 -37 -417 263
28519: -305 -37 -424 319
28545: -306 -97 -386 271
28552: -306 -98 -393 263
28592: -306 -103 -433 263
28596: -306 -103 -437 295
28598: -306 -103 -439 311
28612: -307 -161 -389 295
28624: -307 -163 -401 263
28676: -308 -225 -389 295
28720: -308 -231 -433 263
28726: -308 -231 -439 311
28804: -310 -353 -389 295
28976: -312 -487 -433 263
29032: -369 -46 -425 327
29039: -369 -46 -432 383
29064: -370 -106 -393 327
29110: -370 -111 -439 375
29112: -370 -112 -441 327
29122: -371 -169 -387 343
29125: -371 -169 -390 367
29136: -371 -171 -401 327
29168: -371 -175 -433 327
29173: -371 -175 -438 367
29174: -371 -175 -439 375
29189: -372 -233 -390 367
29208: -372 -236 -409 327
29253: -373 -297 -390 367
29488: -376 -495 -433 327
29854: -438 -372 -415 439
29880: -438 -376 -441 391
30064: -497 -63 -433 455
30067: -497 -63 -436 479
30068: -497 -63 -437 487
30069: -497 -63 -438 495
30070: -497 -63 -439 503
30231: -500 -251 -408 511
30247: -500 -253 -424 511
30463: -503 -448 -448 511
30472: -504 -506 -393 455
30496: -504 -509 -417 455
30920: -63 -386 -457 8
30921: -63 -386 -458 16
30927: -63 -386 -464 64
30928: -63 -387 -465 8
30929: -63 -387 -466 16
30930: -63 -387 -467 24
30931: -63 -387 -468 32
30936: -63 -388 -473 8
30937: -63 -388 -474 16
30944: -63 -389 -481 8
30947: -63 -389 -484 32
30948: -63 -389 -485 40
30949: -63 -389 -486 48
30952: -63 -390 -489 8
30960: -63 -391 -497 8
30967: -63 -391 -504 64
30968: -63 -392 -505 8
31054: -121 -10 -463 120
31121: -122 -75 -466 80
31129: -122 -76 -474 80
31262: -124 -204 -479 120
31480: -127 -400 -505 72
31569: -185 -19 -466 144
31574: -185 -19 -471 184
31940: -191 -401 -453 168
31992: -191 -408 -505 136
32088: -249 -28 -473 200
32094: -249 -28 -479 248
32095: -249 -28 -480 256
32130: -250 -89 -451 216
32131: -250 -89 -452 224
32132: -250 -89 -453 232
32133: -250 -89 -454 240
32291: -252 -221 -484 224
32294: -252 -221 -487 248
32302: -252 -222 -495 248
32358: -253 -285 -487 248
32504: -255 -416 -505 200
32608: -313 -37 -481 264
32609: -313 -37 -482 272
32614: -313 -37 -487 312
32615: -313 -37 -488 320
32666: -314 -100 -475 280
33128: -377 -46 -489 328
33134: -377 -46 -495 376
33135: -377 -46 -496 384
33157: -378 -105 -454 368
33238: -379 -171 -471 376
33310: -380 -236 -479 376
33421: -382 -362 -462 368
33429: -382 -363 -470 368
33656: -441 -56 -505 392
33657: -441 -56 -506 400
33659: -441 -56 -508 416
33660: -441 -56 -509 424
33661: -441 -56 -510 432
33663: -441 -56 -512 448
33742: -443 -178 -463 440
33785: -443 -184 -506 400
33814: -444 -243 -471 440
33843: -444 -247 -500 416
33934: -446 -370 -463 440
33977: -446 -376 -506 400
34009: -447 -436 -474 400
34089: -448 -502 -490 400
34163: -505 -63 -500 480
34164: -505 -63 -501 488
34165: -505 -63 -502 496
35316: -81 -71 -397 35
35317: -81 -71 -398 43
35318: -81 -71 -399 51
35348: -89 -67 -141 36
35349: -89 -67 -142 44
35362: -89 -69 -267 20
35370: -89 -70 -331 20
35372: -89 -70 -333 36
35374: -89 -70 -335 52
35375: -89 -70 -336 60
35413: -97 -67 -142 45
35453: -97 -72 -462 45
35455: -97 -72 -464 61
35482: -105 -68 -203 22
35484: -105 -68 -205 38
35486: -105 -68 -207 54
35487: -105 -68 -208 62
35490: -105 -69 -267 22
35491: -105 -69 -268 30
35541: -113 -67 -142 47
35749: -137 -133 -278 42
35852: -153 -130 -85 36
35873: -153 -133 -274 12
35877: -153 -133 -278 44
35878: -153 -133 -279 52
35879: -153 -133 -280 60
35929: -161 -132 -210 13
35947: -161 -134 -340 29
35993: -169 -132 -210 14
35996: -169 -132 -213 38
36001: -169 -133 -274 14
36003: -169 -133 -276 30
36242: -201 -195 -155 18
36244: -201 -195 -157 34
36245: -201 -195 -158 42
36258: -201 -197 -283 18
36261: -201 -197 -286 42
36262: -201 -197 -287 50
36263: -201 -197 -288 58
36266: -201 -198 -347 18
36268: -201 -198 -349 34
36270: -201 -198 -351 50
36282: -201 -200 -475 18
36300: -209 -194 -93 35
36301: -209 -194 -94 43
36329: -209 -198 -346 11
36332: -209 -198 -349 35
36334: -209 -198 -351 51
36335: -209 -198 -352 59
36349: -209 -200 -478 43
36351: -209 -200 -480 59
36429: -225 -194 -94 45
36433: -225 -195 -154 13
36434: -225 -195 -155 21
36437: -225 -195 -158 45
36438: -225 -195 -159 53
36439: -225 -195 -160 61
36458: -225 -198 -347 21
36462: -225 -198 -351 53
36463: -225 -198 -352 61
36466: -225 -199 -411 21
36469: -225 -199 -414 45
36470: -225 -199 -415 53
36474: -225 -200 -475 21
36477: -225 -200 -478 45
36479: -225 -200 -480 61
36490: -233 -194 -91 22
36500: -233 -195 -157 38
36502: -233 -195 -159 54
36503: -233 -195 -160 62
36513: -233 -197 -282 14
36514: -233 -197 -283 22
36518: -233 -197 -287 54
36519: -233 -197 -288 62
36530: -233 -199 -411 22
36532: -233 -199 -413 38
36534: -233 -199 -415 54
36538: -233 -200 -475 22
36540: -233 -200 -477 38
36543: -233 -200 -480 62
36755: -265 -259 -164 26
36765: -265 -260 -230 42
36811: -273 -258 -100 27
36813: -273 -258 -102 43
36857: -273 -264 -482 11
36905: -281 -262 -354 12
36906: -281 -262 -355 20
36910: -281 -262 -359 52
36922: -281 -264 -483 20
37050: -297 -264 -483 22
37306: -329 -328 -491 18
37409: -345 -325 -298 12
37465: -353 -324 -234 13
37494: -353 -327 -431 53
37497: -353 -328 -490 13
37498: -353 -328 -491 21
37499: -353 -328 -492 29
37503: -353 -328 -496 61
37598: -369 -324 -239 55
37643: -377 -322 -108 32
37644: -377 -322 -109 40
37649: -377 -323 -170 16
37652: -377 -323 -173 40
37658: -377 -324 -235 24
37665: -377 -325 -298 16
37667: -377 -325 -300 32
37779: -393 -387 -180 26
37782: -393 -387 -183 50
37786: -393 -388 -243 18
37788: -393 -388 -245 34
37789: -393 -388 -246 42
37794: -393 -389 -307 18
37795: -393 -389 -308 26
37797: -393 -389 -310 42
37798: -393 -389 -311 50
37799: -393 -389 -312 58
37802: -393 -390 -371 18
37803: -393 -390 -372 26
37804: -393 -390 -373 34
37838: -401 -386 -119 51
37849: -401 -388 -242 11
37852: -401 -388 -245 35
37853: -401 -388 -246 43
37857: -401 -389 -306 11
37859: -401 -389 -308 27
37861: -401 -389 -310 43
37862: -401 -389 -311 51
37868: -401 -390 -373 35
37902: -409 -386 -119 52
37905: -409 -387 -178 12
37908: -409 -387 -181 36
37909: -409 -387 -182 44
37910: -409 -387 -183 52
37921: -409 -389 -306 12
37922: -409 -389 -307 20
37925: -409 -389 -310 44
37926: -409 -389 -311 52
37929: -409 -390 -370 12
37930: -409 -390 -371 20
37932: -409 -390 -373 36
37938: -409 -391 -435 20
37940: -409 -391 -437 36
37942: -409 -391 -439 52
37966: -417 -386 -119 53
37969: -417 -387 -178 13
37971: -417 -387 -180 29
37973: -417 -387 -182 45
37974: -417 -387 -183 53
37977: -417 -388 -242 13
37991: -417 -389 -312 61
37993: -417 -390 -370 13
37994: -417 -390 -371 21
37995: -417 -390 -372 29
38026: -425 -386 -115 22
38030: -425 -386 -119 54
38033: -425 -387 -178 14
38034: -425 -387 -179 22
38036: -425 -387 -181 38
38038: -425 -387 -183 54
38041: -425 -388 -242 14
38049: -425 -389 -306 14
38050: -425 -389 -307 22
38054: -425 -389 -311 54
38090: -433 -386 -115 23
38091: -433 -386 -116 31
38097: -433 -387 -178 15
38099: -433 -387 -180 31
38100: -433 -387 -181 39
38101: -433 -387 -182 47
38102: -433 -387 -183 55
38155: -441 -386 -116 32
38161: -441 -387 -178 16
38163: -441 -387 -180 32
38165: -441 -387 -182 48
38177: -441 -389 -306 16
38178: -441 -389 -307 24
38194: -441 -391 -435 24
38197: -441 -391 -438 48
38298: -457 -452 -251 18
38300: -457 -452 -253 34
38301: -457 -452 -254 42
38302: -457 -452 -255 50
38317: -457 -454 -382 42
38793: -10 -10 -66 74
38794: -10 -10 -67 82
38795: -10 -10 -68 90
38796: -10 -10 -69 98
38797: -10 -10 -70 106
38798: -10 -10 -71 114
38799: -10 -10 -72 122
39392: -82 -77 -265 67
39400: -82 -78 -329 67
39440: -90 -75 -137 68
39504: -98 -75 -137 69
39528: -98 -78 -329 69
39544: -98 -80 -457 69
39608: -106 -80 -457 70
39632: -114 -75 -137 71
39648: -114 -77 -265 71
39656: -114 -78 -329 71
39700: -122 -75 -141 104
39704: -122 -76 -201 72
39712: -122 -77 -265 72
39720: -122 -78 -329 72
39763: -130 -139 -148 89
39764: -130 -139 -149 97
39765: -130 -139 -150 105
39897: -146 -140 -210 75
39904: -146 -141 -273 67
39934: -146 -144 -471 115
40002: -162 -137 -19 85
40066: -170 -137 -19 86
40130: -178 -137 -19 87
40190: -178 -144 -471 119
40194: -186 -137 -19 88
40282: -194 -204 -219 81
40284: -194 -204 -221 97
40286: -194 -204 -223 113
40329: -202 -202 -90 74
40387: -210 -201 -28 91
40402: -210 -203 -155 83
40464: -218 -203 -153 68
40468: -218 -203 -157 100
40469: -218 -203 -158 108
40470: -218 -203 -159 116
40471: -218 -203 -160 124
40481: -218 -205 -282 76
40489: -218 -206 -346 76
40495: -218 -206 -352 124
40510: -218 -208 -479 116
40515: -226 -201 -28 93
40579: -234 -201 -28 94
40643: -242 -201 -28 95
40673: -242 -205 -282 79
40681: -242 -206 -346 79
40702: -242 -208 -479 119
40707: -250 -201 -28 96
40803: -258 -269 -292 89
40840: -266 -266 -97 66
40841: -266 -266 -98 74
40900: -274 -265 -37 99
40914: -274 -267 -163 83
40964: -282 -265 -37 100
41041: -290 -267 -162 77
41049: -290 -268 -226 77
41079: -290 -271 -424 125
41086: -290 -272 -487 117
41092: -298 -265 -37 102
41156: -306 -265 -37 103
41214: -306 -272 -487 119
41220: -314 -265 -37 104
41322: -322 -334 -363 81
41323: -322 -334 -364 89
41326: -322 -334 -367 113
41327: -322 -334 -368 121
41353: -330 -330 -106 74
41413: -338 -329 -46 107
41477: -346 -329 -46 108
41541: -354 -329 -46 109
41617: -362 -331 -170 78
41633: -362 -333 -298 78
41662: -362 -336 -495 118
41669: -370 -329 -46 111
41726: -370 -336 -495 119
41733: -378 -329 -46 112
41799: -386 -393 -56 121
41843: -386 -399 -436 89
41844: -386 -399 -437 97
41845: -386 -399 -438 105
41848: -386 -400 -497 65
42055: -418 -393 -56 125
42119: -426 -393 -56 126
42232: -434 -400 -497 71
42310: -450 -457 -63 113
42480: -466 -463 -441 67
42483: -466 -463 -444 91
42485: -466 -463 -446 107
42486: -466 -463 -447 115
42487: -466 -463 -448 123
42544: -474 -463 -441 68
42551: -474 -463 -448 124
42608: -482 -463 -441 69
42610: -482 -463 -443 85
42611: -482 -463 -444 93
42613: -482 -463 -446 109
42614: -482 -463 -447 117
42615: -482 -463 -448 125
42661: -490 -461 -318 110
42662: -490 -461 -319 118
42669: -490 -462 -382 110
42672: -490 -463 -441 70
42736: -498 -463 -441 71
42800: -506 -463 -441 72
42802: -506 -463 -443 88
42805: -506 -463 -446 112
42806: -506 -463 -447 120
42807: -506 -463 -448 128
42961: -19 -19 -130 139
42962: -19 -19 -131 147
42963: -19 -19 -132 155
42964: -19 -19 -133 163
42965: -19 -19 -134 171
42966: -19 -19 -135 179
42967: -19 -19 -136 187
43339: -67 -82 -76 153
43340: -67 -82 -77 161
43343: -67 -82 -80 185
43419: -75 -84 -204 154
43421: -75 -84 -206 170
43426: -75 -85 -267 146
43447: -75 -87 -400 186
43454: -75 -88 -463 178
43521: -91 -81 -10 140
43713: -115 -81 -10 143
43740: -115 -84 -205 167
43774: -115 -88 -463 183
43777: -123 -81 -10 144
43818: -123 -86 -331 152
43831: -123 -87 -400 192
43838: -123 -88 -463 184
43928: -139 -148 -209 130
43936: -139 -149 -273 130
43941: -139 -149 -278 170
43944: -139 -150 -337 130
44040: -155 -146 -81 132
44064: -155 -149 -273 132
44072: -155 -150 -337 132
44104: -163 -146 -81 133
44168: -171 -146 -81 134
44184: -171 -148 -209 134
44192: -171 -149 -273 134
44296: -187 -146 -81 136
44312: -187 -148 -209 136
44320: -187 -149 -273 136
44328: -187 -150 -337 136
44377: -195 -212 -218 137
44380: -195 -212 -221 161
44381: -195 -212 -222 169
44382: -195 -212 -223 177
44383: -195 -212 -224 185
44419: -203 -209 -28 154
44448: -203 -213 -281 130
44552: -219 -210 -89 132
44554: -219 -210 -91 148
44600: -219 -216 -473 132
44606: -219 -216 -479 180
44611: -227 -209 -28 157
44644: -227 -213 -285 165
44675: -235 -209 -28 158
44739: -243 -209 -28 159
44798: -243 -216 -479 183
44803: -251 -209 -28 160
44901: -259 -277 -294 169
44932: -267 -273 -37 162
45008: -275 -275 -161 131
45060: -283 -273 -37 164
45131: -291 -274 -100 157
45182: -291 -280 -487 181
45188: -299 -273 -37 166
45252: -307 -273 -37 167
45310: -307 -280 -487 183
45316: -315 -273 -37 168
45445: -331 -337 -46 170
45573: -347 -337 -46 172
45595: -347 -340 -236 156
45637: -355 -337 -46 173
45758: -363 -344 -495 182
45765: -371 -337 -46 175
45808: -371 -343 -425 135
45822: -371 -344 -495 183
45829: -379 -337 -46 176
45895: -387 -401 -56 185
45937: -387 -407 -434 137
45939: -387 -407 -436 153
45940: -387 -407 -437 161
45947: -387 -408 -500 153
45949: -387 -408 -502 169
46448: -451 -471 -441 129
46449: -451 -471 -442 137
46452: -451 -471 -445 161
46453: -451 -471 -446 169
46454: -451 -471 -447 177
46512: -459 -471 -441 130
46513: -459 -471 -442 138
46515: -459 -471 -444 154
46517: -459 -471 -446 170
46518: -459 -471 -447 178
46619: -475 -468 -252 156
46640: -475 -471 -441 132
46704: -483 -471 -441 133
46768: -491 -471 -441 134
46896: -507 -471 -441 136
47129: -28 -28 -194 204
47130: -28 -28 -195 212
47131: -28 -28 -196 220
47132: -28 -28 -197 228
47133: -28 -28 -198 236
47134: -28 -28 -199 244
47135: -28 -28 -200 252
47434: -68 -90 -75 209
47436: -68 -90 -77 225
47437: -68 -90 -78 233
47543: -76 -95 -400 250
47550: -76 -96 -463 242
47570: -84 -91 -139 211
47681: -100 -89 -10 205
47745: -108 -89 -10 206
47809: -116 -89 -10 207
47827: -116 -91 -140 223
47851: -116 -94 -332 223
47870: -116 -96 -463 247
47873: -124 -89 -10 208
47915: -124 -94 -332 224
47917: -124 -94 -334 240
47927: -124 -95 -400 256
47953: -132 -155 -146 201
47956: -132 -155 -149 225
48002: -140 -153 -19 210
48096: -148 -157 -273 195
48097: -148 -157 -274 203
48099: -148 -157 -276 219
48101: -148 -157 -278 235
48103: -148 -157 -280 251
48105: -148 -158 -338 203
48107: -148 -158 -340 219
48108: -148 -158 -341 227
48110: -148 -158 -343 243
48111: -148 -158 -344 251
48119: -148 -159 -408 251
48126: -148 -160 -471 243
48194: -164 -153 -19 213
48258: -172 -153 -19 214
48322: -180 -153 -19 215
48382: -180 -160 -471 247
48386: -188 -153 -19 216
48446: -188 -160 -471 248
48528: -204 -219 -153 194
48544: -204 -221 -281 194
48549: -204 -221 -286 234
48552: -204 -222 -345 194
48589: -212 -218 -94 235
48608: -212 -221 -281 195
48624: -212 -223 -409 195
48632: -212 -224 -473 195
48712: -228 -218 -89 197
48760: -228 -224 -473 197
48776: -236 -218 -89 198
48784: -236 -219 -153 198
48788: -236 -219 -157 230
48800: -236 -221 -281 198
48807: -236 -221 -288 254
48816: -236 -223 -409 198
48904: -252 -218 -89 200
48912: -252 -219 -153 200
48928: -252 -221 -281 200
48936: -252 -222 -345 200
48944: -252 -223 -409 200
48993: -260 -285 -290 201
48997: -260 -285 -294 233
48999: -260 -285 -296 249
49028: -268 -281 -37 226
49092: -276 -281 -37 227
49259: -292 -286 -356 221
49265: -292 -287 -418 205
49269: -292 -287 -422 237
49271: -292 -287 -424 253
49278: -292 -288 -487 245
49284: -300 -281 -37 230
49348: -308 -281 -37 231
49406: -308 -288 -487 247
49412: -316 -281 -37 232
49470: -316 -288 -487 248
49541: -332 -345 -46 234
49605: -340 -345 -46 235
49618: -340 -347 -171 211
49688: -348 -348 -233 196
49691: -348 -348 -236 220
49733: -356 -345 -46 237
49849: -364 -352 -490 206
49854: -364 -352 -495 246
49861: -372 -345 -46 239
49918: -372 -352 -495 247
49925: -380 -345 -46 240
49982: -380 -352 -495 248
49991: -388 -409 -56 249
50033: -388 -415 -434 201
50034: -388 -415 -435 209
50037: -388 -415 -438 233
50502: -452 -473 -63 241
50541: -452 -478 -382 233
50544: -452 -479 -441 193
51297: -37 -37 -258 269
51298: -37 -37 -259 277
51299: -37 -37 -260 285
51300: -37 -37 -261 293
51301: -37 -37 -262 301
51302: -37 -37 -263 309
51303: -37 -37 -264 317
51530: -69 -98 -75 273
51531: -69 -98 -76 281
51535: -69 -98 -80 313
51611: -77 -100 -204 282
51634: -77 -103 -395 274
51635: -77 -103 -396 282
51637: -77 -103 -398 298
51639: -77 -103 -400 314
51646: -77 -104 -463 306
51649: -85 -97 -10 267
51905: -117 -97 -10 271
51966: -117 -104 -463 311
51969: -125 -97 -10 272
52023: -125 -103 -400 320
52034: -133 -161 -19 273
52049: -133 -163 -146 265
52051: -133 -163 -148 281
52054: -133 -163 -151 305
52055: -133 -163 -152 313
52168: -149 -162 -81 259
52189: -149 -164 -214 299
52204: -149 -166 -341 291
52222: -149 -168 -471 307
52226: -157 -161 -19 276
52320: -165 -165 -273 261
52354: -173 -161 -19 278
52418: -181 -161 -19 279
52478: -181 -168 -471 311
52482: -189 -161 -19 280
52542: -189 -168 -471 312
52569: -197 -228 -218 265
52570: -197 -228 -219 273
52573: -197 -228 -222 297
52574: -197 -228 -223 305
52575: -197 -228 -224 313
52611: -205 -225 -28 282
52712: -213 -230 -345 259
52713: -213 -230 -346 267
52714: -213 -230 -347 275
52717: -213 -230 -350 299
52718: -213 -230 -351 307
52719: -213 -230 -352 315
52744: -221 -226 -89 260
52748: -221 -226 -93 292
52756: -221 -227 -157 292
52776: -221 -230 -345 260
52780: -221 -230 -349 292
52784: -221 -231 -409 260
52785: -221 -231 -410 268
52786: -221 -231 -411 276
52789: -221 -231 -414 300
52791: -221 -231 -416 316
52798: -221 -232 -479 308
52867: -237 -225 -28 286
52931: -245 -225 -28 287
52948: -245 -227 -157 295
52972: -245 -230 -349 295
52990: -245 -232 -479 311
52995: -253 -225 -28 288
53128: -269 -290 -97 258
53136: -269 -291 -161 258
53176: -269 -296 -481 258
53208: -277 -292 -225 259
53256: -285 -290 -97 260
53290: -285 -294 -355 276
53384: -301 -290 -97 262
53400: -301 -292 -225 262
53464: -309 -292 -225 263
53512: -317 -290 -97 264
53520: -317 -291 -161 264
53528: -317 -292 -225 264
53609: -325 -358 -362 265
53610: -325 -358 -363 273
53611: -325 -358 -364 281
53614: -325 -358 -367 305
53637: -333 -353 -46 298
53689: -333 -360 -490 266
53787: -349 -356 -236 284
53816: -349 -360 -489 260
53856: -357 -357 -297 261
53950: -365 -360 -495 310
53957: -373 -353 -46 303
54014: -373 -360 -495 311
54021: -381 -353 -46 304
54087: -389 -417 -56 313
54108: -389 -420 -245 289
54129: -389 -423 -434 265
54139: -389 -424 -500 281
54141: -389 -424 -502 297
54598: -453 -481 -63 305
54640: -453 -487 -441 257
54665: -461 -482 -122 266
54704: -461 -487 -441 258
54768: -469 -487 -441 259
54832: -477 -487 -441 260
54833: -477 -487 -442 268
54834: -477 -487 -443 276
54835: -477 -487 -444 284
54837: -477 -487 -446 300
54838: -477 -487 -447 308
54839: -477 -487 -448 316
54957: -493 -486 -382 302
55024: -501 -487 -441 263
55088: -509 -487 -441 264
55465: -46 -46 -322 334
55466: -46 -46 -323 342
55467: -46 -46 -324 350
55468: -46 -46 -325 358
55469: -46 -46 -326 366
55470: -46 -46 -327 374
55471: -46 -46 -328 382
55626: -70 -106 -75 337
55627: -70 -106 -76 345
55628: -70 -106 -77 353
55730: -78 -111 -395 338
55731: -78 -111 -396 346
55732: -78 -111 -397 354
55733: -78 -111 -398 362
55735: -78 -111 -400 378
55742: -78 -112 -463 370
55745: -86 -105 -10 331
55809: -94 -105 -10 332
55832: -94 -108 -201 324
55835: -94 -108 -204 348
55873: -102 -105 -10 333
55976: -110 -110 -329 326
56001: -118 -105 -10 335
56062: -118 -112 -463 375
56065: -126 -105 -10 336
56119: -126 -111 -400 384
56126: -126 -112 -463 376
56264: -150 -170 -81 323
56267: -150 -170 -84 347
56268: -150 -170 -85 355
56269: -150 -170 -86 363
56270: -150 -170 -87 371
56271: -150 -170 -88 379
56280: -150 -172 -209 323
56281: -150 -172 -210 331
56284: -150 -172 -213 355
56285: -150 -172 -214 363
56286: -150 -172 -215 371
56287: -150 -172 -216 379
56288: -150 -173 -273 323
56289: -150 -173 -274 331
56291: -150 -173 -276 347
56293: -150 -173 -278 363
56294: -150 -173 -279 371
56295: -150 -173 -280 379
56304: -150 -175 -401 323
56305: -150 -175 -402 331
56307: -150 -175 -404 347
56308: -150 -175 -405 355
56309: -150 -175 -406 363
56311: -150 -175 -408 379
56318: -150 -176 -471 371
56322: -158 -169 -19 340
56368: -158 -175 -401 324
56371: -158 -175 -404 348
56386: -166 -169 -19 341
56514: -182 -169 -19 343
56574: -182 -176 -471 375
56578: -190 -169 -19 344
56666: -198 -236 -219 337
56668: -198 -236 -221 353
56670: -198 -236 -223 369
56671: -198 -236 -224 377
56707: -206 -233 -28 346
56752: -206 -239 -409 322
56786: -214 -235 -155 339
56816: -214 -239 -409 323
56840: -222 -234 -89 324
56845: -222 -234 -94 364
56880: -222 -239 -409 324
56888: -222 -240 -473 324
56889: -222 -240 -474 332
56890: -222 -240 -475 340
56894: -222 -240 -479 372
56899: -230 -233 -28 349
56932: -230 -237 -285 357
57000: -238 -238 -345 326
57007: -238 -238 -352 382
57027: -246 -233 -28 351
57037: -246 -234 -94 367
57072: -246 -239 -409 327
57086: -246 -240 -479 375
57091: -254 -233 -28 352
57136: -254 -239 -409 328
57220: -270 -297 -37 354
57348: -286 -297 -37 356
57456: -294 -303 -417 325
57470: -294 -304 -487 373
57512: -302 -302 -353 326
57540: -310 -297 -37 359
57598: -310 -304 -487 375
57760: -334 -365 -297 322
57800: -342 -362 -105 323
57824: -342 -365 -297 323
57840: -342 -367 -425 323
57848: -342 -368 -489 323
57864: -350 -362 -105 324
57888: -350 -365 -297 324
57928: -358 -362 -105 325
57936: -358 -363 -169 325
57944: -358 -364 -233 325
57968: -358 -367 -425 325
57976: -358 -368 -489 325
58056: -374 -362 -105 327
58120: -382 -362 -105 328
58183: -390 -425 -56 377
58694: -454 -489 -63 369
58697: -454 -490 -122 329
58736: -454 -495 -441 321
58929: -478 -495 -442 332
58930: -478 -495 -443 340
58931: -478 -495 -444 348
58932: -478 -495 -445 356
58934: -478 -495 -447 372
58935: -478 -495 -448 380
59093: -502 -491 -190 367
59705: -63 -56 -450 400
59706: -63 -56 -451 408
59707: -63 -56 -452 416
59708: -63 -56 -453 424
59709: -63 -56 -454 432
59710: -63 -56 -455 440
59711: -63 -56 -456 448
59727: -71 -114 -80 441
59804: -79 -116 -205 418
60070: -111 -117 -271 438
60144: -119 -119 -393 391
60151: -119 -119 -400 447
60161: -127 -113 -10 400
60182: -127 -115 -143 440
60190: -127 -116 -207 440
60198: -127 -117 -271 440
60582: -175 -181 -279 438
60656: -183 -183 -401 391
60686: -191 -178 -87 440
60702: -191 -180 -215 440
60762: -199 -244 -219 401
60765: -199 -244 -222 425
60767: -199 -244 -224 441
60813: -207 -242 -94 426
60838: -207 -245 -287 434
60898: -215 -245 -283 403
60995: -231 -241 -28 413
61012: -231 -243 -157 421
61168: -247 -247 -409 391
61201: -255 -243 -154 400
61206: -255 -243 -159 440
61222: -255 -245 -287 440
61230: -255 -246 -351 440
61285: -263 -309 -294 425
61402: -279 -308 -227 403
61462: -287 -307 -167 436
61486: -287 -310 -359 436
61680: -311 -311 -417 391
61710: -319 -306 -103 440
62136: -367 -376 -489 390
62192: -375 -375 -425 391
62222: -383 -370 -111 440
62353: -399 -435 -178 394
62355: -399 -435 -180 410
62356: -399 -435 -181 418
62357: -399 -435 -182 426
62359: -399 -435 -184 442
62410: -407 -434 -115 403
62411: -407 -434 -116 411
62412: -407 -434 -117 419
62413: -407 -434 -118 427
62415: -407 -434 -120 443
62425: -407 -436 -242 395
62426: -407 -436 -243 403
62428: -407 -436 -245 419
62429: -407 -436 -246 427
62431: -407 -436 -248 443
62433: -407 -437 -306 395
62434: -407 -437 -307 403
62435: -407 -437 -308 411
62437: -407 -437 -310 427
62439: -407 -437 -312 443
62481: -415 -435 -178 396
62505: -415 -438 -370 396
62506: -415 -438 -371 404
62508: -415 -438 -373 420
62511: -415 -438 -376 444
62727: -447 -433 -56 448
62854: -463 -497 -63 434
62858: -463 -498 -123 402
62861: -463 -498 -126 426
62862: -463 -498 -127 434
62905: -463 -504 -506 394
62906: -463 -504 -507 402
62907: -463 -504 -508 410
62908: -463 -504 -509 418
62909: -463 -504 -510 426
62918: -471 -497 -63 435
62921: -471 -498 -122 395
62922: -471 -498 -123 403
62923: -471 -498 -124 411
62924: -471 -498 -125 419
62925: -471 -498 -126 427
62926: -471 -498 -127 435
62927: -471 -498 -128 443
62929: -471 -499 -186 395
62930: -471 -499 -187 403
62931: -471 -499 -188 411
62932: -471 -499 -189 419
62933: -471 -499 -190 427
62934: -471 -499 -191 435
62937: -471 -500 -250 395
62938: -471 -500 -251 403
62939: -471 -500 -252 411
62940: -471 -500 -253 419
62941: -471 -500 -254 427
62942: -471 -500 -255 435
62943: -471 -500 -256 443
62945: -471 -501 -314 395
62946: -471 -501 -315 403
62947: -471 -501 -316 411
62948: -471 -501 -317 419
62949: -471 -501 -318 427
62950: -471 -501 -319 435
62951: -471 -501 -320 443
62953: -471 -502 -378 395
62954: -471 -502 -379 403
62955: -471 -502 -380 411
62956: -471 -502 -381 419
62957: -471 -502 -382 427
62958: -471 -502 -383 435
62959: -471 -502 -384 443
62969: -471 -504 -506 395
62970: -471 -504 -507 403
62971: -471 -504 -508 411
62972: -471 -504 -509 419
62973: -471 -504 -510 427
62982: -479 -497 -63 436
62985: -479 -498 -122 396
62986: -479 -498 -123 404
62987: -479 -498 -124 412
62988: -479 -498 -125 420
62990: -479 -498 -127 436
62991: -479 -498 -128 444
63033: -479 -504 -506 396
63034: -479 -504 -507 404
63036: -479 -504 -509 420
63037: -479 -504 -510 428
63046: -487 -497 -63 437
63049: -487 -498 -122 397
63050: -487 -498 -123 405
63051: -487 -498 -124 413
63052: -487 -498 -125 421
63053: -487 -498 -126 429
63054: -487 -498 -127 437
63055: -487 -498 -128 445
63057: -487 -499 -186 397
63059: -487 -499 -188 413
63060: -487 -499 -189 421
63061: -487 -499 -190 429
63062: -487 -499 -191 437
63063: -487 -499 -192 445
63065: -487 -500 -250 397
63066: -487 -500 -251 405
63067: -487 -500 -252 413
63068: -487 -500 -253 421
63069: -487 -500 -254 429
63070: -487 -500 -255 437
63071: -487 -500 -256 445
63073: -487 -501 -314 397
63074: -487 -501 -315 405
63075: -487 -501 -316 413
63076: -487 -501 -317 421
63077: -487 -501 -318 429
63078: -487 -501 -319 437
63085: -487 -502 -382 429
63097: -487 -504 -506 397
63098: -487 -504 -507 405
63099: -487 -504 -508 413
63101: -487 -504 -510 429
63110: -495 -497 -63 438
63131: -495 -500 -252 414
63161: -495 -504 -506 398
63162: -495 -504 -507 406
63163: -495 -504 -508 414
63164: -495 -504 -509 422
63165: -495 -504 -510 430
63217: -503 -503 -442 399
63218: -503 -503 -443 407
63219: -503 -503 -444 415
63220: -503 -503 -445 423
63221: -503 -503 -446 431
63729: -56 -63 -386 463
63730: -56 -63 -387 471
63731: -56 -63 -388 479
63732: -56 -63 -389 487
63733: -56 -63 -390 495
63734: -56 -63 -391 503
63735: -56 -63 -392 511
63822: -72 -122 -79 497
63890: -80 -123 -139 466
63899: -80 -124 -204 474
64318: -128 -128 -463 504
64392: -144 -186 -81 450
64393: -144 -186 -82 458
64423: -144 -189 -280 506
64607: -168 -188 -216 509
64608: -168 -189 -273 453
64655: -176 -186 -88 510
64824: -192 -192 -465 456
64830: -192 -192 -471 504
64857: -200 -252 -218 457
64862: -200 -252 -223 497
64904: -208 -250 -89 450
65010: -216 -255 -411 467
65032: -224 -250 -89 452
65042: -224 -251 -155 468
65047: -224 -251 -160 508
65219: -248 -249 -28 479
65224: -248 -250 -89 455
65263: -248 -254 -352 511
65336: -256 -256 -473 456
65342: -256 -256 -479 504
65417: -272 -314 -98 458
65439: -272 -316 -232 506
65559: -288 -315 -168 508
65618: -296 -315 -163 469
65732: -312 -313 -37 487
65751: -312 -315 -168 511
65848: -320 -320 -481 456
65854: -320 -320 -487 504
65898: -328 -382 -363 465
65899: -328 -382 -364 473
65900: -328 -382 -365 481
65902: -328 -382 -367 497
65989: -344 -377 -46 491
66263: -376 -379 -176 511
66267: -376 -380 -236 479
66279: -376 -381 -304 511
66360: -384 -384 -489 456
66361: -384 -384 -490 464
66366: -384 -384 -495 504
66481: -400 -447 -434 458
66482: -400 -447 -435 466
66483: -400 -447 -436 474
66484: -400 -447 -437 482
66485: -400 -447 -438 490
66486: -400 -447 -439 498
66503: -408 -441 -56 507
66521: -408 -444 -242 459
66522: -408 -444 -243 467
66523: -408 -444 -244 475
66524: -408 -444 -245 483
66525: -408 -444 -246 491
66548: -408 -447 -437 483
66549: -408 -447 -438 491
66567: -416 -441 -56 508
66631: -424 -441 -56 509
66674: -424 -447 -435 469
66676: -424 -447 -437 485
66677: -424 -447 -438 493
66695: -432 -441 -56 510
66738: -432 -447 -435 470
66740: -432 -447 -437 486
66741: -432 -447 -438 494
66873: -448 -448 -498 464
66874: -448 -448 -499 472
66875: -448 -448 -500 480
66876: -448 -448 -501 488
66877: -448 -448 -502 496
66878: -448 -448 -503 504
66879: -448 -448 -504 512
67270: -504 -505 -63 503
67428: -10 -18
67429: -10 -26
67430: -10 -34
67431: -10 -42
67432: -10 -50
67433: -10 -58
67463: -19 -27
67464: -19 -35
67465: -19 -43
67466: -19 -51
67467: -19 -59
67497: -28 -36
67498: -28 -44
67499: -28 -52
67500: -28 -60
67530: -37 -45
67531: -37 -53
67532: -37 -61
67562: -46 -54
67563: -46 -62
67594: 7 15 23 31 39 47 55 63
67622: -56 -64
67637: -81 -89
67638: -81 -97
67639: -81 -105
67640: -81 -113
67641: -81 -121
67642: -89 -97
67643: -89 -105
67644: -89 -113
67645: -89 -121
67646: -97 -105
67647: -97 -113
67648: -97 -121
67650: -105 -121
67651: -113 -121
67652: 65 73 81 89 97 105 113 121
67666: -82 -90
67667: -82 -98
67668: -82 -106
67669: -82 -114
67670: -82 -122
67671: -90 -98
67672: -90 -106
67674: -90 -122
67675: -98 -106
67677: -98 -122
67679: -106 -122
67681: 66 74 82 90 98 106 114 122
67682: -67 -75
67686: -67 -107
67687: -67 -115
67688: -67 -123
67689: -75 -83
67690: -75 -91
67692: -75 -107
67693: -75 -115
67694: -75 -123
67708: -107 -123
67709: -115 -123
67710: 67 75 83 91 99 107 115 123
67711: -68 -76
67712: -68 -84
67713: -68 -92
67714: -68 -100
67716: -68 -116
67717: -68 -124
67718: -76 -84
67721: -76 -108
67722: -76 -116
67723: -76 -124
67731: -92 -116
67736: -108 -116
67738: -116 -124
67739: 68 76 84 92 100 108 116 124
67740: -69 -77
67741: -69 -85
67742: -69 -93
67744: -69 -109
67745: -69 -117
67746: -69 -125
67751: -77 -117
67752: -77 -125
67766: -109 -125
67767: -117 -125
67769: -70 -78
67770: -70 -86
67771: -70 -94
67772: -70 -102
67773: -70 -110
67774: -70 -118
67775: -70 -126
67776: -78 -86
67777: -78 -94
67779: -78 -110
67780: -78 -118
67781: -78 -126
67782: -86 -94
67788: -94 -110
67789: -94 -118
67790: -94 -126
67795: -110 -126
67797: 70 78 86 94 102 110 118 126
67802: -71 -111
67814: -87 -119
67818: -95 -119
67821: -103 -119
67823: -111 -119
67826: 71 79 87 95 103 111 119 127
67827: -72 -80
67828: -72 -88
67830: -72 -104
67840: -88 -96
67841: -88 -104
67845: -96 -104
67848: -96 -128
67855: 72 80 88 96 104 112 120 128
67864: -137 -153
67865: -137 -161
67866: -137 -169
67867: -137 -177
67868: -137 -185
67874: -153 -161
67875: -153 -169
67876: -153 -177
67877: -153 -185
67878: -161 -169
67879: -161 -177
67880: -161 -185
67881: -169 -177
67882: -169 -185
67883: -177 -185
67884: 129 137 145 153 161 169 177 185
67886: -130 -146
67887: -130 -154
67888: -130 -162
67889: -130 -170
67890: -130 -178
67891: -130 -186
67892: -138 -146
67895: -138 -170
67898: -146 -154
67900: -146 -170
67901: -146 -178
67902: -146 -186
67905: -154 -178
67906: -154 -186
67907: -162 -170
67908: -162 -178
67910: -170 -178
67911: -170 -186
67912: -178 -186
67913: 130 138 146 154 162 170 178 186
67922: -139 -155
67923: -139 -163
67926: -139 -187
67932: -155 -163
67933: -155 -171
67934: -155 -179
67935: -155 -187
67936: -163 -171
67937: -163 -179
67938: -163 -187
67942: 131 139 147 155 163 171 179 187
67943: -132 -140
67944: -132 -148
67946: -132 -164
67947: -132 -172
67948: -132 -180
67949: -132 -188
67950: -140 -148
67956: -148 -156
67958: -148 -172
67959: -148 -180
67960: -148 -188
67968: -172 -180
67970: -180 -188
67971: 132 140 148 156 164 172 180 188
67972: -133 -141
67973: -133 -149
67974: -133 -157
67975: -133 -165
67976: -133 -173
67977: -133 -181
67978: -133 -189
67979: -141 -149
67987: -149 -173
67988: -149 -181
67989: -149 -189
67992: -157 -181
67999: -181 -189
68000: 133 141 149 157 165 173 181 189
68001: -134 -142
68002: -134 -150
68003: -134 -158
68006: -134 -182
68007: -134 -190
68008: -142 -150
68014: -150 -158
68015: -150 -166
68017: -150 -182
68018: -150 -190
68028: -182 -190
68029: 134 142 150 158 166 174 182 190
68040: -143 -175
68041: -143 -183
68055: -175 -183
68057: -183 -191
68058: 135 143 151 159 167 175 183 191
68072: -152 -160
68087: 136 144 152 160 168 176 184 192
68095: -201 -209
68097: -201 -225
68098: -201 -233
68100: -201 -249
68102: -209 -225
68103: -209 -233
68104: -209 -241
68105: -209 -249
68110: -225 -233
68111: -225 -241
68112: -225 -249
68114: -233 -249
68115: -241 -249
68116: 193 201 209 217 225 233 241 249
68118: -194 -210
68119: -194 -218
68120: -194 -226
68121: -194 -234
68122: -194 -242
68123: -194 -250
68128: -202 -242
68130: -210 -218
68135: -218 -226
68137: -218 -242
68144: -242 -250
68145: 194 202 210 218 226 234 242 250
68146: -195 -203
68148: -195 -219
68149: -195 -227
68150: -195 -235
68151: -195 -243
68152: -195 -251
68154: -203 -219
68155: -203 -227
68159: -211 -219
68164: -219 -227
68165: -219 -235
68166: -219 -243
68167: -219 -251
68168: -227 -235
68169: -227 -243
68173: -243 -251
68174: 195 203 211 219 227 235 243 251
68182: -204 -212
68184: -204 -228
68185: -204 -236
68186: -204 -244
68187: -204 -252
68189: -212 -228
68190: -212 -236
68191: -212 -244
68192: -212 -252
68197: -228 -236
68198: -228 -244
68199: -228 -252
68200: -236 -244
68201: -236 -252
68202: -244 -252
68203: 196 204 212 220 228 236 244 252
68204: -197 -205
68205: -197 -213
68206: -197 -221
68208: -197 -237
68209: -197 -245
68210: -197 -253
68211: -205 -213
68212: -205 -221
68215: -205 -245
68216: -205 -253
68217: -213 -221
68220: -213 -245
68222: -221 -229
68223: -221 -237
68224: -221 -245
68225: -221 -253
68227: -229 -245
68229: -237 -245
68231: -245 -253
68232: 197 205 213 221 229 237 245 253
68233: -198 -206
68234: -198 -214
68235: -198 -222
68236: -198 -230
68237: -198 -238
68238: -198 -246
68239: -198 -254
68241: -206 -222
68242: -206 -230
68244: -206 -246
68246: -214 -222
68249: -214 -246
68251: -222 -230
68253: -222 -246
68254: -222 -254
68256: -230 -246
68258: -238 -246
68260: -246 -254
68261: 198 206 214 222 230 238 246 254
68264: -199 -223
68270: -207 -223
68276: -215 -231
68277: -215 -239
68281: -223 -239
68284: -231 -239
68285: -231 -247
68290: 199 207 215 223 231 239 247 255
68291: -200 -208
68293: -200 -224
68294: -200 -232
68295: -200 -240
68296: -200 -248
68302: -208 -248
68304: -216 -224
68309: -224 -232
68311: -224 -248
68319: 200 208 216 224 232 240 248 256
68327: -265 -273
68328: -265 -281
68330: -265 -297
68331: -265 -305
68332: -265 -313
68333: -273 -281
68335: -273 -297
68336: -273 -305
68337: -273 -313
68339: -281 -297
68340: -281 -305
68341: -281 -313
68345: -297 -305
68346: -297 -313
68347: -305 -313
68348: 257 265 273 281 289 297 305 313
68350: -258 -274
68351: -258 -282
68352: -258 -290
68354: -258 -306
68355: -258 -314
68358: -266 -290
68363: -274 -290
68367: -282 -290
68370: -282 -314
68372: -290 -306
68373: -290 -314
68376: -306 -314
68377: 258 266 274 282 290 298 306 314
68378: -259 -267
68381: -259 -291
68383: -259 -307
68387: -267 -291
68389: -267 -307
68396: -283 -291
68400: -291 -299
68401: -291 -307
68402: -291 -315
68405: -307 -315
68406: 259 267 275 283 291 299 307 315
68407: -260 -268
68408: -260 -276
68409: -260 -284
68410: -260 -292
68412: -260 -308
68416: -268 -292
68419: -268 -316
68421: -276 -292
68423: -276 -308
68425: -284 -292
68429: -292 -300
68430: -292 -308
68431: -292 -316
68434: -308 -316
68435: 260 268 276 284 292 300 308 316
68443: -269 -277
68446: -269 -301
68449: -277 -285
68451: -277 -301
68452: -277 -309
68453: -277 -317
68462: -301 -317
68464: 261 269 277 285 293 301 309 317
68465: -262 -270
68466: -262 -278
68467: -262 -286
68468: -262 -294
68470: -262 -310
68471: -262 -318
68474: -270 -294
68479: -278 -294
68481: -278 -310
68488: -294 -310
68489: -294 -318
68497: -263 -295
68498: -263 -303
68505: -271 -311
68507: -279 -287
68510: -279 -311
68514: -287 -311
68521: -311 -319
68526: -264 -296
68528: -264 -312
68530: -272 -280
68546: -296 -312
68551: 264 272 280 288 296 304 312 320
68559: -329 -337
68560: -329 -345
68561: -329 -353
68563: -329 -369
68564: -329 -377
68565: -337 -345
68566: -337 -353
68568: -337 -369
68569: -337 -377
68570: -345 -353
68573: -345 -377
68575: -353 -369
68576: -353 -377
68579: -369 -377
68580: 321 329 337 345 353 361 369 377
68582: -322 -338
68584: -322 -354
68585: -322 -362
68586: -322 -370
68587: -322 -378
68591: -330 -362
68600: -346 -362
68603: -354 -362
68606: -362 -370
68607: -362 -378
68608: -370 -378
68610: -323 -331
68612: -323 -347
68614: -323 -363
68615: -323 -371
68616: -323 -379
68618: -331 -347
68620: -331 -363
68621: -331 -371
68629: -347 -363
68630: -347 -371
68633: -355 -371
68635: -363 -371
68636: -363 -379
68637: -371 -379
68638: 323 331 339 347 355 363 371 379
68639: -324 -332
68640: -324 -340
68642: -324 -356
68643: -324 -364
68644: -324 -372
68646: -332 -340
68649: -332 -364
68651: -332 -380
68654: -340 -364
68658: -348 -364
68659: -348 -372
68661: -356 -364
68664: -364 -372
68665: -364 -380
68666: -372 -380
68667: 324 332 340 348 356 364 372 380
68668: -325 -333
68669: -325 -341
68670: -325 -349
68672: -325 -365
68673: -325 -373
68674: -325 -381
68678: -333 -365
68683: -341 -365
68687: -349 -365
68688: -349 -373
68689: -349 -381
68693: -365 -373
68694: -365 -381
68704: -334 -342
68705: -334 -350
68706: -334 -358
68709: -334 -382
68710: -342 -350
68714: -342 -382
68718: -350 -382
68721: -358 -382
68725: 326 334 342 350 358 366 374 382
68726: -327 -335
68730: -327 -367
68734: -335 -351
68738: -335 -383
68743: -343 -383
68747: -351 -383
68751: -367 -375
68759: -328 -368
68762: -336 -344
68768: -344 -352
68773: -352 -360
68783: 328 336 344 352 360 368 376 384
68792: -393 -409
68794: -393 -425
68796: -393 -441
68798: -401 -417
68799: -401 -425
68803: -409 -425
68804: -409 -433
68808: -417 -441
68813: -386 -394
68814: -386 -402
68815: -386 -410
68816: -386 -418
68817: -386 -426
68818: -386 -434
68819: -386 -442
68842: -387 -395
68843: -387 -403
68844: -387 -411
68845: -387 -419
68846: -387 -427
68847: -387 -435
68848: -387 -443
68871: -388 -396
68872: -388 -404
68873: -388 -412
68874: -388 -420
68875: -388 -428
68876: -388 -436
68877: -388 -444
68900: -389 -397
68901: -389 -405
68902: -389 -413
68903: -389 -421
68904: -389 -429
68905: -389 -437
68906: -389 -445
68929: -390 -398
68930: -390 -406
68931: -390 -414
68932: -390 -422
68933: -390 -430
68934: -390 -438
68935: -390 -446
68958: -391 -399
68959: -391 -407
68960: -391 -415
68961: -391 -423
68962: -391 -431
68963: -391 -439
68964: -391 -447
68985: -439 -447
68987: -392 -400
68988: -392 -408
68989: -392 -416
68990: -392 -424
68991: -392 -432
68992: -392 -440
68994: -400 -408
68995: -400 -416
68996: -400 -424
68997: -400 -432
68998: -400 -440
68999: -400 -448
69000: -408 -416
69001: -408 -424
69002: -408 -432
69003: -408 -440
69004: -408 -448
69005: -416 -424
69006: -416 -432
69007: -416 -440
69009: -424 -432
69010: -424 -440
69011: -424 -448
69012: -432 -440
69013: -432 -448
69014: -440 -448
69015: 392 400 408 416 424 432 440 448
69023: -457 -465
69024: -457 -473
69026: -457 -489
69028: -457 -505
69031: -465 -489
69034: -473 -481
69037: -473 -505
69042: -489 -505
69045: -450 -458
69046: -450 -466
69047: -450 -474
69048: -450 -482
69049: -450 -490
69050: -450 -498
69062: -466 -506
69073: 450 458 466 474 482 490 498 506
69074: -451 -459
69076: -451 -475
69077: -451 -483
69078: -451 -491
69080: -451 -507
69102: 451 459 467 475 483 491 499 507
69108: -452 -500
69109: -452 -508
69130: -500 -508
69131: 452 460 468 476 484 492 500 508
69132: -453 -461
69133: -453 -469
69135: -453 -485
69136: -453 -493
69137: -453 -501
69138: -453 -509
69159: -501 -509
69160: 453 461 469 477 485 493 501 509
69162: -454 -470
69163: -454 -478
69164: -454 -486
69165: -454 -494
69166: -454 -502
69167: -454 -510
69172: -462 -502
69184: -486 -502
69188: -502 -510
69189: 454 462 470 478 486 494 502 510
69190: -455 -463
69191: -455 -471
69192: -455 -479
69193: -455 -487
69194: -455 -495
69197: -463 -471
69198: -463 -479
69199: -463 -487
69200: -463 -495
69201: -463 -503
69202: -463 -511
69203: -471 -479
69204: -471 -487
69205: -471 -495
69206: -471 -503
69207: -471 -511
69208: -479 -487
69209: -479 -495
69210: -479 -503
69211: -479 -511
69212: -487 -495
69213: -487 -503
69214: -487 -511
69215: -495 -503
69216: -495 -511
69217: -503 -511
69219: -456 -464
69220: -456 -472
69221: -456 -480
69222: -456 -488
69223: -456 -496
69224: -456 -504
69246: -504 -512
69256: -65 -1 2
69264: -129 -1 3
69272: -193 -1 4
69280: -257 -1 5
69288: -321 -1 6
69296: -385 -1 7
69304: -449 -1 8
69313: -10 -74 73
69314: -10 -75 137
69315: -10 -76 201
69316: -10 -77 265
69317: -10 -78 329
69318: -10 -79 393
69319: -10 -80 457
69331: -138 -76 203
69332: -138 -77 267
69333: -138 -78 331
69338: -202 -75 140
69340: -202 -77 268
69341: -202 -78 332
69346: -266 -75 141
69347: -266 -76 205
69354: -330 -75 142
69355: -330 -76 206
69356: -330 -77 270
69364: -394 -77 271
69371: -458 -76 208
69377: -19 -146 81
69378: -19 -147 145
69379: -19 -148 209
69380: -19 -149 273
69381: -19 -150 337
69382: -19 -151 401
69383: -19 -152 465
69387: -83 -148 210
69388: -83 -149 274
69389: -83 -150 338
69401: -211 -146 84
69404: -211 -149 276
69405: -211 -150 340
69409: -275 -146 85
69411: -275 -148 213
69413: -275 -150 341
69417: -339 -146 86
69419: -339 -148 214
69420: -339 -149 278
69441: -28 -218 89
69442: -28 -219 153
69443: -28 -220 217
69444: -28 -221 281
69445: -28 -222 345
69446: -28 -223 409
69447: -28 -224 473
69453: -92 -222 346
69457: -156 -218 91
69460: -156 -221 283
69461: -156 -222 347
69473: -284 -218 93
69474: -284 -219 157
69477: -284 -222 349
69481: -348 -218 94
69482: -348 -219 158
69484: -348 -221 286
69489: -412 -218 95
69492: -412 -221 287
69493: -412 -222 351
69497: -476 -218 96
69500: -476 -221 288
69501: -476 -222 352
69505: -37 -290 97
69506: -37 -291 161
69507: -37 -292 225
69508: -37 -293 289
69509: -37 -294 353
69510: -37 -295 417
69511: -37 -296 481
69514: -101 -291 162
69515: -101 -292 226
69517: -101 -294 354
69523: -165 -292 227
69525: -165 -294 355
69529: -229 -290 100
69530: -229 -291 164
69533: -229 -294 356
69545: -357 -290 102
69546: -357 -291 166
69547: -357 -292 230
69569: -46 -362 105
69570: -46 -363 169
69571: -46 -364 233
69572: -46 -365 297
69573: -46 -366 361
69574: -46 -367 425
69575: -46 -368 489
69578: -110 -363 170
69579: -110 -364 234
69580: -110 -365 298
69585: -174 -362 107
69587: -174 -364 235
69588: -174 -365 299
69590: -174 -367 427
69591: -174 -368 491
69593: -238 -362 108
69594: -238 -363 172
69596: -238 -365 300
69601: -302 -362 109
69602: -302 -363 173
69603: -302 -364 237
69617: -430 -362 111
69625: -494 -362 112
69640: -119 -433 50
69642: -119 -435 178
69643: -119 -436 242
69644: -119 -437 306
69645: -119 -438 370
69646: -119 -439 434
69648: -183 -433 51
69649: -183 -434 115
69651: -183 -436 243
69653: -183 -438 371
69654: -183 -439 435
69658: -247 -435 180
69665: -311 -434 117
69667: -311 -436 245
69669: -311 -438 373
69674: -375 -435 182
69704: -128 -505 58
69706: -128 -507 186
69707: -128 -508 250
69708: -128 -509 314
69709: -128 -510 378
69711: -128 -512 506
69712: -192 -505 59
69713: -192 -506 123
69720: -256 -505 60
69721: -256 -506 124
69722: -256 -507 188
69724: -256 -509 316
69725: -256 -510 380
69727: -256 -512 508
69728: -320 -505 61
69730: -320 -507 189
69731: -320 -508 253
69733: -320 -510 381
69736: -384 -505 62
69751: -448 -512 511
70403: -75 -137 -68 209
70404: -75 -137 -69 273
70405: -75 -137 -70 337
70406: -75 -137 -71 401
70407: -75 -137 -72 465
70468: -76 -201 -69 281
70469: -76 -201 -70 345
70470: -76 -201 -71 409
70471: -76 -201 -72 473
70530: -77 -265 -67 161
70531: -77 -265 -68 225
70533: -77 -265 -70 353
70534: -77 -265 -71 417
70594: -78 -329 -67 169
70595: -78 -329 -68 233
70596: -78 -329 -69 297
70598: -78 -329 -71 425
70658: -79 -393 -67 177
70659: -79 -393 -68 241
70660: -79 -393 -69 305
70722: -80 -457 -67 185
70723: -80 -457 -68 249
70724: -80 -457 -69 313
70725: -80 -457 -70 377
70726: -80 -457 -71 441
70851: -146 -81 -132 201
70852: -146 -81 -133 265
70853: -146 -81 -134 329
70980: -148 -209 -133 281
70981: -148 -209 -134 345
70982: -148 -209 -135 409
70983: -148 -209 -136 473
71041: -149 -273 -130 97
71043: -149 -273 -132 225
71045: -149 -273 -134 353
71046: -149 -273 -135 417
71105: -150 -337 -130 105
71107: -150 -337 -132 233
71108: -150 -337 -133 297
71110: -150 -337 -135 425
71169: -151 -401 -130 113
71172: -151 -401 -133 305
71173: -151 -401 -134 369
71236: -152 -465 -133 313
71364: -218 -89 -197 265
71365: -218 -89 -198 329
71366: -218 -89 -199 393
71426: -219 -153 -195 145
71428: -219 -153 -197 273
71430: -219 -153 -199 401
71480: -219 -160 -249 24
71553: -221 -281 -194 97
71554: -221 -281 -195 161
71557: -221 -281 -198 353
71558: -221 -281 -199 417
71559: -221 -281 -200 481
71622: -222 -345 -199 425
71681: -223 -409 -194 113
71682: -223 -409 -195 177
71684: -223 -409 -197 305
71685: -223 -409 -198 369
71687: -223 -409 -200 497
71745: -224 -473 -194 121
71746: -224 -473 -195 185
71748: -224 -473 -197 313
71749: -224 -473 -198 377
71750: -224 -473 -199 441
71765: -224 -475 -214 379
71877: -290 -97 -262 329
71878: -290 -97 -263 393
71937: -291 -161 -258 81
71939: -291 -161 -260 209
71941: -291 -161 -262 337
71942: -291 -161 -263 401
72001: -292 -225 -258 89
72002: -292 -225 -259 153
72003: -292 -225 -260 217
72005: -292 -225 -262 345
72006: -292 -225 -263 409
72007: -292 -225 -264 473
72129: -294 -353 -258 105
72130: -294 -353 -259 169
72133: -294 -353 -262 361
72134: -294 -353 -263 425
72193: -295 -417 -258 113
72197: -295 -417 -262 369
72199: -295 -417 -264 497
72257: -296 -481 -258 121
72258: -296 -481 -259 185
72261: -296 -481 -262 377
72262: -296 -481 -263 441
72386: -362 -105 -323 137
72387: -362 -105 -324 201
72388: -362 -105 -325 265
72390: -362 -105 -327 393
72391: -362 -105 -328 457
72449: -363 -169 -322 81
72451: -363 -169 -324 209
72452: -363 -169 -325 273
72454: -363 -169 -327 401
72504: -363 -176 -377 24
72513: -364 -233 -322 89
72514: -364 -233 -323 153
72516: -364 -233 -325 281
72518: -364 -233 -327 409
72577: -365 -297 -322 97
72578: -365 -297 -323 161
72579: -365 -297 -324 225
72582: -365 -297 -327 417
72583: -365 -297 -328 481
72705: -367 -425 -322 113
72706: -367 -425 -323 177
72708: -367 -425 -325 305
72711: -367 -425 -328 497
72769: -368 -489 -322 121
72770: -368 -489 -323 185
72771: -368 -489 -324 249
72772: -368 -489 -325 313
72774: -368 -489 -327 441
73574: -508 -253 -487 413
74339: -73 -10
74408: -75 -138
74409: -75 -82
74410: -75 -146
74411: -75 -139
74454: -75 -81 -10
74478: -76 -90
74480: -76 -204
74523: -76 -89 -10
74547: -77 -98
74548: -77 -290
74549: -77 -269
74592: -77 -97 -10
74611: -77 -103 -397
74616: -78 -106
74617: -78 -362
74661: -78 -105 -10
74685: -79 -114
74753: -80 -458
74754: -80 -122
74822: -145 -19
74892: -146 -139
74894: -146 -82
74937: -146 -137 -19
74961: -148 -155
74962: -148 -219
74963: -148 -212
75006: -148 -153 -19
75030: -149 -163
75031: -149 -291
75032: -149 -277
75075: -149 -161 -19
75079: -149 -162 -85
75089: -149 -166 -171
75098: -150 -339
75099: -150 -171
75100: -150 -363
75144: -150 -169 -19
75146: -150 -170 -139
75305: -217 -28
75375: -218 -204
75377: -218 -90
75420: -218 -201 -28
75427: -218 -203 -154
75444: -219 -212
75446: -219 -155
75489: -219 -209 -28
75512: -221 -284
75513: -221 -228
75514: -221 -292
75515: -221 -285
75558: -221 -225 -28
75577: -221 -231 -413
75582: -222 -236
75583: -222 -364
75584: -222 -350
75627: -222 -233 -28
75651: -223 -244
75703: -223 -243 -159
75719: -224 -476
75721: -224 -508
75765: -224 -249 -28
75784: -224 -255 -416
75788: -289 -37
75860: -290 -98
75903: -290 -265 -37
75919: -290 -270 -354
75927: -291 -277
75929: -291 -163
75972: -291 -273 -37
75982: -291 -276 -227
75995: -292 -229
75996: -292 -285
75998: -292 -228
76041: -292 -281 -37
76066: -294 -365
76110: -294 -297 -37
76120: -294 -300 -230
76179: -295 -305 -37
76183: -295 -306 -103
76202: -296 -485
76203: -296 -317
76248: -296 -313 -37
76271: -361 -46
76340: -362 -110
76341: -362 -334
76343: -362 -106
76386: -362 -329 -46
76391: -362 -331 -342
76409: -363 -174
76410: -363 -342
76412: -363 -171
76455: -363 -337 -46
76479: -364 -350
76481: -364 -236
76524: -364 -345 -46
76548: -365 -358
76550: -365 -301
76593: -365 -353 -46
76617: -367 -374
76669: -367 -371 -175
76685: -368 -494
76686: -368 -382
76687: -368 -510
76731: -368 -377 -46
76755: -433 -391
76823: -434 -119
76826: -434 -114
76892: -435 -183
76895: -435 -179
76958: -435 -408 -447
76961: -436 -247
76964: -436 -244
76979: -436 -243 -159
77006: -436 -409 -391
77030: -437 -311
77033: -437 -309
77053: -437 -308 -231
77099: -438 -375
77102: -438 -374
77112: -438 -370 -111
77306: -506 -128
77309: -506 -122
77375: -507 -192
77438: -507 -471 -504
77444: -508 -256
77447: -508 -252
77489: -508 -473 -456
77513: -509 -320
77576: -509 -487 -504
77585: -510 -382
77720: 1
77721: 10
77722: 19
77723: 28
77724: 37
77725: 46
77726: 56