4 1 1 1 1
UNSAT
7: -2 -3
12: -2 -8
46: -11 -16
79: -20 -24
93: -25 -32
140: -37 -40
171: -46 -48
201: -55 -56
483: -132 -134
492: 129 130 131 132 133 134 135 136
521: 137 138 139 140 141 142 143 144
583: -161 -165
590: -162 -166
592: -162 -168
609: -169 -170
613: -169 -174
618: -170 -173
620: -170 -175
621: -170 -176
638: -177 -178
648: -178 -182
667: -185 -186
673: -185 -192
677: -186 -190
724: 193 194 195 196 197 198 199 200
782: 209 210 211 212 213 214 215 216
1043: 281 282 283 284 285 286 287 288
2497: -67 -137 -2 73
2506: -67 -138 -11 81
2515: -67 -139 -20 89
2520: -67 -140 -25 65
2532: -67 -141 -37 97
2550: -67 -143 -55 113
2559: -67 -144 -64 121
3096: -132 -212 -25 129
3108: -132 -213 -37 161
3117: -132 -214 -46 169
3126: -132 -215 -55 177
3135: -132 -216 -64 185
6107: -11 -132 -92 26
7042: -138 -81 -67 146
10272: -20 -197 -161 3
10278: -20 -197 -167 51
10288: -20 -199 -177 3
10292: -20 -199 -181 35
10295: -20 -199 -184 59
10300: -20 -200 -189 35
10302: -20 -200 -191 51
14676: -89 -11 -213 100
14678: -89 -11 -215 116
14679: -89 -11 -216 124
19288: -161 -20 -281 133
19289: -161 -20 -282 141
19292: -161 -20 -285 165
19293: -161 -20 -286 173
19294: -161 -20 -287 181
19295: -161 -20 -288 189
23390: -169 -20 -351 182
23391: -169 -20 -352 190
27484: -177 -20 -413 167
27485: -177 -20 -414 175
27487: -177 -20 -416 191
31581: -185 -20 -478 176
31582: -185 -20 -479 184
34827: -25 -2 -68 28
35349: -89 -67 -142 44
38736: -2 -11 -129 65
38737: -2 -11 -130 73
38738: -2 -11 -131 81
38739: -2 -11 -132 89
38740: -2 -11 -133 97
38742: -2 -11 -135 113
38743: -2 -11 -136 121
42904: -11 -20 -193 130
42905: -11 -20 -194 138
42907: -11 -20 -196 154
42908: -11 -20 -197 162
42909: -11 -20 -198 170
42910: -11 -20 -199 178
44416: -203 -209 -25 130
44450: -203 -213 -283 146
44451: -203 -213 -284 154
44453: -203 -213 -286 170
44454: -203 -213 -287 178
44458: -203 -214 -347 146
44459: -203 -214 -348 154
44462: -203 -214 -351 178
44463: -203 -214 -352 186
44466: -203 -215 -411 146
44474: -203 -216 -475 146
44475: -203 -216 -476 154
44477: -203 -216 -478 170
44478: -203 -216 -479 178
47041: -20 -25 -2 203
47490: -76 -89 -11 210
47554: -84 -89 -11 211
47682: -100 -89 -11 213
47810: -116 -89 -11 215
47874: -124 -89 -11 216
47939: -132 -153 -20 217
52163: -149 -161 -20 283
56259: -150 -169 -20 347
56323: -158 -169 -20 348
56515: -182 -169 -20 351
56579: -190 -169 -20 352
60355: -151 -177 -20 411
64451: -152 -185 -20 475
64515: -160 -185 -20 476
64643: -176 -185 -20 478
64707: -184 -185 -20 479
67601: -25 -20 -2 67
68042: -81 -11 -67 138
68114: -89 -20 -67 139
68194: -97 -37 -67 141
68338: -113 -55 -67 143
68410: -121 -64 -67 144
68555: -145 -11 -132 210
68707: -161 -37 -132 213
68851: -177 -55 -132 215
68923: -185 -64 -132 216
71514: -2 -89 -11 132
71522: -2 -97 -11 133
71538: -2 -113 -11 135
71546: -2 -121 -11 136
72738: -154 -100 -139 149
72746: -154 -108 -139 150
72754: -154 -116 -139 151
72762: -154 -124 -139 152
73154: -210 -67 -203 153
75667: -11 -146 -20 195
75683: -11 -162 -20 197
75699: -11 -178 -20 199
77222: -203 -162 -215 413
77228: -203 -170 -213 286
77230: -203 -170 -215 414
77231: -203 -170 -216 478
77236: -203 -178 -213 287
77237: -203 -178 -214 351
77239: -203 -178 -216 479
77245: -203 -186 -214 352
77246: -203 -186 -215 416
79808: -20 -195 -25 1
79824: -20 -211 -25 3
100191: -2 -26
100227: -11 -35
100229: -11 -51
100230: -11 -59
100260: -20 -28
100262: -20 -44
100391: 8 16 24 32 40 48 56 64
100507: 68 76 84 92 100 108 116 124
100652: 129 137 145 153 161 169 177 185
100681: 130 138 146 154 162 170 178 186
100740: -133 -141
100769: -134 -142
100797: 134 142 150 158 166 174 182 190
100798: -135 -143
100827: -136 -144
100855: 136 144 152 160 168 176 184 192
110720: -2 -1 -1
111168: -2 -65
111170: -2 -73
112620: -217 -25
115032: 2
115033: 11
115034: 20
115035: 25
115036: 37
115037: 46
115038: 55