4 1 1 2
UNSAT
7: -2 -3
8: -2 -4
9: -2 -5
10: -2 -6
11: -2 -7
12: -2 -8
42: -11 -12
45: -11 -15
46: -11 -16
76: -20 -21
77: -20 -22
78: -20 -23
79: -20 -24
92: -25 -31
93: -25 -32
138: -37 -38
170: -46 -47
171: -46 -48
201: -55 -56
231: 57 58 59 60 61 62 63 64
285: -77 -80
287: -78 -80
313: -85 -87
318: 81 82 83 84 85 86 87 88
319: -89 -90
321: -89 -92
322: -89 -93
323: -89 -94
324: -89 -95
325: -89 -96
371: -101 -103
397: -108 -111
405: 105 106 107 108 109 110 111 112
408: -113 -116
411: -113 -119
414: -114 -116
426: -116 -119
430: -117 -120
434: 113 114 115 116 117 118 119 120
441: -121 -128
453: -124 -125
454: -124 -126
456: -124 -128
458: -125 -127
463: 121 122 123 124 125 126 127 128
489: -134 -135
492: 129 130 131 132 133 134 135 136
508: -139 -142
509: -139 -143
510: -139 -144
521: 137 138 139 140 141 142 143 144
548: -150 -152
550: 145 146 147 148 149 150 151 152
569: -156 -157
580: -161 -162
583: -161 -165
590: -162 -166
591: -162 -167
592: -162 -168
608: 161 162 163 164 165 166 167 168
613: -169 -174
618: -170 -173
620: -170 -175
638: -177 -178
641: -177 -181
642: -177 -182
644: -177 -184
647: -178 -181
666: 177 178 179 180 181 182 183 184
667: -185 -186
670: -185 -189
671: -185 -190
672: -185 -191
676: -186 -189
695: 185 186 187 188 189 190 191 192
714: -196 -197
716: -196 -199
723: -199 -200
724: 193 194 195 196 197 198 199 200
763: -210 -213
781: -215 -216
782: 209 210 211 212 213 214 215 216
812: -225 -226
818: -225 -232
824: -226 -232
839: -231 -232
841: -233 -234
846: -233 -239
853: -234 -240
874: -241 -246
875: -241 -247
898: 241 242 243 244 245 246 247 248
901: -249 -252
902: -249 -253
903: -249 -254
904: -249 -255
905: -249 -256
927: 249 250 251 252 253 254 255 256
938: -258 -262
947: -260 -262
956: 257 258 259 260 261 262 263 264
960: -265 -269
971: -267 -269
1016: -281 -283
1018: -281 -285
1043: 281 282 283 284 285 286 287 288
1072: 289 290 291 292 293 294 295 296
1079: -297 -304
1105: -305 -309
1128: -310 -312
1159: 313 314 315 316 317 318 319 320
1188: 321 322 323 324 325 326 327 328
1246: 337 338 339 340 341 342 343 344
1275: 345 346 347 348 349 350 351 352
1277: -353 -355
1278: -353 -356
1333: 361 362 363 364 365 366 367 368
1391: 377 378 379 380 381 382 383 384
1410: -388 -389
1411: -388 -390
1414: -389 -390
1420: 385 386 387 388 389 390 391 392
1423: -393 -396
1426: -393 -399
1449: 393 394 395 396 397 398 399 400
1462: -402 -408
1467: -403 -408
1478: 401 402 403 404 405 406 407 408
1485: -409 -416
1490: -410 -415
1491: -410 -416
1506: -415 -416
1507: 409 410 411 412 413 414 415 416
1508: -417 -418
1511: -417 -421
1514: -417 -424
1515: -418 -419
1520: -418 -424
1524: -419 -423
1529: -420 -424
1535: -423 -424
1536: 417 418 419 420 421 422 423 424
1537: -425 -426
1538: -425 -427
1542: -425 -431
1543: -425 -432
1549: -426 -432
1565: 425 426 427 428 429 430 431 432
1566: -433 -434
1567: -433 -435
1568: -433 -436
1571: -433 -439
1582: -435 -439
1594: 433 434 435 436 437 438 439 440
1595: -441 -442
1600: -441 -447
1623: 441 442 443 444 445 446 447 448
1631: -450 -451
1632: -450 -452
1633: -450 -453
1634: -450 -454
1636: -450 -456
1638: -451 -453
1642: -452 -453
1652: 449 450 451 452 453 454 455 456
1658: -457 -463
1693: -466 -471
1698: -467 -471
1710: 465 466 467 468 469 470 471 472
1727: -475 -479
1745: -481 -487
1774: -489 -495
1826: 497 498 499 500 501 502 503 504
1855: 505 506 507 508 509 510 511 512
2497: -67 -137 -2 73
2506: -67 -138 -11 81
2515: -67 -139 -20 89
2520: -67 -140 -25 65
2532: -67 -141 -37 97
2551: -67 -143 -56 121
2558: -67 -144 -63 113
3108: -132 -213 -37 161
3117: -132 -214 -46 169
3127: -132 -215 -56 185
3134: -132 -216 -63 177
3274: -135 -402 -11 145
3283: -135 -403 -20 153
3288: -135 -404 -25 129
3300: -135 -405 -37 161
3309: -135 -406 -46 169
3326: -135 -408 -63 177
3352: -136 -468 -25 129
3383: -136 -471 -56 185
3594: -196 -218 -11 209
3649: -197 -281 -2 201
3658: -197 -282 -11 209
3667: -197 -283 -20 217
3672: -197 -284 -25 193
3684: -197 -285 -37 225
3693: -197 -286 -46 233
3703: -197 -287 -56 249
3710: -197 -288 -63 241
3713: -198 -345 -2 201
3722: -198 -346 -11 209
3731: -198 -347 -20 217
3736: -198 -348 -25 193
3748: -198 -349 -37 225
3757: -198 -350 -46 233
3767: -198 -351 -56 249
3774: -198 -352 -63 241
3777: -199 -409 -2 201
3786: -199 -410 -11 209
3795: -199 -411 -20 217
3800: -199 -412 -25 193
3812: -199 -413 -37 225
3821: -199 -414 -46 233
3831: -199 -415 -56 249
3838: -199 -416 -63 241
3895: -200 -479 -56 249
4023: -258 -103 -56 313
4033: -259 -161 -2 265
4042: -259 -162 -11 273
4051: -259 -163 -20 281
4056: -259 -164 -25 257
4077: -259 -166 -46 297
4289: -263 -417 -2 265
4350: -263 -424 -63 305
4545: -323 -169 -2 329
4862: -327 -432 -63 369
4919: -328 -495 -56 377
4993: -386 -113 -2 393
5002: -386 -114 -11 401
5016: -386 -116 -25 385
5028: -386 -117 -37 417
5037: -386 -118 -46 425
5047: -386 -119 -56 441
5054: -386 -120 -63 433
5057: -387 -177 -2 393
5066: -387 -178 -11 401
5075: -387 -179 -20 409
5080: -387 -180 -25 385
5092: -387 -181 -37 417
5121: -388 -241 -2 393
5130: -388 -242 -11 401
5144: -388 -244 -25 385
5156: -388 -245 -37 417
5165: -388 -246 -46 425
5175: -388 -247 -56 441
5182: -388 -248 -63 433
5239: -389 -311 -56 441
5246: -389 -312 -63 433
5249: -390 -369 -2 393
5272: -390 -372 -25 385
5303: -390 -375 -56 441
5310: -390 -376 -63 433
5313: -391 -433 -2 393
5505: -450 -121 -2 457
5514: -450 -122 -11 465
5528: -450 -124 -25 449
5540: -450 -125 -37 481
5549: -450 -126 -46 489
5566: -450 -128 -63 497
5569: -451 -185 -2 457
5633: -452 -249 -2 457
5642: -452 -250 -11 465
5656: -452 -252 -25 449
5677: -452 -254 -46 489
5687: -452 -255 -56 505
5694: -452 -256 -63 497
5697: -453 -313 -2 457
5706: -453 -314 -11 465
5720: -453 -316 -25 449
5732: -453 -317 -37 481
5758: -453 -320 -63 497
5761: -454 -377 -2 457
5770: -454 -378 -11 465
5784: -454 -380 -25 449
5796: -454 -381 -37 481
5805: -454 -382 -46 489
5815: -454 -383 -56 505
5822: -454 -384 -63 497
5889: -456 -505 -2 457
6872: -79 -396 -89 66
6899: -79 -399 -116 90
7042: -138 -81 -67 146
7106: -139 -145 -67 146
7128: -139 -148 -89 130
7140: -139 -149 -101 162
7142: -139 -149 -103 178
7143: -139 -149 -104 186
7145: -139 -150 -106 138
7148: -139 -150 -109 162
7149: -139 -150 -110 170
7150: -139 -150 -111 178
7151: -139 -150 -112 186
7155: -139 -151 -116 154
7163: -139 -152 -124 154
7362: -143 -401 -67 146
7416: -143 -408 -121 130
7426: -144 -465 -67 146
7472: -144 -471 -113 130
7618: -203 -153 -67 210
7627: -203 -154 -76 218
8038: -265 -37 -103 306
8143: -267 -162 -80 314
8558: -329 -46 -111 370
8655: -331 -170 -80 378
9080: -393 -56 -121 386
9083: -393 -56 -124 410
9112: -394 -116 -89 386
9154: -395 -177 -67 402
9474: -400 -497 -67 402
9584: -457 -63 -113 450
9587: -457 -63 -116 474
9666: -459 -185 -67 466
9967: -463 -446 -112 506
10272: -20 -197 -161 3
10277: -20 -197 -166 43
10280: -20 -198 -169 3
10287: -20 -198 -176 59
10288: -20 -199 -177 3
10296: -20 -200 -185 3
10950: -87 -393 -135 115
11097: -145 -20 -154 139
11847: -213 -281 -136 251
11854: -213 -282 -143 243
11907: -214 -345 -132 219
11914: -214 -346 -139 211
11957: -214 -351 -182 235
11965: -214 -352 -190 235
11971: -215 -409 -132 219
11978: -215 -410 -139 211
12024: -215 -416 -185 195
12129: -273 -37 -162 267
12395: -277 -294 -172 283
12396: -277 -294 -173 291
12648: -337 -46 -169 323
13190: -402 -113 -135 435
13391: -405 -306 -144 443
13408: -405 -309 -161 387
13432: -405 -312 -185 387
13455: -406 -370 -144 443
13480: -406 -374 -169 387
13703: -466 -121 -136 507
13830: -468 -249 -135 499
14152: -25 -2 -201 4
14153: -25 -2 -202 12
14155: -25 -2 -204 28
14156: -25 -2 -205 36
14157: -25 -2 -206 44
14158: -25 -2 -207 52
14159: -25 -2 -208 60
14675: -89 -11 -212 92
14676: -89 -11 -213 100
14677: -89 -11 -214 108
14678: -89 -11 -215 116
15562: -159 -402 -203 148
16231: -281 -37 -232 316
16492: -285 -294 -237 292
16632: -287 -424 -249 260
16750: -345 -46 -239 372
17144: -351 -432 -249 324
17272: -409 -56 -249 388
17276: -409 -56 -253 420
17348: -411 -177 -197 420
17349: -411 -177 -198 428
17354: -411 -178 -203 404
17606: -415 -433 -199 436
17776: -473 -63 -241 452
17861: -475 -185 -198 492
17994: -477 -314 -203 468
18058: -478 -378 -203 468
18122: -479 -442 -203 468
18160: -479 -447 -241 452
18186: -480 -506 -203 468
18512: -37 -259 -273 5
18960: -100 -203 -273 69
18963: -100 -203 -276 93
19196: -103 -400 -317 101
19248: -104 -463 -305 69
19288: -161 -20 -281 133
19292: -161 -20 -285 165
19293: -161 -20 -286 173
19294: -161 -20 -287 181
19295: -161 -20 -288 189
19416: -163 -148 -281 133
19557: -165 -277 -294 173
19663: -167 -402 -272 189
19726: -168 -466 -271 181
19777: -225 -25 -258 205
19778: -225 -25 -259 213
19782: -225 -25 -263 245
20162: -231 -409 -259 213
20273: -232 -479 -306 205
20279: -232 -479 -312 253
21368: -417 -56 -313 389
21372: -417 -56 -317 421
21375: -417 -56 -320 445
21762: -424 -497 -259 405
21872: -481 -63 -305 453
21876: -481 -63 -309 485
22256: -487 -447 -305 453
22711: -46 -327 -376 62
22718: -46 -328 -383 54
23384: -169 -20 -345 134
23388: -169 -20 -349 166
23389: -169 -20 -350 174
23391: -169 -20 -352 190
23759: -175 -402 -336 190
23822: -176 -466 -335 182
23878: -233 -25 -327 246
24369: -240 -479 -370 206
24375: -240 -479 -376 254
25345: -368 -489 -322 334
25350: -368 -489 -327 374
25464: -425 -56 -377 390
25968: -489 -63 -369 454
25973: -489 -63 -374 494
26888: -56 -450 -393 7
26889: -56 -450 -394 15
26890: -56 -450 -395 23
26891: -56 -450 -396 31
26894: -56 -450 -399 55
26897: -56 -451 -402 15
26904: -56 -452 -409 7
26905: -56 -452 -410 15
26912: -56 -453 -417 7
26920: -56 -454 -425 7
26960: -113 -11 -401 71
26961: -113 -11 -402 79
26962: -113 -11 -403 87
26964: -113 -11 -405 103
26965: -113 -11 -406 111
26966: -113 -11 -407 119
26967: -113 -11 -408 127
27152: -116 -203 -401 71
27153: -116 -203 -402 79
27154: -116 -203 -403 87
27155: -116 -203 -404 95
27156: -116 -203 -405 103
27157: -116 -203 -406 111
27158: -116 -203 -407 119
27481: -177 -20 -410 143
27482: -177 -20 -411 151
27487: -177 -20 -416 191
27567: -178 -86 -432 191
27751: -181 -277 -424 191
27969: -241 -25 -386 207
27971: -241 -25 -388 223
27973: -241 -25 -390 239
28263: -245 -285 -424 255
28393: -247 -414 -426 207
28464: -248 -479 -433 199
28512: -305 -37 -417 263
28515: -305 -37 -420 287
28518: -305 -37 -423 311
28650: -307 -166 -427 279
28804: -310 -353 -389 295
29032: -369 -46 -425 327
29035: -369 -46 -428 351
29038: -369 -46 -431 375
29039: -369 -46 -432 383
29253: -373 -297 -390 367
29432: -375 -432 -441 327
29488: -376 -495 -433 327
29563: -433 -56 -444 415
29564: -433 -56 -445 423
29565: -433 -56 -446 431
29566: -433 -56 -447 439
29793: -437 -309 -418 399
29903: -439 -434 -400 447
30920: -63 -386 -457 8
30938: -63 -388 -475 24
30944: -63 -389 -481 8
30952: -63 -390 -489 8
31056: -121 -11 -465 72
31063: -121 -11 -472 128
31248: -124 -203 -465 72
31251: -124 -203 -468 96
31252: -124 -203 -469 104
31253: -124 -203 -470 112
31255: -124 -203 -472 128
31400: -126 -334 -489 72
31577: -185 -20 -474 144
31578: -185 -20 -475 152
32065: -249 -25 -450 208
32068: -249 -25 -453 232
32069: -249 -25 -454 240
32071: -249 -25 -456 256
32452: -255 -409 -453 232
32504: -255 -416 -505 200
32608: -313 -37 -481 264
32614: -313 -37 -487 312
32708: -315 -161 -453 296
32709: -315 -161 -454 304
33016: -319 -424 -505 264
33131: -377 -46 -492 352
33134: -377 -46 -495 376
33221: -379 -169 -454 368
33528: -383 -432 -505 328
33656: -441 -56 -505 392
33657: -441 -56 -506 400
33658: -441 -56 -507 408
33660: -441 -56 -509 424
33663: -441 -56 -512 448
34827: -25 -2 -68 28
34828: -25 -2 -69 36
34829: -25 -2 -70 44
34830: -25 -2 -71 52
34831: -25 -2 -72 60
35474: -105 -67 -139 22
35479: -105 -67 -144 62
35538: -113 -67 -139 23
35541: -113 -67 -142 47
35602: -121 -67 -139 24
35959: -161 -135 -408 61
35966: -161 -136 -471 53
36023: -169 -135 -408 62
36061: -177 -132 -214 47
36062: -177 -132 -215 55
36516: -233 -197 -285 38
36919: -281 -263 -424 60
37008: -297 -259 -161 6
37104: -305 -263 -417 7
37976: -417 -388 -241 5
37991: -417 -389 -312 61
37997: -417 -390 -374 45
37999: -417 -390 -376 61
38189: -441 -390 -374 48
38736: -2 -11 -129 65
38737: -2 -11 -130 73
38738: -2 -11 -131 81
38739: -2 -11 -132 89
38740: -2 -11 -133 97
38741: -2 -11 -134 105
38742: -2 -11 -135 113
38743: -2 -11 -136 121
39957: -154 -139 -150 108
39995: -154 -144 -468 92
40021: -162 -139 -150 109
40084: -170 -139 -149 102
40187: -178 -144 -468 95
41864: -394 -394 -113 66
41927: -402 -393 -56 123
41956: -402 -397 -309 99
41965: -402 -398 -374 107
41983: -402 -400 -504 123
42310: -450 -457 -63 113
42904: -11 -20 -193 130
42905: -11 -20 -194 138
42907: -11 -20 -196 154
42908: -11 -20 -197 162
42909: -11 -20 -198 170
42910: -11 -20 -199 178
42911: -11 -20 -200 186
43342: -67 -82 -79 177
43343: -67 -82 -80 185
43354: -67 -84 -203 145
43360: -67 -85 -265 129
43364: -67 -85 -269 161
43376: -67 -87 -393 129
43383: -67 -87 -400 185
43390: -67 -88 -463 177
43922: -139 -147 -147 146
43959: -139 -151 -408 186
44416: -203 -209 -25 130
44424: -203 -210 -89 130
44446: -203 -212 -223 178
44450: -203 -213 -283 146
44451: -203 -213 -284 154
44452: -203 -213 -285 162
44453: -203 -213 -286 170
44454: -203 -213 -287 178
44455: -203 -213 -288 186
44458: -203 -214 -347 146
44459: -203 -214 -348 154
44460: -203 -214 -349 162
44466: -203 -215 -411 146
44467: -203 -215 -412 154
44468: -203 -215 -413 162
44470: -203 -215 -415 178
44478: -203 -216 -479 178
44868: -259 -273 -37 161
44899: -259 -277 -292 153
45316: -315 -273 -37 168
45520: -339 -339 -169 131
45829: -379 -337 -46 176
45879: -379 -343 -432 192
45899: -387 -402 -116 153
46024: -403 -402 -113 131
46033: -403 -403 -178 139
46088: -411 -402 -113 132
46152: -419 -402 -113 133
46204: -419 -408 -501 165
46216: -427 -402 -113 134
46344: -443 -402 -113 136
46545: -467 -467 -186 139
47041: -20 -25 -2 203
47490: -76 -89 -11 210
47682: -100 -89 -11 213
47746: -108 -89 -11 214
47810: -116 -89 -11 215
47939: -132 -153 -20 217
47993: -132 -160 -466 201
48356: -180 -157 -277 231
48420: -188 -157 -277 232
49183: -284 -284 -232 252
49992: -388 -410 -113 193
50034: -388 -415 -435 209
50056: -396 -410 -113 194
50488: -444 -416 -497 200
50489: -444 -416 -498 208
50544: -452 -479 -441 193
50547: -452 -479 -444 217
50548: -452 -479 -445 225
50549: -452 -479 -446 233
50929: -500 -479 -442 207
50992: -508 -479 -441 200
51297: -37 -37 -258 269
51298: -37 -37 -259 277
51299: -37 -37 -260 285
51301: -37 -37 -262 301
51302: -37 -37 -263 309
51303: -37 -37 -264 317
51674: -85 -100 -203 275
51854: -109 -98 -79 310
51966: -117 -104 -463 311
52023: -125 -103 -400 320
52163: -149 -161 -20 283
52217: -149 -168 -466 267
52227: -157 -161 -20 284
52355: -173 -161 -20 286
52419: -181 -161 -20 287
52544: -197 -225 -25 257
52552: -197 -226 -89 257
52672: -213 -225 -25 259
52928: -245 -225 -25 263
53047: -253 -231 -416 320
53393: -301 -291 -162 270
54087: -389 -417 -56 313
54088: -389 -418 -113 257
54096: -389 -419 -177 257
54215: -405 -417 -56 315
54264: -405 -424 -497 259
54472: -437 -418 -113 263
54608: -453 -483 -185 257
54641: -453 -487 -442 265
55467: -46 -46 -324 350
55470: -46 -46 -327 374
56062: -118 -112 -463 375
56119: -126 -111 -400 384
56259: -150 -169 -20 347
56313: -150 -176 -466 331
56323: -158 -169 -20 348
56387: -166 -169 -20 349
56579: -190 -169 -20 352
56640: -198 -233 -25 321
56648: -198 -234 -89 321
56695: -198 -239 -416 377
57024: -246 -233 -25 327
57190: -262 -301 -295 369
57412: -294 -297 -37 357
58183: -390 -425 -56 377
58184: -390 -426 -113 321
58192: -390 -427 -177 321
58232: -390 -432 -497 321
58239: -390 -432 -504 377
58312: -406 -426 -113 323
58362: -406 -432 -499 339
58367: -406 -432 -504 379
58631: -446 -425 -56 384
58694: -454 -489 -63 369
58704: -454 -491 -185 321
58736: -454 -495 -441 321
58737: -454 -495 -442 329
59705: -63 -56 -450 400
59706: -63 -56 -451 408
59707: -63 -56 -452 416
59708: -63 -56 -453 424
59709: -63 -56 -454 432
59711: -63 -56 -456 448
59778: -79 -113 -11 402
59802: -79 -116 -203 402
59842: -87 -113 -11 403
59866: -87 -116 -203 403
59874: -87 -117 -267 403
59882: -87 -118 -331 403
59906: -95 -113 -11 404
59970: -103 -113 -11 405
59994: -103 -116 -203 405
60034: -111 -113 -11 406
60058: -111 -116 -203 406
60162: -127 -113 -11 408
60186: -127 -116 -203 408
60227: -135 -177 -20 409
60233: -135 -178 -82 393
60235: -135 -178 -84 409
60238: -135 -178 -87 433
60239: -135 -178 -88 441
60291: -143 -177 -20 410
60355: -151 -177 -20 411
60657: -183 -183 -402 399
60736: -199 -241 -25 385
60864: -215 -241 -25 387
60872: -215 -242 -89 387
60928: -223 -241 -25 388
60992: -231 -241 -25 389
61056: -239 -241 -25 390
61169: -247 -247 -410 399
61170: -247 -247 -411 407
61175: -247 -247 -416 447
61184: -255 -241 -25 392
61316: -271 -305 -37 418
61380: -279 -305 -37 419
61680: -311 -311 -417 391
61681: -311 -311 -418 399
61686: -311 -311 -423 439
61687: -311 -311 -424 447
61700: -319 -305 -37 424
62192: -375 -375 -425 391
62198: -375 -375 -431 439
62326: -391 -439 -439 433
62407: -407 -433 -56 443
62471: -415 -433 -56 444
62727: -447 -433 -56 448
63012: -479 -501 -317 420
63046: -487 -497 -63 437
63110: -495 -497 -63 438
63729: -56 -63 -386 463
63730: -56 -63 -387 471
63731: -56 -63 -388 479
63732: -56 -63 -389 487
63733: -56 -63 -390 495
63734: -56 -63 -391 503
63874: -80 -121 -11 466
63938: -88 -121 -11 467
63962: -88 -124 -203 467
64002: -96 -121 -11 468
64194: -120 -121 -11 471
64218: -120 -124 -203 471
64318: -128 -128 -463 504
64323: -136 -185 -20 473
64356: -136 -189 -277 481
64451: -152 -185 -20 475
64825: -192 -192 -466 464
64832: -200 -249 -25 449
64880: -200 -255 -409 449
64960: -216 -249 -25 451
65024: -224 -249 -25 452
65152: -240 -249 -25 454
65604: -296 -313 -37 485
65732: -312 -313 -37 487
65848: -320 -320 -481 456
65854: -320 -320 -487 504
66360: -384 -384 -489 456
66366: -384 -384 -495 504
66439: -400 -441 -56 506
66598: -416 -445 -311 500
66605: -416 -446 -374 492
66606: -416 -446 -375 500
66610: -416 -447 -435 468
66674: -424 -447 -435 469
66716: -432 -444 -245 486
66718: -432 -444 -247 502
66724: -432 -445 -309 486
66726: -432 -445 -311 502
66738: -432 -447 -435 470
66943: -456 -512 -512 505
67270: -504 -505 -63 503
67601: -25 -20 -2 67
68042: -81 -11 -67 138
68114: -89 -20 -67 139
68194: -97 -37 -67 141
68346: -113 -63 -67 144
68402: -121 -56 -67 143
68558: -145 -11 -135 402
68630: -153 -20 -135 403
68707: -161 -37 -132 213
68709: -161 -37 -134 341
68710: -161 -37 -135 405
68711: -161 -37 -136 469
68779: -169 -46 -132 214
68782: -169 -46 -135 406
68783: -169 -46 -136 470
68859: -177 -63 -132 216
68862: -177 -63 -135 408
68863: -177 -63 -136 472
68915: -185 -56 -132 215
68918: -185 -56 -135 407
69219: -225 -37 -196 221
69220: -225 -37 -197 285
69221: -225 -37 -198 349
69222: -225 -37 -199 413
69223: -225 -37 -200 477
69291: -233 -46 -196 222
69292: -233 -46 -197 286
69294: -233 -46 -199 414
69371: -241 -63 -196 224
69375: -241 -63 -200 480
69430: -249 -56 -199 415
69464: -257 -25 -257 36
69506: -265 -2 -259 161
69649: -281 -20 -258 99
69650: -281 -20 -259 163
69651: -281 -20 -260 227
69806: -297 -46 -263 422
69807: -297 -46 -264 486
69882: -305 -63 -259 168
69886: -305 -63 -263 424
69938: -313 -56 -259 167
69976: -321 -25 -321 44
70488: -385 -25 -385 52
70529: -393 -2 -386 113
70531: -393 -2 -388 241
70532: -393 -2 -389 305
70533: -393 -2 -390 369
70673: -409 -20 -386 115
70675: -409 -20 -388 243
70676: -409 -20 -389 307
70677: -409 -20 -390 371
70755: -417 -37 -388 245
70757: -417 -37 -390 373
70827: -425 -46 -388 246
70828: -425 -46 -389 310
70905: -433 -63 -386 120
70906: -433 -63 -387 184
70907: -433 -63 -388 248
70909: -433 -63 -390 376
70963: -441 -56 -388 247
70965: -441 -56 -390 375
70966: -441 -56 -391 439
71000: -449 -25 -449 60
71041: -457 -2 -450 121
71043: -457 -2 -452 249
71047: -457 -2 -456 505
71185: -473 -20 -450 123
71187: -473 -20 -452 251
71188: -473 -20 -453 315
71189: -473 -20 -454 379
71268: -481 -37 -453 317
71269: -481 -37 -454 381
71337: -489 -46 -450 126
71340: -489 -46 -453 318
71418: -497 -63 -451 192
71423: -497 -63 -456 512
71473: -505 -56 -450 127
71474: -505 -56 -451 191
71475: -505 -56 -452 255
71477: -505 -56 -454 383
71514: -2 -89 -11 132
71522: -2 -97 -11 133
71530: -2 -105 -11 134
71538: -2 -113 -11 135
71546: -2 -121 -11 136
72738: -154 -100 -139 149
72746: -154 -108 -139 150
72754: -154 -116 -139 151
72762: -154 -124 -139 152
72778: -162 -77 -139 146
72786: -162 -85 -139 147
72802: -162 -101 -139 149
72810: -162 -109 -139 150
72850: -170 -86 -139 147
72911: -178 -79 -144 466
72943: -178 -111 -144 470
73154: -210 -67 -203 153
73266: -218 -116 -203 159
73418: -242 -79 -203 154
73490: -250 -88 -203 155
73588: -258 -113 -269 295
74608: -386 -113 -393 55
74690: -402 -67 -395 177
74692: -402 -67 -397 305
74693: -402 -67 -398 369
74694: -402 -67 -399 433
74695: -402 -67 -400 497
74963: -434 -87 -396 243
75206: -466 -67 -463 441
75667: -11 -146 -20 195
75675: -11 -154 -20 196
75683: -11 -162 -20 197
75691: -11 -170 -20 198
75699: -11 -178 -20 199
75707: -11 -186 -20 200
76126: -67 -153 -87 396
76132: -67 -161 -85 269
76134: -67 -161 -87 397
76140: -67 -169 -85 270
76148: -67 -177 -85 271
76149: -67 -177 -86 335
76156: -67 -185 -85 272
76157: -67 -185 -86 336
76159: -67 -185 -88 464
76700: -139 -154 -149 276
76702: -139 -154 -151 404
76703: -139 -154 -152 468
76709: -139 -162 -150 341
76710: -139 -162 -151 405
76711: -139 -162 -152 469
76716: -139 -170 -149 278
76718: -139 -170 -151 406
76719: -139 -170 -152 470
77221: -203 -162 -214 349
77222: -203 -162 -215 413
77223: -203 -162 -216 477
77228: -203 -170 -213 286
77231: -203 -170 -216 478
77236: -203 -178 -213 287
77241: -203 -186 -210 96
77244: -203 -186 -213 288
77652: -259 -145 -277 291
77668: -259 -161 -277 293
77770: -275 -139 -275 162
78022: -307 -135 -279 417
78593: -379 -136 -338 105
78594: -379 -136 -339 169
78596: -379 -136 -341 297
78597: -379 -136 -342 361
78599: -379 -136 -344 489
78716: -387 -185 -405 312
78794: -403 -139 -403 178
78852: -411 -132 -405 305
78853: -411 -132 -406 369
78999: -427 -150 -408 499
79007: -427 -158 -408 500
79039: -427 -190 -408 504
79042: -435 -135 -403 177
79047: -435 -135 -408 497
79116: -443 -144 -405 306
79117: -443 -144 -406 370
79119: -443 -144 -408 498
79306: -467 -139 -467 186
79364: -475 -132 -469 313
79365: -475 -132 -470 377
79446: -483 -149 -471 443
79454: -483 -157 -471 444
79470: -483 -173 -471 446
79478: -483 -181 -471 447
79542: -491 -182 -471 447
79566: -499 -143 -471 442
79622: -507 -136 -471 441
79808: -20 -195 -25 1
79824: -20 -211 -25 3
79832: -20 -219 -25 4
79840: -20 -227 -25 5
79848: -20 -235 -25 6
79856: -20 -243 -25 7
79864: -20 -251 -25 8
80387: -92 -196 -92 201
80448: -100 -197 -89 9
80576: -116 -199 -89 9
81764: -260 -225 -285 293
82788: -388 -225 -413 309
82791: -388 -225 -416 501
82796: -388 -233 -413 310
82797: -388 -233 -414 374
82799: -388 -233 -416 502
82804: -388 -241 -413 311
82805: -388 -241 -414 375
82807: -388 -241 -416 503
82810: -388 -249 -411 184
82812: -388 -249 -413 312
82813: -388 -249 -414 376
82814: -388 -249 -415 440
82832: -396 -210 -409 51
82839: -396 -210 -416 499
83207: -444 -200 -416 497
83223: -444 -216 -416 499
83231: -444 -224 -416 500
83255: -444 -248 -416 503
83262: -444 -256 -415 440
83263: -444 -256 -416 504
83302: -452 -225 -479 445
83310: -452 -233 -479 446
83319: -452 -241 -480 511
83326: -452 -249 -479 448
83406: -468 -203 -479 442
84036: -37 -261 -37 257
84044: -37 -269 -37 258
84052: -37 -277 -37 259
84060: -37 -285 -37 260
84068: -37 -293 -37 261
84076: -37 -301 -37 262
84084: -37 -309 -37 263
84092: -37 -317 -37 264
84629: -109 -278 -102 331
85084: -165 -285 -165 276
85955: -277 -259 -292 225
86612: -357 -277 -357 299
86784: -381 -264 -353 41
86863: -389 -265 -424 498
86879: -389 -281 -424 500
86888: -389 -297 -417 54
86895: -389 -297 -424 502
86898: -389 -305 -419 183
86899: -389 -305 -420 247
86903: -389 -305 -424 503
87040: -413 -260 -417 49
87374: -453 -265 -487 442
87382: -453 -273 -487 443
87384: -453 -281 -481 60
87422: -453 -313 -487 448
88197: -46 -326 -46 321
88229: -46 -358 -46 325
88237: -46 -366 -46 326
88245: -46 -374 -46 327
88253: -46 -382 -46 328
88660: -102 -341 -109 267
90611: -342 -371 -364 239
90959: -390 -329 -432 498
90994: -390 -369 -427 183
90995: -390 -369 -428 247
91119: -406 -363 -432 502
91135: -406 -379 -432 504
91247: -422 -365 -432 502
91478: -454 -337 -495 443
91486: -454 -345 -495 444
91494: -454 -353 -495 445
91864: -502 -351 -489 60
92423: -63 -392 -56 449
92431: -63 -400 -56 450
92439: -63 -408 -56 451
92447: -63 -416 -56 452
92455: -63 -424 -56 453
92463: -63 -432 -56 454
92471: -63 -440 -56 455
92479: -63 -448 -56 456
92600: -79 -442 -113 16
92672: -95 -388 -113 9
92736: -103 -389 -113 9
92760: -103 -413 -113 12
92763: -103 -413 -116 204
92792: -103 -445 -113 16
92800: -111 -390 -113 9
92824: -111 -414 -113 12
92827: -111 -414 -116 204
92848: -111 -438 -113 15
92856: -111 -446 -113 16
92952: -127 -416 -113 12
93024: -135 -417 -177 21
93025: -135 -417 -178 85
93032: -135 -425 -177 22
93033: -135 -425 -178 86
93041: -135 -433 -178 87
93048: -135 -441 -177 24
93051: -135 -441 -180 216
93540: -199 -417 -245 285
93752: -223 -444 -241 32
93902: -247 -399 -247 410
93918: -247 -415 -247 412
93942: -247 -439 -247 415
94052: -263 -417 -309 293
94232: -287 -412 -305 36
94352: -303 -406 -305 35
94573: -327 -425 -374 366
95298: -423 -389 -435 177
95306: -423 -397 -435 178
95314: -423 -405 -435 179
95370: -431 -398 -435 178
95617: -463 -386 -498 121
95623: -463 -386 -504 505
95681: -471 -387 -498 121
95744: -479 -388 -497 57
95745: -479 -388 -498 121
95746: -479 -388 -499 185
95747: -479 -388 -500 249
95748: -479 -388 -501 313
95749: -479 -388 -502 377
95751: -479 -388 -504 505
95808: -487 -389 -497 57
95809: -487 -389 -498 121
95810: -487 -389 -499 185
95811: -487 -389 -500 249
95812: -487 -389 -501 313
95813: -487 -389 -502 377
95815: -487 -389 -504 505
95873: -495 -390 -498 121
95874: -495 -390 -499 185
95875: -495 -390 -500 249
95876: -495 -390 -501 313
95877: -495 -390 -502 377
95879: -495 -390 -504 505
95942: -503 -391 -503 441
96454: -56 -455 -63 385
96462: -56 -463 -63 386
96470: -56 -471 -63 387
96478: -56 -479 -63 388
96486: -56 -487 -63 389
96494: -56 -495 -63 390
96502: -56 -503 -63 391
96510: -56 -511 -63 392
96768: -96 -452 -121 9
96832: -104 -453 -121 9
96859: -104 -477 -124 204
96923: -112 -478 -124 204
97120: -136 -481 -185 21
97145: -136 -505 -186 88
97153: -144 -450 -186 81
97154: -144 -450 -187 145
97155: -144 -450 -188 209
97156: -144 -450 -189 273
97157: -144 -450 -190 337
97158: -144 -450 -191 401
97872: -232 -469 -249 27
97936: -240 -470 -249 27
97973: -240 -502 -254 351
98148: -264 -481 -317 293
99202: -400 -450 -443 177
99204: -400 -450 -445 305
99205: -400 -450 -446 369
99206: -400 -450 -447 433
99328: -416 -452 -441 49
99329: -416 -452 -442 113
99330: -416 -452 -443 177
99331: -416 -452 -444 241
99332: -416 -452 -445 305
99333: -416 -452 -446 369
99334: -416 -452 -447 433
99392: -424 -453 -441 49
99393: -424 -453 -442 113
99394: -424 -453 -443 177
99395: -424 -453 -444 241
99397: -424 -453 -446 369
99398: -424 -453 -447 433
99456: -432 -454 -441 49
99457: -432 -454 -442 113
99458: -432 -454 -443 177
99459: -432 -454 -444 241
99460: -432 -454 -445 305
99461: -432 -454 -446 369
99462: -432 -454 -447 433
99491: -432 -486 -444 245
99507: -432 -502 -444 247
99591: -448 -456 -448 497
99704: -456 -505 -505 64
99899: -480 -508 -508 256
100178: -25 -33
100179: -25 -41
100180: -25 -49
100181: -25 -57
100195: -2 -58
100226: -11 -27
100227: -11 -35
100228: -11 -43
100229: -11 -51
100230: -11 -59
100260: -20 -28
100261: -20 -36
100262: -20 -44
100263: -20 -52
100264: -20 -60
100298: -37 -45
100299: -37 -53
100300: -37 -61
100330: -46 -54
100331: -46 -62
100390: -56 -64
100417: -105 -113
100418: -105 -121
100419: -113 -121
100420: 65 73 81 89 97 105 113 121
100449: 66 74 82 90 98 106 114 122
100451: -67 -83
100453: -67 -99
100454: -67 -107
100455: -67 -115
100456: -67 -123
100506: -116 -124
100507: 68 76 84 92 100 108 116 124
100536: 69 77 85 93 101 109 117 125
100554: -86 -126
100565: 70 78 86 94 102 110 118 126
100573: -79 -87
100594: 71 79 87 95 103 111 119 127
100623: 72 80 88 96 104 112 120 128
100652: 129 137 145 153 161 169 177 185
100671: -154 -162
100677: -162 -186
100681: 130 138 146 154 162 170 178 186
100690: -139 -155
100739: 132 140 148 156 164 172 180 188
100740: -133 -141
100768: 133 141 149 157 165 173 181 189
100769: -134 -142
100785: -150 -182
100797: 134 142 150 158 166 174 182 190
100799: -135 -151
100801: -135 -167
100803: -135 -183
100804: -135 -191
100807: -143 -167
100809: -143 -183
100810: -143 -191
100826: 135 143 151 159 167 175 183 191
100828: -136 -152
100830: -136 -168
100831: -136 -176
100832: -136 -184
100833: -136 -192
100836: -144 -168
100838: -144 -184
100839: -144 -192
100855: 136 144 152 160 168 176 184 192
100879: -225 -241
100880: -225 -249
100881: -233 -241
100883: -241 -249
100884: 193 201 209 217 225 233 241 249
100913: 194 202 210 218 226 234 242 250
100973: -197 -213
100977: -197 -245
100978: -197 -253
101000: 197 205 213 221 229 237 245 253
101002: -198 -214
101006: -198 -246
101035: -199 -247
101058: 199 207 215 223 231 239 247 255
101060: -200 -216
101087: 200 208 216 224 232 240 248 256
101108: -281 -305
101113: -297 -305
101114: -297 -313
101115: -305 -313
101116: 257 265 273 281 289 297 305 313
101149: -259 -291
101150: -259 -299
101152: -259 -315
101171: -299 -307
101176: -260 -276
101178: -260 -292
101232: 261 269 277 285 293 301 309 317
101233: -262 -270
101235: -262 -286
101236: -262 -294
101239: -262 -318
101242: -270 -294
101251: -286 -294
101253: -286 -310
101257: -294 -318
101265: -263 -295
101290: 263 271 279 287 295 303 311 319
101302: -272 -312
101309: -288 -296
101347: -369 -377
101348: 321 329 337 345 353 361 369 377
101401: -355 -371
101402: -355 -379
101405: -371 -379
101422: -340 -364
101441: -325 -373
101451: -341 -365
101455: -349 -365
101461: -365 -373
101462: -365 -381
101493: 326 334 342 350 358 366 374 382
101527: -328 -368
101550: -376 -384
101560: -393 -409
101561: -393 -417
101562: -393 -425
101564: -393 -441
101570: -409 -417
101574: -417 -425
101575: -417 -433
101577: -425 -433
101579: -433 -441
101580: 385 393 401 409 417 425 433 441
101595: -402 -418
101596: -402 -426
101598: -402 -442
101609: 386 394 402 410 418 426 434 442
101613: -387 -419
101633: -419 -435
101637: -435 -443
101638: 387 395 403 411 419 427 435 443
101639: -388 -396
101641: -388 -412
101642: -388 -420
101643: -388 -428
101644: -388 -436
101645: -388 -444
101651: -396 -444
101669: -389 -405
101670: -389 -413
101671: -389 -421
101673: -389 -437
101674: -389 -445
101676: -397 -413
101677: -397 -421
101680: -397 -445
101681: -405 -413
101683: -405 -429
101686: -413 -421
101687: -413 -429
101688: -413 -437
101689: -413 -445
101698: -390 -406
101701: -390 -430
101702: -390 -438
101703: -390 -446
101705: -398 -414
101707: -398 -430
101709: -398 -446
101710: -406 -414
101711: -406 -422
101715: -414 -422
101717: -414 -438
101718: -414 -446
101754: 391 399 407 415 423 431 439 447
101764: -400 -424
101768: -408 -416
101769: -408 -424
101773: -416 -424
101774: -416 -432
101776: -416 -448
101777: -424 -432
101779: -424 -448
101783: 392 400 408 416 424 432 440 448
101812: 449 457 465 473 481 489 497 505
101814: -450 -466
101819: -450 -506
101846: -451 -491
101847: -451 -499
101870: 451 459 467 475 483 491 499 507
101872: -452 -468
101875: -452 -492
101876: -452 -500
101901: -453 -469
101902: -453 -477
101906: -453 -509
101913: -469 -477
101923: -485 -501
101930: -454 -470
101932: -454 -486
101934: -454 -502
101935: -454 -510
101942: -470 -478
101946: -470 -510
101978: -479 -503
101986: 455 463 471 479 487 495 503 511
101987: -456 -464
102008: -480 -512
102272: -37 -289 33
102273: -37 -290 97
102274: -37 -291 161
102275: -37 -292 225
102277: -37 -294 353
102278: -37 -295 417
102279: -37 -296 481
102291: -165 -292 227
102293: -165 -294 355
102294: -165 -295 419
102301: -229 -294 356
102336: -46 -361 41
102337: -46 -362 105
102338: -46 -363 169
102339: -46 -364 233
102340: -46 -365 297
102342: -46 -367 425
102343: -46 -368 489
102355: -174 -364 235
102356: -174 -365 299
102359: -174 -368 491
102426: -247 -435 180
102440: -375 -433 54
102462: -503 -439 440
103426: -79 -393 -67 177
103468: -79 -398 -109 310
104770: -292 -225 -259 153
104773: -292 -225 -262 345
104774: -292 -225 -263 409
104775: -292 -225 -264 473
104897: -294 -353 -258 105
104899: -294 -353 -260 233
104962: -295 -417 -259 177
105538: -368 -489 -323 185
105540: -368 -489 -325 313
105657: -433 -56 -442 72
105659: -433 -56 -444 200
105667: -434 -113 -388 201
105743: -435 -178 -400 466
106179: -506 -121 -452 201
107583: -79 -400 -122 504
108089: -151 -408 -139 120
108145: -152 -471 -139 127
108801: -291 -161 -269 81
108993: -294 -353 -269 105
108995: -294 -353 -285 233
109059: -295 -417 -285 241
109121: -296 -481 -269 121
109122: -296 -481 -277 185
109123: -296 -481 -285 249
109377: -364 -233 -334 89
109378: -364 -233 -342 153
109380: -364 -233 -358 281
109753: -433 -56 -399 72
110259: -505 -63 -480 199
110347: -507 -186 -480 210
110720: -2 -1 -1
110817: -79 -74 -74
111168: -2 -65
111169: -2 -9
111170: -2 -73
111171: -2 -66
112068: -80 -464
112344: -149 -277
112389: -149 -162 -139
112458: -150 -170 -139
112620: -217 -25
112827: -221 -285
112869: -221 -225 -196
112938: -222 -233 -196
113007: -223 -241 -196
113238: -291 -165
113239: -291 -277
113308: -292 -285
113309: -292 -221
113353: -292 -281 -37
113377: -294 -301
113422: -294 -297 -37
113514: -296 -485
113515: -296 -317
113767: -363 -337 -46
113791: -364 -350
113861: -365 -294
113862: -365 -301
113997: -368 -494
114207: -435 -179
115032: 2
115033: 11
115034: 20
115035: 25
115036: 37
115037: 46
115038: 56