4 1 3
UNSAT
7: -2 -3
8: -2 -4
9: -2 -5
10: -2 -6
11: -2 -7
12: -2 -8
42: -11 -12
43: -11 -13
44: -11 -14
45: -11 -15
46: -11 -16
76: -20 -21
77: -20 -22
78: -20 -23
79: -20 -24
90: -25 -29
92: -25 -31
138: -37 -38
139: -37 -39
140: -37 -40
170: -46 -47
172: -47 -48
200: -54 -56
231: 57 58 59 60 61 62 63 64
289: 73 74 75 76 77 78 79 80
318: 81 82 83 84 85 86 87 88
321: -89 -92
323: -89 -94
324: -89 -95
325: -89 -96
366: -100 -101
367: -100 -102
369: -100 -104
372: -101 -104
373: -102 -103
376: 97 98 99 100 101 102 103 104
379: -105 -108
380: -105 -109
381: -105 -110
396: -108 -110
398: -108 -112
411: -113 -119
425: -116 -118
426: -116 -119
430: -117 -120
434: 113 114 115 116 117 118 119 120
435: -121 -122
437: -121 -124
438: -121 -125
441: -121 -128
455: -124 -127
456: -124 -128
483: -132 -134
484: -132 -135
485: -132 -136
489: -134 -135
490: -134 -136
491: -135 -136
492: 129 130 131 132 133 134 135 136
521: 137 138 139 140 141 142 143 144
523: -145 -147
524: -145 -148
525: -145 -149
526: -145 -150
544: -149 -150
546: -149 -152
550: 145 146 147 148 149 150 151 152
551: -153 -154
552: -153 -155
554: -153 -157
558: -154 -155
559: -154 -156
560: -154 -157
561: -154 -158
565: -155 -157
569: -156 -157
577: -158 -160
579: 153 154 155 156 157 158 159 160
580: -161 -162
582: -161 -164
583: -161 -165
584: -161 -166
585: -161 -167
586: -161 -168
590: -162 -166
592: -162 -168
593: -163 -164
594: -163 -165
595: -163 -166
597: -163 -168
598: -164 -165
599: -164 -166
604: -165 -168
605: -166 -167
607: -167 -168
608: 161 162 163 164 165 166 167 168
609: -169 -170
611: -169 -172
612: -169 -173
613: -169 -174
616: -170 -171
617: -170 -172
618: -170 -173
621: -170 -176
622: -171 -172
623: -171 -173
624: -171 -174
627: -172 -173
632: -173 -175
635: -174 -176
637: 169 170 171 172 173 174 175 176
638: -177 -178
639: -177 -179
640: -177 -180
641: -177 -181
642: -177 -182
643: -177 -183
644: -177 -184
645: -178 -179
646: -178 -180
647: -178 -181
648: -178 -182
651: -179 -180
666: 177 178 179 180 181 182 183 184
667: -185 -186
668: -185 -187
669: -185 -188
670: -185 -189
673: -185 -192
675: -186 -188
676: -186 -189
677: -186 -190
678: -186 -191
679: -186 -192
680: -187 -188
681: -187 -189
685: -188 -189
695: 185 186 187 188 189 190 191 192
716: -196 -199
723: -199 -200
724: 193 194 195 196 197 198 199 200
763: -210 -213
766: -210 -216
782: 209 210 211 212 213 214 215 216
811: 217 218 219 220 221 222 223 224
812: -225 -226
815: -225 -229
816: -225 -230
817: -225 -231
818: -225 -232
833: -228 -232
840: 225 226 227 228 229 230 231 232
850: -234 -237
853: -234 -240
861: -236 -239
862: -236 -240
863: -237 -238
864: -237 -239
865: -237 -240
866: -238 -239
868: -239 -240
869: 233 234 235 236 237 238 239 240
873: -241 -245
879: -242 -245
888: -244 -245
892: -245 -246
893: -245 -247
894: -245 -248
903: -249 -254
905: -249 -256
908: -250 -253
922: -253 -255
923: -253 -256
925: -254 -256
927: 249 250 251 252 253 254 255 256
939: -258 -263
941: -259 -260
943: -259 -262
944: -259 -263
945: -259 -264
947: -260 -262
948: -260 -263
949: -260 -264
953: -262 -263
954: -262 -264
956: 257 258 259 260 261 262 263 264
959: -265 -268
960: -265 -269
971: -267 -269
976: -268 -270
985: 265 266 267 268 269 270 271 272
986: -273 -274
987: -273 -275
988: -273 -276
991: -273 -279
995: -274 -277
996: -274 -278
1014: 273 274 275 276 277 278 279 280
1016: -281 -283
1017: -281 -284
1018: -281 -285
1029: -283 -285
1030: -283 -286
1031: -283 -287
1038: -285 -287
1043: 281 282 283 284 285 286 287 288
1057: -291 -292
1059: -291 -294
1060: -291 -295
1063: -292 -294
1064: -292 -295
1065: -292 -296
1069: -294 -295
1070: -294 -296
1071: -295 -296
1072: 289 290 291 292 293 294 295 296
1073: -297 -298
1076: -297 -301
1077: -297 -302
1078: -297 -303
1098: -302 -303
1101: 297 298 299 300 301 302 303 304
1103: -305 -307
1105: -305 -309
1107: -305 -311
1116: -307 -309
1120: -308 -309
1124: -309 -310
1125: -309 -311
1130: 305 306 307 308 309 310 311 312
1132: -313 -315
1134: -313 -317
1137: -313 -320
1145: -315 -317
1149: -316 -317
1159: 313 314 315 316 317 318 319 320
1185: -326 -327
1188: 321 322 323 324 325 326 327 328
1196: -330 -331
1211: -333 -334
1217: 329 330 331 332 333 334 335 336
1246: 337 338 339 340 341 342 343 344
1275: 345 346 347 348 349 350 351 352
1276: -353 -354
1277: -353 -355
1278: -353 -356
1281: -353 -359
1282: -353 -360
1285: -354 -357
1304: 353 354 355 356 357 358 359 360
1306: -361 -363
1310: -361 -367
1312: -362 -363
1319: -363 -365
1320: -363 -366
1321: -363 -367
1324: -364 -366
1333: 361 362 363 364 365 366 367 368
1336: -369 -372
1359: -374 -375
1362: 369 370 371 372 373 374 375 376
1385: -381 -382
1391: 377 378 379 380 381 382 383 384
1413: -388 -392
1420: 385 386 387 388 389 390 391 392
1440: -396 -398
1472: -405 -406
1473: -405 -407
1477: -407 -408
1478: 401 402 403 404 405 406 407 408
1507: 409 410 411 412 413 414 415 416
1508: -417 -418
1509: -417 -419
1510: -417 -420
1512: -417 -422
1514: -417 -424
1536: 417 418 419 420 421 422 423 424
1541: -425 -430
1547: -426 -430
1559: -429 -430
1560: -429 -431
1563: -430 -432
1586: -436 -439
1594: 433 434 435 436 437 438 439 440
1596: -441 -443
1610: -443 -446
1621: -446 -448
1623: 441 442 443 444 445 446 447 448
1652: 449 450 451 452 453 454 455 456
1681: 457 458 459 460 461 462 463 464
1710: 465 466 467 468 469 470 471 472
1713: -473 -476
1736: -478 -479
1739: 473 474 475 476 477 478 479 480
1740: -481 -482
1741: -481 -483
1742: -481 -484
1744: -481 -486
1745: -481 -487
1764: -485 -488
1768: 481 482 483 484 485 486 487 488
1797: 489 490 491 492 493 494 495 496
1821: -501 -503
1823: -502 -503
1826: 497 498 499 500 501 502 503 504
1844: -507 -512
1848: -508 -512
1855: 505 506 507 508 509 510 511 512
2497: -67 -137 -2 73
2506: -67 -138 -11 81
2515: -67 -139 -20 89
2520: -67 -140 -25 65
2532: -67 -141 -37 97
2542: -67 -142 -47 113
2551: -67 -143 -56 121
2557: -67 -144 -62 105
3096: -132 -212 -25 129
3108: -132 -213 -37 161
3118: -132 -214 -47 177
3127: -132 -215 -56 185
3133: -132 -216 -62 169
3201: -134 -337 -2 137
3210: -134 -338 -11 145
3219: -134 -339 -20 153
3224: -134 -340 -25 129
3236: -134 -341 -37 161
3255: -134 -343 -56 185
3261: -134 -344 -62 169
3265: -135 -401 -2 137
3274: -135 -402 -11 145
3283: -135 -403 -20 153
3288: -135 -404 -25 129
3300: -135 -405 -37 161
3310: -135 -406 -47 177
3325: -135 -408 -62 169
3329: -136 -465 -2 137
3338: -136 -466 -11 145
3347: -136 -467 -20 153
3352: -136 -468 -25 129
3364: -136 -469 -37 161
3374: -136 -470 -47 177
3383: -136 -471 -56 185
3389: -136 -472 -62 169
3608: -196 -220 -25 193
3649: -197 -281 -2 201
3658: -197 -282 -11 209
3667: -197 -283 -20 217
3672: -197 -284 -25 193
3684: -197 -285 -37 225
3694: -197 -286 -47 241
3713: -198 -345 -2 201
3722: -198 -346 -11 209
3731: -198 -347 -20 217
3736: -198 -348 -25 193
3748: -198 -349 -37 225
3773: -198 -352 -62 233
3777: -199 -409 -2 201
3786: -199 -410 -11 209
3800: -199 -412 -25 193
3812: -199 -413 -37 225
3822: -199 -414 -47 241
3841: -200 -473 -2 201
3850: -200 -474 -11 209
3876: -200 -477 -37 225
3895: -200 -479 -56 249
3978: -258 -98 -11 273
3992: -258 -100 -25 257
4023: -258 -103 -56 313
4029: -258 -104 -62 297
4042: -259 -162 -11 273
4056: -259 -164 -25 257
4068: -259 -165 -37 289
4087: -259 -167 -56 313
4093: -259 -168 -62 297
4106: -260 -226 -11 273
4120: -260 -228 -25 257
4132: -260 -229 -37 289
4142: -260 -230 -47 305
4151: -260 -231 -56 313
4157: -260 -232 -62 297
4234: -262 -354 -11 273
4243: -262 -355 -20 281
4248: -262 -356 -25 257
4260: -262 -357 -37 289
4270: -262 -358 -47 305
4279: -262 -359 -56 313
4285: -262 -360 -62 297
4298: -263 -418 -11 273
4307: -263 -419 -20 281
4312: -263 -420 -25 257
4334: -263 -422 -47 305
4343: -263 -423 -56 313
4349: -263 -424 -62 297
4362: -264 -482 -11 273
4371: -264 -483 -20 281
4376: -264 -484 -25 257
4398: -264 -486 -47 305
4407: -264 -487 -56 313
4413: -264 -488 -62 297
4481: -322 -105 -2 329
4504: -322 -108 -25 321
4541: -322 -112 -62 361
4545: -323 -169 -2 329
4554: -323 -170 -11 337
4568: -323 -172 -25 321
4580: -323 -173 -37 353
4609: -324 -233 -2 329
4618: -324 -234 -11 337
4644: -324 -237 -37 353
4708: -325 -301 -37 353
4760: -326 -364 -25 321
4836: -327 -429 -37 353
4846: -327 -430 -47 369
4855: -327 -431 -56 377
4993: -386 -113 -2 393
5057: -387 -177 -2 393
5066: -387 -178 -11 401
5080: -387 -180 -25 385
5121: -388 -241 -2 393
5156: -388 -245 -37 417
5185: -389 -305 -2 393
5220: -389 -309 -37 417
5331: -391 -435 -20 409
5377: -392 -497 -2 393
5400: -392 -500 -25 385
5437: -392 -504 -62 425
5505: -450 -121 -2 457
5569: -451 -185 -2 457
5578: -451 -186 -11 465
5587: -451 -187 -20 473
5592: -451 -188 -25 449
5604: -451 -189 -37 481
5614: -451 -190 -47 497
5668: -452 -253 -37 481
5697: -453 -313 -2 457
5732: -453 -317 -37 481
5821: -454 -384 -62 489
5912: -456 -508 -25 449
6107: -11 -132 -92 26
6108: -11 -132 -93 34
6109: -11 -132 -94 42
6110: -11 -132 -95 50
6111: -11 -132 -96 58
6123: -11 -134 -108 26
6125: -11 -134 -110 42
6132: -11 -135 -117 34
6134: -11 -135 -119 50
6139: -11 -136 -124 26
6140: -11 -136 -125 34
6143: -11 -136 -128 58
7042: -138 -81 -67 146
7106: -139 -145 -67 146
7128: -139 -148 -89 130
7141: -139 -149 -102 170
7147: -139 -150 -108 154
7155: -139 -151 -116 154
7163: -139 -152 -124 154
7298: -142 -337 -67 146
7334: -142 -341 -103 178
7341: -142 -342 -110 170
7344: -142 -343 -113 130
7362: -143 -401 -67 146
7399: -143 -405 -104 186
7407: -143 -406 -112 186
7416: -143 -408 -121 130
7426: -144 -465 -67 146
7461: -144 -469 -102 170
7464: -144 -470 -105 130
7485: -144 -472 -126 170
7618: -203 -153 -67 210
7625: -203 -154 -74 202
7640: -203 -156 -89 194
7649: -203 -157 -98 202
7653: -203 -157 -102 234
7654: -203 -157 -103 242
7655: -203 -157 -104 250
7659: -203 -158 -108 218
7664: -203 -159 -113 194
7665: -203 -159 -114 202
7667: -203 -159 -116 218
7669: -203 -159 -118 234
7672: -203 -160 -121 194
7675: -203 -160 -124 218
7676: -203 -160 -125 226
8035: -265 -37 -100 282
8037: -265 -37 -102 298
8039: -265 -37 -104 314
8194: -268 -225 -67 274
8316: -269 -296 -125 290
8319: -269 -296 -128 314
8386: -271 -417 -67 274
8431: -271 -422 -112 314
8468: -272 -483 -85 290
8563: -329 -47 -116 346
8632: -330 -112 -121 322
8855: -334 -363 -88 378
9080: -393 -56 -121 386
9083: -393 -56 -124 410
9282: -397 -305 -67 402
9576: -457 -62 -105 450
9579: -457 -62 -108 474
9666: -459 -185 -67 466
9794: -461 -313 -67 466
10267: -20 -196 -156 27
10268: -20 -196 -157 35
10272: -20 -197 -161 3
10275: -20 -197 -164 27
10277: -20 -197 -166 43
10278: -20 -197 -167 51
10280: -20 -198 -169 3
10282: -20 -198 -171 19
10284: -20 -198 -173 35
10288: -20 -199 -177 3
10290: -20 -199 -179 19
10292: -20 -199 -181 35
10293: -20 -199 -182 43
10294: -20 -199 -183 51
10295: -20 -199 -184 59
10296: -20 -200 -185 3
10300: -20 -200 -189 35
10303: -20 -200 -192 59
10830: -85 -266 -143 115
11096: -145 -20 -153 131
11097: -145 -20 -154 139
11098: -145 -20 -155 147
11099: -145 -20 -156 155
11100: -145 -20 -157 163
11101: -145 -20 -158 171
11103: -145 -20 -160 187
11301: -148 -213 -166 171
11306: -148 -214 -171 147
11324: -148 -216 -189 163
11331: -149 -273 -132 155
11338: -149 -274 -139 147
11376: -149 -279 -177 131
11399: -150 -337 -136 187
11448: -150 -344 -185 131
11461: -151 -401 -134 171
11466: -151 -402 -139 147
11471: -151 -402 -144 187
11490: -151 -405 -163 147
11512: -151 -408 -185 131
11523: -152 -465 -132 155
11530: -152 -466 -139 147
11543: -152 -467 -152 187
11564: -152 -470 -173 163
11651: -210 -89 -132 219
11843: -213 -281 -132 219
11868: -213 -284 -157 227
11884: -213 -286 -173 227
11900: -213 -288 -189 227
11917: -214 -346 -142 235
11971: -215 -409 -132 219
11982: -215 -410 -143 243
12024: -215 -416 -185 195
12047: -216 -474 -144 251
12128: -273 -37 -161 259
12129: -273 -37 -162 267
12130: -273 -37 -163 275
12131: -273 -37 -164 283
12133: -273 -37 -166 299
12134: -273 -37 -167 307
12135: -273 -37 -168 315
12239: -275 -162 -144 315
12396: -277 -294 -173 291
12401: -277 -295 -178 267
12404: -277 -295 -181 291
12412: -277 -296 -189 291
12436: -278 -355 -149 291
12656: -337 -47 -177 323
12657: -337 -47 -178 331
12660: -337 -47 -181 355
12677: -338 -105 -134 363
12703: -338 -108 -160 379
12731: -338 -112 -188 347
12869: -341 -297 -134 363
12976: -342 -367 -177 323
13176: -401 -56 -185 387
13180: -401 -56 -189 419
13213: -402 -116 -158 427
13382: -405 -305 -135 435
13383: -405 -305 -136 443
13673: -465 -62 -170 459
13676: -465 -62 -173 483
13677: -465 -62 -174 491
13895: -469 -313 -136 507
13966: -470 -378 -143 499
13970: -470 -379 -147 467
13980: -470 -380 -157 483
13989: -470 -381 -166 491
14000: -470 -383 -177 451
14058: -471 -446 -171 467
14061: -471 -446 -174 491
14152: -25 -2 -201 4
14153: -25 -2 -202 12
14155: -25 -2 -204 28
14156: -25 -2 -205 36
14157: -25 -2 -206 44
14158: -25 -2 -207 52
14159: -25 -2 -208 60
14676: -89 -11 -213 100
14677: -89 -11 -214 108
14678: -89 -11 -215 116
14679: -89 -11 -216 124
15195: -153 -20 -220 156
15242: -154 -82 -203 148
15328: -155 -149 -225 132
15336: -155 -150 -233 132
15428: -157 -273 -197 164
15434: -157 -274 -203 148
15493: -158 -337 -198 172
15494: -158 -337 -199 180
15559: -159 -401 -200 188
15585: -159 -405 -226 140
16006: -222 -345 -199 244
16067: -223 -409 -196 220
16071: -223 -409 -200 252
16131: -224 -473 -196 220
16133: -224 -473 -198 236
16134: -224 -473 -199 244
16224: -281 -37 -225 260
16227: -281 -37 -228 284
16228: -281 -37 -229 292
16229: -281 -37 -230 300
16230: -281 -37 -231 308
16231: -281 -37 -232 316
16348: -283 -164 -221 292
16390: -284 -225 -199 308
16420: -284 -229 -229 292
16428: -284 -230 -237 292
16444: -284 -232 -253 292
16492: -285 -294 -237 292
16500: -285 -295 -245 292
16502: -285 -295 -247 308
16508: -285 -296 -253 292
16643: -288 -481 -196 284
16752: -345 -47 -241 324
16755: -345 -47 -244 348
16757: -345 -47 -246 364
16838: -347 -169 -199 372
17034: -350 -362 -203 340
17072: -350 -367 -241 324
17119: -351 -428 -224 380
17173: -352 -491 -214 364
17273: -409 -56 -250 396
17275: -409 -56 -252 412
17279: -409 -56 -256 444
17478: -413 -305 -199 436
17482: -413 -306 -203 404
17493: -413 -307 -214 428
17504: -413 -309 -225 388
17523: -413 -311 -244 412
17667: -416 -497 -196 412
17768: -473 -62 -233 452
17769: -473 -62 -234 460
17771: -473 -62 -236 476
17773: -473 -62 -238 492
17775: -473 -62 -240 508
18110: -478 -384 -255 500
18157: -479 -446 -238 492
18506: -37 -258 -267 21
18509: -37 -258 -270 45
18510: -37 -258 -271 53
18512: -37 -259 -273 5
18513: -37 -259 -274 13
18520: -37 -260 -281 5
18522: -37 -260 -283 21
18536: -37 -262 -297 5
18537: -37 -262 -298 13
18538: -37 -262 -299 21
18539: -37 -262 -300 29
18543: -37 -262 -304 61
18544: -37 -263 -305 5
18552: -37 -264 -313 5
18553: -37 -264 -314 13
18554: -37 -264 -315 21
18557: -37 -264 -318 45
18558: -37 -264 -319 53
18960: -100 -203 -273 69
18967: -100 -203 -280 125
19288: -161 -20 -281 133
19289: -161 -20 -282 141
19291: -161 -20 -284 157
19292: -161 -20 -285 165
19293: -161 -20 -286 173
19294: -161 -20 -287 181
19295: -161 -20 -288 189
19416: -163 -148 -281 133
19436: -163 -150 -301 165
19441: -163 -151 -306 141
19445: -163 -151 -310 173
19446: -163 -151 -311 181
19452: -163 -152 -317 165
19468: -164 -210 -269 165
19502: -164 -214 -303 181
19511: -164 -215 -312 189
19517: -164 -216 -318 173
19558: -165 -277 -295 181
19613: -166 -340 -286 173
19722: -168 -466 -267 149
19736: -168 -468 -281 133
19750: -168 -469 -295 181
19761: -168 -471 -306 141
19772: -168 -472 -317 165
19777: -225 -25 -258 205
19778: -225 -25 -259 213
19781: -225 -25 -262 237
19782: -225 -25 -263 245
19783: -225 -25 -264 253
19843: -226 -89 -260 221
19877: -226 -93 -294 237
19879: -226 -93 -296 253
20180: -231 -411 -277 229
20614: -294 -353 -263 309
20741: -296 -481 -262 301
20848: -353 -47 -305 325
20850: -353 -47 -307 341
20851: -353 -47 -308 349
20852: -353 -47 -309 357
20869: -354 -105 -262 365
20908: -354 -110 -301 357
20921: -354 -112 -314 333
20933: -355 -169 -262 365
20938: -355 -170 -267 341
20939: -355 -170 -268 349
20952: -355 -172 -281 325
20966: -355 -173 -295 373
20972: -355 -174 -301 357
21368: -417 -56 -313 389
21370: -417 -56 -315 405
21371: -417 -56 -316 413
21372: -417 -56 -317 421
21707: -423 -434 -268 413
21713: -423 -435 -274 397
21748: -423 -439 -309 421
21752: -423 -440 -313 389
21800: -424 -502 -297 389
21809: -424 -503 -306 397
21864: -481 -62 -297 453
21866: -481 -62 -299 469
21867: -481 -62 -300 477
21868: -481 -62 -301 485
21870: -481 -62 -303 501
21893: -482 -121 -262 493
21895: -482 -121 -264 509
21959: -483 -185 -264 509
21976: -483 -188 -281 453
21989: -483 -189 -294 493
22204: -486 -384 -317 485
22281: -488 -506 -266 461
22286: -488 -506 -271 501
22312: -488 -510 -297 453
22332: -488 -512 -317 485
22742: -47 -387 -343 54
22745: -47 -388 -346 14
22748: -47 -388 -349 38
22752: -47 -389 -353 6
22777: -47 -392 -378 14
22780: -47 -392 -381 38
22782: -47 -392 -383 54
22864: -105 -11 -337 70
22868: -105 -11 -341 102
22869: -105 -11 -342 110
22871: -105 -11 -344 126
23056: -108 -203 -337 70
23059: -108 -203 -340 94
23060: -108 -203 -341 102
23061: -108 -203 -342 110
23384: -169 -20 -345 134
23385: -169 -20 -346 142
23386: -169 -20 -347 150
23388: -169 -20 -349 166
23389: -169 -20 -350 174
23390: -169 -20 -351 182
23521: -171 -149 -354 142
23522: -171 -149 -355 150
23618: -173 -273 -323 150
23648: -173 -277 -353 134
23877: -233 -25 -326 238
24148: -237 -283 -341 230
24257: -239 -409 -322 206
24258: -239 -409 -323 214
24260: -239 -409 -325 230
24261: -239 -409 -326 238
24262: -239 -409 -327 246
24416: -297 -37 -353 262
24417: -297 -37 -354 270
24418: -297 -37 -355 278
24423: -297 -37 -360 318
24554: -299 -166 -363 278
24657: -301 -291 -338 270
24667: -301 -292 -348 286
24692: -301 -295 -373 294
24693: -301 -295 -374 302
24769: -303 -417 -322 270
24771: -303 -417 -324 286
24773: -303 -417 -326 302
24944: -361 -47 -369 326
24950: -361 -47 -375 374
25016: -362 -112 -377 326
25021: -362 -112 -382 366
25023: -362 -112 -384 382
25032: -363 -170 -329 326
25037: -363 -170 -334 366
25038: -363 -170 -335 374
25048: -363 -172 -345 326
25052: -363 -172 -349 358
25053: -363 -172 -350 366
25054: -363 -172 -351 374
25061: -363 -173 -358 366
25464: -425 -56 -377 390
25465: -425 -56 -378 398
25466: -425 -56 -379 406
25468: -425 -56 -381 422
25469: -425 -56 -382 430
25470: -425 -56 -383 438
25471: -425 -56 -384 446
25702: -429 -309 -359 438
25734: -430 -369 -327 438
25962: -489 -62 -363 470
26050: -491 -185 -323 470
26115: -492 -249 -324 478
26182: -493 -313 -327 502
26347: -495 -446 -364 478
26891: -56 -450 -396 31
26900: -56 -451 -405 39
26903: -56 -451 -408 63
26904: -56 -452 -409 7
26905: -56 -452 -410 15
26912: -56 -453 -417 7
26920: -56 -454 -425 7
26938: -56 -456 -443 23
26960: -113 -11 -401 71
26964: -113 -11 -405 103
26966: -113 -11 -407 119
26967: -113 -11 -408 127
27152: -116 -203 -401 71
27155: -116 -203 -404 95
27156: -116 -203 -405 103
27158: -116 -203 -407 119
27480: -177 -20 -409 135
27481: -177 -20 -410 143
27482: -177 -20 -411 151
27484: -177 -20 -413 167
27485: -177 -20 -414 175
27486: -177 -20 -415 183
27487: -177 -20 -416 191
27557: -178 -85 -422 175
27693: -180 -214 -430 175
27744: -181 -277 -417 135
27969: -241 -25 -386 207
27972: -241 -25 -389 231
27975: -241 -25 -392 255
28417: -248 -473 -386 207
28512: -305 -37 -417 263
28518: -305 -37 -423 311
28519: -305 -37 -424 319
28756: -309 -291 -405 295
28763: -309 -292 -412 287
28765: -309 -292 -414 303
28796: -309 -296 -445 295
28798: -309 -296 -447 311
29063: -370 -105 -392 383
29117: -370 -112 -446 367
29333: -374 -363 -406 367
29334: -374 -363 -407 375
29495: -376 -495 -440 383
29562: -433 -56 -443 407
29635: -435 -177 -388 415
29724: -436 -244 -413 423
29734: -436 -245 -423 439
30169: -499 -188 -410 463
30247: -500 -253 -424 511
30311: -501 -317 -424 511
30365: -502 -380 -414 495
30412: -503 -442 -397 487
30492: -504 -508 -413 487
30880: -62 -325 -481 8
30900: -62 -327 -501 40
31056: -121 -11 -465 72
31058: -121 -11 -467 88
31060: -121 -11 -469 104
31061: -121 -11 -470 112
31062: -121 -11 -471 120
31063: -121 -11 -472 128
31251: -124 -203 -468 96
31255: -124 -203 -472 128
31578: -185 -20 -475 152
31580: -185 -20 -477 168
31582: -185 -20 -479 184
31656: -186 -86 -489 136
31714: -187 -149 -483 152
31778: -188 -213 -483 152
32065: -249 -25 -450 208
32071: -249 -25 -456 256
32331: -253 -282 -460 224
32332: -253 -282 -461 232
32335: -253 -282 -464 256
32337: -253 -283 -466 208
32338: -253 -283 -467 216
32340: -253 -283 -469 232
32341: -253 -283 -470 240
32369: -253 -287 -498 208
32370: -253 -287 -499 216
32372: -253 -287 -501 232
32385: -254 -345 -450 208
32386: -254 -345 -451 216
32388: -254 -345 -453 232
32389: -254 -345 -454 240
32391: -254 -345 -456 256
32608: -313 -37 -481 264
32613: -313 -37 -486 304
32615: -313 -37 -488 320
32859: -317 -292 -476 288
32863: -317 -292 -480 320
32876: -317 -294 -493 296
33291: -380 -234 -460 352
33381: -381 -301 -486 368
33429: -382 -363 -470 368
33581: -384 -494 -494 368
33588: -384 -495 -501 360
33861: -445 -305 -454 432
33927: -446 -369 -456 448
34275: -507 -189 -484 480
34337: -508 -253 -482 464
34343: -508 -253 -488 512
34493: -510 -384 -510 496
34827: -25 -2 -68 28
34828: -25 -2 -69 36
34829: -25 -2 -70 44
34830: -25 -2 -71 52
34831: -25 -2 -72 60
35349: -89 -67 -142 44
35350: -89 -67 -143 52
35351: -89 -67 -144 60
35474: -105 -67 -139 22
35538: -113 -67 -139 23
35542: -113 -67 -143 55
35602: -121 -67 -139 24
35605: -121 -67 -142 48
35865: -153 -132 -210 12
35949: -161 -134 -342 45
36060: -177 -132 -213 39
36124: -185 -132 -213 40
36127: -185 -132 -216 64
36157: -185 -136 -470 48
36463: -225 -198 -352 61
36469: -225 -199 -414 45
36477: -225 -200 -478 45
36829: -273 -260 -230 43
36863: -273 -264 -488 59
36925: -281 -264 -486 44
37016: -297 -260 -225 6
37133: -313 -258 -102 48
37135: -313 -258 -104 64
37144: -313 -260 -225 8
37160: -313 -262 -353 8
37392: -345 -323 -169 4
37448: -353 -322 -105 5
37456: -353 -323 -169 5
37458: -353 -323 -171 21
37464: -353 -324 -233 5
37576: -369 -322 -105 7
37904: -409 -387 -177 4
38014: -417 -392 -503 53
38416: -473 -451 -185 4
38428: -473 -452 -253 36
38436: -473 -453 -317 36
38472: -481 -450 -121 5
38480: -481 -451 -185 5
38511: -481 -454 -384 61
38564: -489 -453 -317 38
38712: -505 -456 -505 8
38736: -2 -11 -129 65
38737: -2 -11 -130 73
38738: -2 -11 -131 81
38739: -2 -11 -132 89
38740: -2 -11 -133 97
38741: -2 -11 -134 105
38742: -2 -11 -135 113
38743: -2 -11 -136 121
39956: -154 -139 -149 100
39958: -154 -139 -151 116
39959: -154 -139 -152 124
39977: -154 -142 -338 76
39978: -154 -142 -339 84
39979: -154 -142 -340 92
39981: -154 -142 -342 108
39985: -154 -143 -402 76
39986: -154 -143 -403 84
39987: -154 -143 -404 92
39988: -154 -143 -405 100
39989: -154 -143 -406 108
39990: -154 -143 -407 116
39993: -154 -144 -466 76
39994: -154 -144 -467 84
39995: -154 -144 -468 92
39998: -154 -144 -471 116
40020: -162 -139 -149 101
40180: -178 -143 -405 103
40252: -186 -144 -469 104
40401: -210 -203 -154 75
40528: -226 -203 -153 69
40531: -226 -203 -156 93
40532: -226 -203 -157 101
40726: -250 -203 -159 120
40772: -258 -265 -37 97
40807: -258 -269 -296 121
40977: -282 -267 -162 76
40984: -282 -268 -225 68
41316: -322 -333 -301 97
41352: -330 -330 -105 66
41359: -330 -330 -112 122
41493: -346 -331 -174 108
41572: -354 -333 -301 101
41685: -370 -331 -174 111
41799: -386 -393 -56 121
41828: -386 -397 -309 97
42084: -418 -397 -309 101
42212: -434 -397 -309 103
42309: -450 -457 -62 105
42501: -474 -457 -62 108
42588: -482 -460 -253 101
42596: -482 -461 -317 101
42757: -506 -457 -62 112
42904: -11 -20 -193 130
42905: -11 -20 -194 138
42907: -11 -20 -196 154
42908: -11 -20 -197 162
42909: -11 -20 -198 170
42910: -11 -20 -199 178
42911: -11 -20 -200 186
43341: -67 -82 -78 169
43342: -67 -82 -79 177
43354: -67 -84 -203 145
43360: -67 -85 -265 129
43361: -67 -85 -266 137
43362: -67 -85 -267 145
43363: -67 -85 -268 153
43364: -67 -85 -269 161
43365: -67 -85 -270 169
43366: -67 -85 -271 177
43367: -67 -85 -272 185
43922: -139 -147 -147 146
43942: -139 -149 -279 178
43943: -139 -149 -280 186
43955: -139 -151 -404 154
43956: -139 -151 -405 162
43964: -139 -152 -469 162
43965: -139 -152 -470 170
43966: -139 -152 -471 178
44035: -155 -145 -20 156
44192: -171 -149 -273 134
44195: -171 -149 -276 158
44197: -171 -149 -278 174
44215: -171 -151 -408 190
44227: -179 -145 -20 159
44242: -179 -147 -147 151
44291: -187 -145 -20 160
44416: -203 -209 -25 130
44424: -203 -210 -89 130
44448: -203 -213 -281 130
44449: -203 -213 -282 138
44450: -203 -213 -283 146
44451: -203 -213 -284 154
44452: -203 -213 -285 162
44456: -203 -214 -345 130
44458: -203 -214 -347 146
44464: -203 -215 -409 130
44465: -203 -215 -410 138
44466: -203 -215 -411 146
44467: -203 -215 -412 154
44468: -203 -215 -413 162
44470: -203 -215 -415 178
44472: -203 -216 -473 130
44474: -203 -216 -475 146
44479: -203 -216 -480 186
44899: -259 -277 -292 153
44932: -267 -273 -37 162
45009: -275 -275 -162 139
45013: -275 -275 -166 171
45144: -291 -276 -225 133
45188: -299 -273 -37 166
45252: -307 -273 -37 167
45316: -315 -273 -37 168
45382: -323 -337 -47 177
45521: -339 -339 -170 139
45524: -339 -339 -173 163
45604: -347 -341 -301 164
45640: -355 -338 -105 133
45668: -355 -341 -301 165
45711: -363 -338 -112 190
45732: -363 -341 -301 166
45920: -387 -405 -305 129
45928: -387 -406 -369 129
46032: -403 -403 -177 131
46033: -403 -403 -178 139
46034: -403 -403 -179 147
46140: -411 -408 -501 164
46176: -419 -405 -305 133
46180: -419 -405 -309 165
46304: -435 -405 -305 135
46308: -435 -405 -309 167
46312: -435 -406 -369 135
46433: -451 -469 -314 137
46544: -467 -467 -185 131
46545: -467 -467 -186 139
46547: -467 -467 -188 155
46624: -475 -469 -313 132
46664: -483 -466 -121 133
46688: -483 -469 -313 133
46692: -483 -469 -317 165
46725: -491 -465 -62 174
46901: -507 -471 -446 176
47041: -20 -25 -2 203
47490: -76 -89 -11 210
47554: -84 -89 -11 211
47682: -100 -89 -11 213
47746: -108 -89 -11 214
47810: -116 -89 -11 215
47874: -124 -89 -11 216
47939: -132 -153 -20 217
47968: -132 -157 -273 193
47984: -132 -159 -401 193
48067: -148 -153 -20 219
48083: -148 -155 -148 219
48156: -156 -156 -213 228
48158: -156 -156 -215 244
48195: -164 -153 -20 221
48224: -164 -157 -273 197
48226: -164 -157 -275 213
48292: -172 -157 -277 230
48356: -180 -157 -277 231
48420: -188 -157 -277 232
48603: -212 -220 -220 219
48994: -260 -285 -291 209
48997: -260 -285 -294 233
48998: -260 -285 -295 241
48999: -260 -285 -296 249
49092: -276 -281 -37 227
49176: -284 -284 -225 196
49177: -284 -284 -226 204
49232: -292 -283 -161 197
49267: -292 -287 -420 221
49323: -300 -286 -356 222
49348: -308 -281 -37 231
49395: -308 -287 -420 223
49480: -324 -346 -105 193
49488: -324 -347 -169 193
49506: -324 -349 -299 209
49528: -324 -352 -489 193
49606: -340 -345 -47 243
49828: -364 -349 -301 230
49835: -364 -350 -364 222
50000: -388 -411 -177 193
50020: -388 -413 -309 225
50119: -404 -409 -56 251
50404: -436 -413 -309 231
50501: -452 -473 -62 233
50512: -452 -475 -185 193
50629: -468 -473 -62 235
50760: -484 -474 -121 197
51297: -37 -37 -258 269
51298: -37 -37 -259 277
51299: -37 -37 -260 285
51301: -37 -37 -262 301
51302: -37 -37 -263 309
51303: -37 -37 -264 317
51610: -77 -100 -203 274
51674: -85 -100 -203 275
51738: -93 -100 -203 276
51866: -109 -100 -203 278
52163: -149 -161 -20 283
52200: -149 -166 -337 259
52221: -149 -168 -470 299
52227: -157 -161 -20 284
52268: -157 -166 -341 292
52321: -165 -165 -274 269
52355: -173 -161 -20 286
52419: -181 -161 -20 287
52483: -189 -161 -20 288
52544: -197 -225 -25 257
52672: -213 -225 -25 259
52736: -221 -225 -25 260
52836: -229 -229 -285 293
52864: -237 -225 -25 262
52928: -245 -225 -25 263
52992: -253 -225 -25 264
53144: -269 -292 -225 258
53168: -269 -295 -417 258
53401: -301 -292 -226 270
53405: -301 -292 -230 302
53407: -301 -292 -232 318
53457: -309 -291 -162 271
53462: -309 -291 -167 311
53702: -341 -353 -47 307
53704: -341 -354 -105 259
53707: -341 -354 -108 283
53721: -341 -356 -234 267
53766: -349 -353 -47 308
53856: -357 -357 -297 261
53860: -357 -357 -301 293
54206: -397 -424 -503 306
54215: -405 -417 -56 315
54216: -405 -418 -113 259
54223: -405 -418 -120 315
54233: -405 -420 -242 267
54279: -413 -417 -56 316
54372: -421 -421 -309 293
54471: -437 -417 -56 319
54725: -469 -481 -62 299
54728: -469 -482 -121 259
54745: -469 -484 -250 267
54801: -477 -483 -186 268
54880: -485 -485 -313 261
54884: -485 -485 -317 293
54981: -501 -481 -62 303
55602: -62 -47 -387 344
55603: -62 -47 -388 352
55604: -62 -47 -389 360
55607: -62 -47 -392 384
55682: -78 -105 -11 338
55770: -86 -108 -203 339
56066: -126 -105 -11 344
56131: -134 -169 -20 345
56140: -134 -170 -85 353
56160: -134 -173 -273 321
56195: -142 -169 -20 346
56212: -142 -171 -149 354
56259: -150 -169 -20 347
56288: -150 -173 -273 323
56387: -166 -169 -20 349
56640: -198 -233 -25 321
56648: -198 -234 -89 321
56652: -198 -234 -93 353
56676: -198 -237 -285 353
56688: -198 -239 -409 321
56696: -198 -240 -473 321
56768: -214 -233 -25 323
56803: -214 -237 -284 347
56896: -230 -233 -25 325
56932: -230 -237 -285 357
57004: -238 -238 -349 358
57007: -238 -238 -352 382
57187: -262 -301 -292 345
57190: -262 -301 -295 369
57284: -278 -297 -37 355
57348: -286 -297 -37 356
57357: -286 -298 -102 364
57412: -294 -297 -37 357
57424: -294 -299 -161 325
57425: -294 -299 -162 333
57429: -294 -299 -166 365
57431: -294 -299 -168 381
57432: -294 -300 -225 325
57445: -294 -301 -294 365
57456: -294 -303 -417 325
57514: -302 -302 -355 342
57540: -310 -297 -37 359
57604: -318 -297 -37 360
57624: -318 -300 -225 328
57684: -326 -363 -173 353
57748: -334 -363 -173 354
57837: -342 -366 -366 363
57901: -350 -366 -366 364
58054: -374 -361 -47 375
58063: -374 -362 -112 383
58375: -414 -425 -56 380
58390: -414 -427 -183 372
58536: -430 -430 -369 326
58644: -446 -427 -181 360
58693: -454 -489 -62 361
58821: -470 -489 -62 363
59578: -47 -56 -451 406
59579: -47 -56 -452 414
59580: -47 -56 -453 422
59581: -47 -56 -454 430
59583: -47 -56 -456 446
59778: -79 -113 -11 402
59842: -87 -113 -11 403
59866: -87 -116 -203 403
59906: -95 -113 -11 404
59994: -103 -116 -203 405
60002: -103 -117 -267 405
60034: -111 -113 -11 406
60162: -127 -113 -11 408
60227: -135 -177 -20 409
60256: -135 -181 -273 385
60258: -135 -181 -275 401
60291: -143 -177 -20 410
60308: -143 -179 -149 418
60355: -151 -177 -20 411
60379: -151 -180 -212 411
60512: -167 -181 -273 389
60736: -199 -241 -25 385
60744: -199 -242 -89 385
60771: -199 -245 -284 409
60772: -199 -245 -285 417
60776: -199 -246 -345 385
60792: -199 -248 -473 385
60864: -215 -241 -25 387
60928: -223 -241 -25 388
60992: -231 -241 -25 389
61024: -231 -245 -281 389
61028: -231 -245 -285 421
61056: -239 -241 -25 390
61112: -239 -248 -473 390
61282: -263 -309 -291 401
61287: -263 -309 -296 441
61444: -287 -305 -37 420
61454: -287 -306 -103 436
61464: -287 -308 -225 388
61508: -295 -305 -37 421
61520: -295 -307 -161 389
61521: -295 -307 -162 397
61526: -295 -307 -167 437
61592: -303 -308 -225 390
61680: -311 -311 -417 391
61682: -311 -311 -419 407
61803: -327 -374 -364 409
61894: -343 -369 -47 435
61896: -343 -370 -105 387
61931: -343 -374 -364 411
62022: -359 -369 -47 437
62086: -367 -369 -47 438
62126: -367 -374 -367 438
62326: -391 -439 -439 433
62556: -423 -436 -245 421
62928: -471 -499 -185 387
63221: -503 -503 -446 431
63721: -56 -62 -322 463
63722: -56 -62 -323 471
63723: -56 -62 -324 479
63724: -56 -62 -325 487
63725: -56 -62 -326 495
63726: -56 -62 -327 503
63874: -80 -121 -11 466
63938: -88 -121 -11 467
64002: -96 -121 -11 468
64066: -104 -121 -11 469
64130: -112 -121 -11 470
64194: -120 -121 -11 471
64323: -136 -185 -20 473
64349: -136 -188 -214 489
64352: -136 -189 -273 449
64360: -136 -190 -337 449
64387: -144 -185 -20 474
64432: -144 -191 -401 450
64451: -152 -185 -20 475
64588: -168 -186 -85 485
64707: -184 -185 -20 479
64832: -200 -249 -25 449
64868: -200 -253 -285 481
64872: -200 -254 -345 449
64880: -200 -255 -409 449
64960: -216 -249 -25 451
64995: -216 -253 -284 475
65024: -224 -249 -25 452
65057: -224 -253 -282 460
65062: -224 -253 -287 500
65088: -232 -249 -25 453
65124: -232 -253 -285 485
65152: -240 -249 -25 454
65216: -248 -249 -25 455
65378: -264 -317 -291 465
65379: -264 -317 -292 473
65604: -296 -313 -37 485
65617: -296 -315 -162 461
65623: -296 -315 -168 509
65624: -296 -316 -225 453
65648: -296 -319 -417 453
65744: -312 -315 -161 455
65850: -320 -320 -483 472
65851: -320 -320 -484 480
66069: -352 -379 -174 492
66360: -384 -384 -489 456
66375: -392 -441 -56 505
66631: -424 -441 -56 509
66655: -424 -444 -248 509
66759: -440 -441 -56 511
67036: -472 -508 -253 483
67164: -488 -508 -253 485
67228: -496 -508 -253 486
67529: -17 -11 -2 66
67601: -25 -20 -2 67
68042: -81 -11 -67 138
68114: -89 -20 -67 139
68194: -97 -37 -67 141
68282: -105 -62 -67 144
68330: -113 -47 -67 142
68402: -121 -56 -67 143
68555: -145 -11 -132 210
68557: -145 -11 -134 338
68627: -153 -20 -132 211
68629: -153 -20 -134 339
68630: -153 -20 -135 403
68631: -153 -20 -136 467
68707: -161 -37 -132 213
68709: -161 -37 -134 341
68710: -161 -37 -135 405
68711: -161 -37 -136 469
68795: -169 -62 -132 216
68797: -169 -62 -134 344
68798: -169 -62 -135 408
68799: -169 -62 -136 472
68843: -177 -47 -132 214
68845: -177 -47 -134 342
68846: -177 -47 -135 406
68847: -177 -47 -136 470
68915: -185 -56 -132 215
68917: -185 -56 -134 343
68918: -185 -56 -135 407
68919: -185 -56 -136 471
69217: -225 -37 -194 93
69219: -225 -37 -196 221
69220: -225 -37 -197 285
69221: -225 -37 -198 349
69222: -225 -37 -199 413
69223: -225 -37 -200 477
69307: -233 -62 -196 224
69311: -233 -62 -200 480
69355: -241 -47 -196 222
69356: -241 -47 -197 286
69357: -241 -47 -198 350
69359: -241 -47 -200 478
69427: -249 -56 -196 223
69428: -249 -56 -197 287
69429: -249 -56 -198 351
69430: -249 -56 -199 415
69464: -257 -25 -257 36
69505: -265 -2 -258 97
69506: -265 -2 -259 161
69507: -265 -2 -260 225
69509: -265 -2 -262 353
69510: -265 -2 -263 417
69511: -265 -2 -264 481
69577: -273 -11 -258 98
69578: -273 -11 -259 162
69579: -273 -11 -260 226
69581: -273 -11 -262 354
69583: -273 -11 -264 482
69649: -281 -20 -258 99
69650: -281 -20 -259 163
69651: -281 -20 -260 227
69653: -281 -20 -262 355
69654: -281 -20 -263 419
69655: -281 -20 -264 483
69818: -297 -62 -259 168
69819: -297 -62 -260 232
69822: -297 -62 -263 424
69823: -297 -62 -264 488
69866: -305 -47 -259 166
69867: -305 -47 -260 230
69871: -305 -47 -264 486
69937: -313 -56 -258 103
69938: -313 -56 -259 167
69939: -313 -56 -260 231
69941: -313 -56 -262 359
69942: -313 -56 -263 423
69976: -321 -25 -321 44
70019: -329 -2 -324 233
70092: -337 -11 -325 298
70161: -345 -20 -322 107
70162: -345 -20 -323 171
70163: -345 -20 -324 235
70166: -345 -20 -327 427
70242: -353 -37 -323 173
70243: -353 -37 -324 237
70244: -353 -37 -325 301
70245: -353 -37 -326 365
70246: -353 -37 -327 429
70377: -369 -47 -322 110
70378: -369 -47 -323 174
70379: -369 -47 -324 238
70380: -369 -47 -325 302
70381: -369 -47 -326 366
70451: -377 -56 -324 239
70488: -385 -25 -385 52
70529: -393 -2 -386 113
70534: -393 -2 -391 433
70673: -409 -20 -386 115
70675: -409 -20 -388 243
70678: -409 -20 -391 435
70753: -417 -37 -386 117
70754: -417 -37 -387 181
70755: -417 -37 -388 245
70756: -417 -37 -389 309
70758: -417 -37 -391 437
70759: -417 -37 -392 501
70841: -425 -62 -386 120
70843: -425 -62 -388 248
70846: -425 -62 -391 440
70961: -441 -56 -386 119
70962: -441 -56 -387 183
70963: -441 -56 -388 247
70966: -441 -56 -391 439
71000: -449 -25 -449 60
71042: -457 -2 -451 185
71185: -473 -20 -450 123
71186: -473 -20 -451 187
71187: -473 -20 -452 251
71189: -473 -20 -454 379
71265: -481 -37 -450 125
71266: -481 -37 -451 189
71268: -481 -37 -453 317
71269: -481 -37 -454 381
71271: -481 -37 -456 509
71354: -489 -62 -451 192
71359: -489 -62 -456 512
71403: -497 -47 -452 254
71473: -505 -56 -450 127
71474: -505 -56 -451 191
71477: -505 -56 -454 383
71514: -2 -89 -11 132
71522: -2 -97 -11 133
71530: -2 -105 -11 134
71538: -2 -113 -11 135
71546: -2 -121 -11 136
72132: -82 -67 -77 265
72133: -82 -67 -78 329
72134: -82 -67 -79 393
72738: -154 -100 -139 149
72742: -154 -100 -143 405
72746: -154 -108 -139 150
72750: -154 -108 -143 406
72754: -154 -116 -139 151
72758: -154 -116 -143 407
72759: -154 -116 -144 471
72762: -154 -124 -139 152
72786: -162 -85 -139 147
72789: -162 -85 -142 339
72842: -170 -78 -139 146
72850: -170 -86 -139 147
72854: -170 -86 -143 403
72870: -170 -102 -143 405
72874: -170 -110 -139 150
72890: -170 -126 -139 152
72906: -178 -79 -139 146
72914: -178 -87 -139 147
72918: -178 -87 -143 403
72938: -178 -111 -139 150
72942: -178 -111 -143 406
72946: -178 -119 -139 151
72957: -178 -127 -142 344
72978: -186 -88 -139 147
72981: -186 -88 -142 339
72989: -186 -96 -142 340
73006: -186 -112 -143 406
73154: -210 -67 -203 153
73290: -226 -77 -203 154
73330: -226 -117 -203 159
73338: -226 -125 -203 160
73442: -242 -103 -203 157
73665: -274 -67 -266 97
73666: -274 -67 -267 161
73667: -274 -67 -268 225
73669: -274 -67 -270 353
73670: -274 -67 -271 417
74106: -322 -121 -331 176
74530: -378 -104 -331 173
74790: -410 -100 -399 437
75384: -482 -125 -457 64
75386: -482 -125 -459 192
75387: -482 -125 -460 256
75389: -482 -125 -462 384
75667: -11 -146 -20 195
75675: -11 -154 -20 196
75683: -11 -162 -20 197
75691: -11 -170 -20 198
75699: -11 -178 -20 199
75707: -11 -186 -20 200
76128: -67 -161 -81 13
76137: -67 -169 -82 78
76145: -67 -177 -82 79
76148: -67 -177 -85 271
76150: -67 -177 -87 399
76153: -67 -185 -82 80
76156: -67 -185 -85 272
76157: -67 -185 -86 336
76701: -139 -154 -150 340
76702: -139 -154 -151 404
76703: -139 -154 -152 468
76709: -139 -162 -150 341
76711: -139 -162 -152 469
76716: -139 -170 -149 278
76724: -139 -178 -149 279
76734: -139 -186 -151 408
76746: -147 -139 -147 146
76762: -147 -155 -147 148
76778: -147 -171 -147 150
76786: -147 -179 -147 151
76794: -147 -187 -147 152
76819: -155 -148 -148 211
76860: -155 -188 -149 280
76904: -163 -173 -145 22
76910: -163 -173 -151 406
76918: -163 -181 -151 407
76919: -163 -181 -152 471
76925: -163 -189 -150 344
76928: -171 -134 -145 17
76934: -171 -134 -151 401
76936: -171 -142 -145 18
76939: -171 -142 -148 210
76949: -171 -150 -150 339
76960: -171 -166 -145 21
76995: -179 -135 -148 209
76996: -179 -135 -149 273
77005: -179 -143 -150 338
77032: -179 -175 -145 22
77060: -187 -136 -149 273
77061: -187 -136 -150 337
77064: -187 -144 -145 18
77091: -187 -168 -148 213
77211: -203 -154 -212 220
77212: -203 -154 -213 284
77213: -203 -154 -214 348
77214: -203 -154 -215 412
77215: -203 -154 -216 476
77222: -203 -162 -215 413
77227: -203 -170 -212 222
77228: -203 -170 -213 286
77230: -203 -170 -215 414
77231: -203 -170 -216 478
77233: -203 -178 -210 95
77235: -203 -178 -212 223
77236: -203 -178 -213 287
77237: -203 -178 -214 351
77239: -203 -178 -216 479
77241: -203 -186 -210 96
77243: -203 -186 -212 224
77244: -203 -186 -213 288
77245: -203 -186 -214 352
77652: -259 -145 -277 291
77668: -259 -161 -277 293
77684: -259 -177 -277 295
77770: -275 -139 -275 162
77802: -275 -171 -275 166
77824: -283 -132 -273 33
77864: -283 -172 -273 38
77937: -291 -181 -274 103
78016: -307 -135 -273 33
78080: -315 -136 -273 33
78180: -323 -161 -341 301
78196: -323 -177 -341 303
78200: -323 -185 -337 48
78201: -323 -185 -338 112
78282: -339 -139 -339 170
78290: -339 -147 -339 171
78340: -347 -132 -341 297
78444: -355 -173 -341 302
78468: -363 -134 -341 297
78692: -387 -161 -405 309
78716: -387 -185 -405 312
78794: -403 -139 -403 178
78802: -403 -147 -403 179
78818: -403 -163 -403 181
78855: -411 -132 -408 497
78964: -419 -181 -405 311
79204: -451 -161 -469 317
79212: -451 -169 -469 318
79221: -451 -177 -470 383
79354: -467 -187 -467 192
79364: -475 -132 -469 313
79441: -483 -149 -466 123
79484: -483 -189 -469 320
79654: -507 -168 -471 445
79808: -20 -195 -25 1
79824: -20 -211 -25 3
79832: -20 -219 -25 4
79840: -20 -227 -25 5
79848: -20 -235 -25 6
79856: -20 -243 -25 7
79864: -20 -251 -25 8
80387: -92 -196 -92 201
80576: -116 -199 -89 9
80640: -124 -200 -89 9
80841: -148 -203 -154 82
80923: -156 -220 -156 212
80988: -164 -221 -157 276
81004: -164 -237 -157 278
81020: -164 -253 -157 280
81041: -172 -214 -154 83
81049: -172 -222 -154 84
81105: -180 -215 -154 83
81169: -188 -216 -154 83
81186: -188 -232 -155 149
81537: -236 -198 -218 89
81543: -236 -198 -224 473
81764: -260 -225 -285 293
81772: -260 -233 -285 294
81780: -260 -241 -285 295
81788: -260 -249 -285 296
81813: -268 -210 -286 355
81838: -268 -234 -287 422
81868: -276 -203 -285 290
81923: -284 -196 -284 225
81955: -284 -228 -284 229
82025: -292 -237 -282 102
82026: -292 -237 -283 166
82030: -292 -237 -287 422
82031: -292 -237 -288 486
82039: -292 -245 -288 487
82041: -292 -253 -282 104
82042: -292 -253 -283 168
82045: -292 -253 -286 360
82046: -292 -253 -287 424
82054: -300 -198 -287 417
82128: -308 -215 -281 35
82176: -316 -200 -281 33
82284: -324 -233 -349 302
82381: -340 -203 -350 362
82435: -348 -196 -348 233
82743: -380 -248 -352 495
82788: -388 -225 -413 309
82856: -396 -234 -409 54
82893: -404 -203 -414 370
82947: -412 -196 -412 241
83056: -420 -245 -409 55
83072: -428 -198 -409 49
83216: -444 -216 -409 51
83300: -452 -225 -477 317
83459: -476 -196 -476 249
83576: -484 -253 -473 64
83581: -484 -253 -478 384
83582: -484 -253 -479 448
83583: -484 -253 -480 512
83584: -492 -198 -473 57
84036: -37 -261 -37 257
84044: -37 -269 -37 258
84052: -37 -277 -37 259
84060: -37 -285 -37 260
84068: -37 -293 -37 261
84076: -37 -301 -37 262
84084: -37 -309 -37 263
84092: -37 -317 -37 264
84519: -93 -292 -104 461
84572: -101 -285 -101 268
84596: -101 -309 -101 271
84694: -117 -279 -103 395
84955: -149 -283 -164 212
84957: -149 -283 -166 340
84974: -149 -299 -167 406
84982: -149 -307 -167 407
84983: -149 -307 -168 471
84987: -149 -315 -164 216
84989: -149 -315 -166 344
85024: -157 -292 -161 21
85029: -157 -292 -166 341
85040: -157 -308 -161 23
85084: -165 -285 -165 276
85100: -165 -301 -165 278
85108: -165 -309 -165 279
85116: -165 -317 -165 280
85120: -173 -262 -161 17
85121: -173 -262 -162 81
85123: -173 -262 -164 209
85141: -173 -278 -166 339
85153: -173 -294 -162 85
85155: -173 -294 -164 213
85157: -173 -294 -166 341
85158: -173 -294 -167 405
85159: -173 -294 -168 469
85160: -173 -302 -161 22
85184: -181 -263 -161 17
85203: -181 -279 -164 211
85209: -181 -287 -162 84
85217: -181 -295 -162 85
85219: -181 -295 -164 213
85232: -181 -311 -161 23
85248: -189 -264 -161 17
85249: -189 -264 -162 81
85251: -189 -264 -164 209
85255: -189 -264 -168 465
85273: -189 -288 -162 84
85286: -189 -296 -167 405
85304: -189 -320 -161 24
85588: -229 -277 -229 283
85717: -245 -279 -230 347
85720: -245 -287 -225 28
85895: -269 -258 -296 481
86198: -301 -310 -295 423
86235: -309 -287 -292 228
86285: -317 -272 -294 354
86293: -317 -280 -294 355
86400: -333 -258 -353 41
86498: -341 -291 -355 173
86499: -341 -291 -356 237
86501: -341 -291 -358 365
86502: -341 -291 -359 429
86612: -357 -277 -357 299
86620: -357 -285 -357 300
86644: -357 -309 -357 303
86784: -381 -264 -353 41
86865: -389 -273 -418 115
87008: -405 -291 -417 53
87010: -405 -291 -419 181
87011: -405 -291 -420 245
87014: -405 -291 -423 437
87015: -405 -291 -424 501
87079: -413 -292 -424 501
87088: -413 -308 -417 55
87132: -421 -285 -421 308
87148: -421 -301 -421 310
87263: -437 -287 -424 500
87303: -445 -264 -424 497
87424: -461 -258 -481 57
87520: -469 -291 -481 61
87522: -469 -291 -483 189
87523: -469 -291 -484 253
87525: -469 -291 -486 381
87527: -469 -291 -488 509
87585: -477 -292 -482 125
87587: -477 -292 -484 253
87589: -477 -292 -486 381
87591: -477 -292 -488 509
87636: -485 -277 -485 315
87660: -485 -301 -485 318
87668: -485 -309 -485 319
87783: -501 -295 -488 509
88326: -62 -328 -47 385
88334: -62 -336 -47 386
88342: -62 -344 -47 387
88350: -62 -352 -47 388
88358: -62 -360 -47 389
88366: -62 -368 -47 390
88374: -62 -376 -47 391
88559: -86 -363 -112 462
88717: -110 -334 -110 330
88725: -110 -342 -110 331
88749: -110 -366 -110 334
88895: -126 -384 -112 464
88928: -134 -353 -169 21
88929: -134 -353 -170 85
88932: -134 -353 -173 277
88946: -134 -369 -171 151
88950: -134 -369 -175 407
88951: -134 -369 -176 471
88992: -142 -354 -169 21
89028: -150 -323 -173 273
89057: -150 -355 -170 85
89089: -158 -324 -170 81
89137: -158 -372 -170 87
89153: -166 -325 -170 81
89155: -166 -325 -172 209
89156: -166 -325 -173 273
89161: -166 -333 -170 82
89163: -166 -333 -172 210
89169: -166 -341 -170 83
89171: -166 -341 -172 211
89172: -166 -341 -173 275
89177: -166 -349 -170 84
89179: -166 -349 -172 212
89193: -166 -365 -170 86
89203: -166 -373 -172 215
89209: -166 -381 -170 88
89261: -174 -366 -174 342
89419: -198 -329 -236 218
89427: -198 -337 -236 219
89451: -198 -361 -236 222
89459: -198 -369 -236 223
89460: -198 -369 -237 287
89463: -198 -369 -240 479
89467: -198 -377 -236 224
89568: -214 -355 -233 29
89569: -214 -355 -234 93
89571: -214 -355 -236 221
89572: -214 -355 -237 285
89574: -214 -355 -239 413
89636: -222 -356 -237 285
89741: -238 -334 -238 346
89749: -238 -342 -238 347
89773: -238 -366 -238 350
89932: -262 -329 -301 290
89940: -262 -337 -301 291
89948: -262 -345 -301 292
89956: -262 -353 -301 293
89964: -262 -361 -301 294
89972: -262 -369 -301 295
89980: -262 -377 -301 296
90151: -286 -356 -304 485
90193: -294 -341 -298 99
90201: -294 -349 -298 100
90472: -326 -361 -361 46
90554: -334 -378 -363 176
90626: -350 -324 -363 169
90667: -350 -364 -364 238
90773: -366 -342 -366 363
91626: -470 -363 -491 190
91630: -470 -363 -495 446
92295: -47 -390 -56 449
92303: -47 -398 -56 450
92311: -47 -406 -56 451
92319: -47 -414 -56 452
92327: -47 -422 -56 453
92335: -47 -430 -56 454
92343: -47 -438 -56 455
92351: -47 -446 -56 456
92878: -119 -399 -119 394
92886: -119 -407 -119 395
92918: -119 -439 -119 399
92928: -127 -392 -113 9
93024: -135 -417 -177 21
93026: -135 -417 -179 149
93027: -135 -417 -180 213
93028: -135 -417 -181 277
93031: -135 -417 -184 469
93056: -143 -386 -177 17
93057: -143 -386 -178 81
93065: -143 -394 -178 82
93072: -143 -402 -177 19
93073: -143 -402 -178 83
93089: -143 -418 -178 85
93105: -143 -434 -178 87
93113: -143 -442 -178 88
93184: -159 -388 -177 17
93264: -167 -405 -177 19
93265: -167 -405 -178 83
93288: -167 -429 -177 22
93398: -183 -407 -183 403
93414: -183 -423 -183 405
93430: -183 -439 -183 407
93524: -199 -401 -245 283
93540: -199 -417 -245 285
93732: -223 -420 -245 285
93756: -223 -444 -245 288
93902: -247 -399 -247 410
93910: -247 -407 -247 411
93918: -247 -415 -247 412
93942: -247 -439 -247 415
93988: -255 -424 -245 285
94052: -263 -417 -309 293
94068: -263 -433 -309 295
94154: -279 -395 -307 162
94209: -287 -388 -306 97
94245: -287 -420 -310 357
94289: -295 -405 -306 99
94291: -295 -405 -308 227
94560: -327 -417 -369 45
95087: -391 -425 -440 502
95088: -391 -433 -433 55
95306: -423 -397 -435 178
95930: -495 -446 -499 192
95942: -503 -391 -503 441
95998: -503 -447 -503 448
96453: -56 -455 -62 321
96461: -56 -463 -62 322
96469: -56 -471 -62 323
96477: -56 -479 -62 324
96485: -56 -487 -62 325
96493: -56 -495 -62 326
96501: -56 -503 -62 327
96509: -56 -511 -62 328
96736: -88 -483 -121 13
96987: -120 -479 -124 204
97114: -136 -473 -187 148
97120: -136 -481 -185 21
97121: -136 -481 -186 85
97124: -136 -481 -189 277
97128: -136 -489 -185 22
97130: -136 -489 -187 150
97132: -136 -489 -189 278
97133: -136 -489 -190 342
97152: -144 -450 -185 17
97153: -144 -450 -186 81
97169: -144 -466 -186 83
97185: -144 -482 -186 85
97280: -160 -452 -185 17
97281: -160 -452 -186 81
97321: -160 -492 -186 86
97353: -168 -461 -186 82
97385: -168 -493 -186 86
97401: -168 -509 -186 88
97620: -200 -465 -253 283
97729: -216 -451 -250 89
97740: -216 -459 -253 282
97804: -224 -460 -253 282
97836: -224 -492 -253 286
97956: -240 -486 -253 285
98124: -264 -457 -317 290
98128: -264 -465 -313 35
98132: -264 -465 -317 291
98140: -264 -473 -317 292
98148: -264 -481 -317 293
98156: -264 -489 -317 294
98164: -264 -497 -317 295
98172: -264 -505 -317 296
98337: -288 -484 -314 101
98339: -288 -484 -316 229
98342: -288 -484 -319 421
98393: -296 -477 -314 100
98819: -352 -452 -380 233
99079: -384 -456 -384 489
99119: -384 -496 -384 494
99135: -384 -512 -384 496
99715: -464 -450 -508 249
100178: -25 -33
100179: -25 -41
100180: -25 -49
100181: -25 -57
100190: -2 -18
100191: -2 -26
100192: -2 -34
100193: -2 -42
100194: -2 -50
100195: -2 -58
100225: -11 -19
100226: -11 -27
100227: -11 -35
100228: -11 -43
100229: -11 -51
100230: -11 -59
100260: -20 -28
100261: -20 -36
100262: -20 -44
100263: -20 -52
100264: -20 -60
100298: -37 -45
100299: -37 -53
100300: -37 -61
100359: -47 -55
100360: -47 -63
100390: -56 -64
100411: -89 -105
100413: -89 -121
100417: -105 -113
100418: -105 -121
100419: -113 -121
100420: 65 73 81 89 97 105 113 121
100435: -82 -98
100450: -67 -75
100451: -67 -83
100453: -67 -99
100454: -67 -107
100455: -67 -115
100456: -67 -123
100507: 68 76 84 92 100 108 116 124
100525: -85 -125
100536: 69 77 85 93 101 109 117 125
100565: 70 78 86 94 102 110 118 126
100584: -95 -103
100594: 71 79 87 95 103 111 119 127
100623: 72 80 88 96 104 112 120 128
100637: -145 -153
100638: -145 -161
100641: -145 -185
100642: -153 -161
100645: -153 -185
100646: -161 -169
100647: -161 -177
100648: -161 -185
100650: -169 -185
100651: -177 -185
100652: 129 137 145 153 161 169 177 185
100671: -154 -162
100672: -154 -170
100673: -154 -178
100674: -154 -186
100679: -170 -186
100680: -178 -186
100681: 130 138 146 154 162 170 178 186
100690: -139 -155
100691: -139 -163
100692: -139 -171
100693: -139 -179
100694: -139 -187
100696: -147 -163
100704: -163 -171
100705: -163 -179
100709: -179 -187
100710: 131 139 147 155 163 171 179 187
100712: -132 -148
100714: -132 -164
100715: -132 -172
100716: -132 -180
100725: -148 -164
100734: -164 -180
100738: -180 -188
100739: 132 140 148 156 164 172 180 188
100740: -133 -141
100753: -149 -157
100756: -149 -181
100757: -149 -189
100759: -157 -173
100766: -173 -189
100768: 133 141 149 157 165 173 181 189
100770: -134 -150
100772: -134 -166
100773: -134 -174
100775: -134 -190
100776: -142 -150
100777: -142 -158
100778: -142 -166
100779: -142 -174
100780: -142 -182
100781: -142 -190
100783: -150 -166
100784: -150 -174
100786: -150 -190
100787: -158 -166
100789: -158 -182
100791: -166 -174
100792: -166 -182
100793: -166 -190
100797: 134 142 150 158 166 174 182 190
100798: -135 -143
100799: -135 -151
100800: -135 -159
100801: -135 -167
100803: -135 -183
100804: -135 -191
100805: -143 -151
100806: -143 -159
100807: -143 -167
100808: -143 -175
100809: -143 -183
100810: -143 -191
100812: -151 -167
100813: -151 -175
100816: -159 -167
100826: 135 143 151 159 167 175 183 191
100828: -136 -152
100830: -136 -168
100831: -136 -176
100832: -136 -184
100833: -136 -192
100834: -144 -152
100835: -144 -160
100836: -144 -168
100837: -144 -176
100838: -144 -184
100839: -144 -192
100841: -152 -168
100843: -152 -184
100845: -160 -168
100847: -160 -184
100850: -168 -184
100851: -168 -192
100855: 136 144 152 160 168 176 184 192
100878: -225 -233
100880: -225 -249
100883: -241 -249
100884: 193 201 209 217 225 233 241 249
100898: -210 -218
100899: -210 -226
100900: -210 -234
100911: -234 -250
100913: 194 202 210 218 226 234 242 250
100944: -196 -212
100962: -220 -236
100971: 196 204 212 220 228 236 244 252
100977: -197 -245
100985: -213 -221
100987: -213 -237
100988: -213 -245
100992: -221 -245
101000: 197 205 213 221 229 237 245 253
101002: -198 -214
101003: -198 -222
101004: -198 -230
101005: -198 -238
101007: -198 -254
101015: -214 -230
101016: -214 -238
101029: 198 206 214 222 230 238 246 254
101031: -199 -215
101032: -199 -223
101033: -199 -231
101034: -199 -239
101043: -215 -223
101045: -215 -239
101058: 199 207 215 223 231 239 247 255
101060: -200 -216
101061: -200 -224
101062: -200 -232
101063: -200 -240
101065: -200 -256
101073: -216 -232
101074: -216 -240
101076: -216 -256
101087: 200 208 216 224 232 240 248 256
101095: -265 -273
101096: -265 -281
101101: -273 -281
101104: -273 -305
101105: -273 -313
101107: -281 -297
101108: -281 -305
101113: -297 -305
101116: 257 265 273 281 289 297 305 313
101123: -258 -314
101137: -282 -306
101145: 258 266 274 282 290 298 306 314
101146: -259 -267
101148: -259 -283
101149: -259 -291
101150: -259 -299
101151: -259 -307
101152: -259 -315
101154: -267 -283
101155: -267 -291
101164: -283 -291
101168: -291 -299
101169: -291 -307
101170: -291 -315
101174: 259 267 275 283 291 299 307 315
101175: -260 -268
101176: -260 -276
101178: -260 -292
101179: -260 -300
101180: -260 -308
101184: -268 -292
101198: -292 -308
101203: 260 268 276 284 292 300 308 316
101214: -269 -301
101215: -269 -309
101220: -277 -309
101223: -285 -301
101224: -285 -309
101229: -301 -309
101231: -309 -317
101232: 261 269 277 285 293 301 309 317
101233: -262 -270
101234: -262 -278
101235: -262 -286
101236: -262 -294
101237: -262 -302
101238: -262 -310
101239: -262 -318
101242: -270 -294
101247: -278 -294
101251: -286 -294
101255: -294 -302
101261: 262 270 278 286 294 302 310 318
101262: -263 -271
101263: -263 -279
101264: -263 -287
101266: -263 -303
101268: -263 -319
101271: -271 -295
101276: -279 -295
101280: -287 -295
101284: -295 -303
101285: -295 -311
101286: -295 -319
101290: 263 271 279 287 295 303 311 319
101291: -264 -272
101292: -264 -280
101293: -264 -288
101294: -264 -296
101296: -264 -312
101297: -264 -320
101305: -280 -296
101311: -288 -312
101314: -296 -312
101315: -296 -320
101329: -329 -353
101336: -337 -369
101338: -345 -353
101343: -353 -369
101344: -353 -377
101348: 321 329 337 345 353 361 369 377
101349: -322 -330
101352: -322 -354
101353: -322 -362
101363: -338 -354
101364: -338 -362
101367: -346 -354
101371: -354 -362
101377: 322 330 338 346 354 362 370 378
101381: -323 -355
101382: -323 -363
101384: -323 -379
101387: -331 -355
101388: -331 -363
101392: -339 -355
101396: -347 -355
101397: -347 -363
101400: -355 -363
101407: -324 -332
101408: -324 -340
101409: -324 -348
101411: -324 -364
101422: -340 -364
101429: -356 -364
101437: -325 -341
101438: -325 -349
101450: -341 -357
101451: -341 -365
101464: 325 333 341 349 357 365 373 381
101468: -326 -358
101469: -326 -366
101470: -326 -374
101481: -342 -374
101493: 326 334 342 350 358 366 374 382
101495: -327 -343
101496: -327 -351
101500: -327 -383
101501: -335 -343
101507: -343 -351
101509: -343 -367
101512: -351 -359
101513: -351 -367
101536: -344 -352
101551: 328 336 344 352 360 368 376 384
101561: -393 -417
101566: -401 -417
101570: -409 -417
101574: -417 -425
101580: 385 393 401 409 417 425 433 441
101581: -386 -394
101584: -386 -418
101586: -386 -434
101599: -410 -418
101604: -418 -434
101609: 386 394 402 410 418 426 434 442
101611: -387 -403
101613: -387 -419
101615: -387 -435
101616: -387 -443
101619: -395 -419
101628: -411 -419
101633: -419 -435
101641: -388 -412
101642: -388 -420
101644: -388 -436
101662: -420 -436
101667: 388 396 404 412 420 428 436 444
101669: -389 -405
101670: -389 -413
101676: -397 -413
101682: -405 -421
101684: -405 -437
101696: 389 397 405 413 421 429 437 445
101710: -406 -414
101725: 390 398 406 414 422 430 438 446
101731: -391 -439
101739: -407 -415
101754: 391 399 407 415 423 431 439 447
101756: -392 -408
101758: -392 -424
101771: -408 -440
101779: -424 -448
101798: -465 -481
101802: -473 -481
101806: -481 -489
101808: -481 -505
101812: 449 457 465 473 481 489 497 505
101816: -450 -482
101819: -450 -506
101822: -458 -482
101839: -490 -506
101845: -451 -483
101856: -467 -483
101870: 451 459 467 475 483 491 499 507
101875: -452 -492
101877: -452 -508
101889: -476 -484
101899: 452 460 468 476 484 492 500 508
101901: -453 -469
101902: -453 -477
101908: -461 -477
101913: -469 -477
101914: -469 -485
101916: -469 -501
101917: -469 -509
101919: -477 -493
101921: -477 -509
101925: -493 -501
101927: -501 -509
101928: 453 461 469 477 485 493 501 509
101930: -454 -470
101931: -454 -478
101936: -462 -470
101942: -470 -478
101972: -471 -487
101986: 455 463 471 479 487 495 503 511
101987: -456 -464
101990: -456 -488
101993: -456 -512
102001: -472 -488
102005: -480 -488
102008: -480 -512
102010: -488 -504
102015: 456 464 472 480 488 496 504 512
102176: -275 -145 21
102181: -275 -150 341
102186: -339 -147 150
102188: -339 -149 278
102190: -339 -151 406
102202: -467 -147 152
102244: -284 -221 285
102270: -476 -223 416
102272: -37 -289 33
102273: -37 -290 97
102274: -37 -291 161
102275: -37 -292 225
102277: -37 -294 353
102278: -37 -295 417
102279: -37 -296 481
102283: -101 -292 226
102285: -101 -294 354
102286: -101 -295 418
102287: -101 -296 482
102291: -165 -292 227
102293: -165 -294 355
102294: -165 -295 419
102295: -165 -296 483
102298: -229 -291 164
102301: -229 -294 356
102302: -229 -295 420
102303: -229 -296 484
102314: -357 -291 166
102315: -357 -292 230
102318: -357 -295 422
102319: -357 -296 486
102322: -421 -291 167
102323: -421 -292 231
102325: -421 -294 359
102327: -421 -296 487
102330: -485 -291 168
102331: -485 -292 232
102333: -485 -294 360
102334: -485 -295 424
102335: -485 -296 488
102352: -174 -361 43
102353: -174 -362 107
102354: -174 -363 171
102355: -174 -364 235
102356: -174 -365 299
102357: -174 -366 363
102370: -302 -363 173
102387: -430 -364 239
102416: -183 -433 51
102417: -183 -434 115
102418: -183 -435 179
102419: -183 -436 243
102420: -183 -437 307
102425: -247 -434 116
102505: -384 -506 126
102506: -384 -507 190
102507: -384 -508 254
102514: -448 -507 191
103577: -145 -20 -154 68
103580: -145 -20 -157 260
103582: -145 -20 -159 388
103814: -149 -273 -135 417
103815: -149 -273 -136 481
103828: -149 -275 -149 291
103911: -150 -341 -168 493
104133: -218 -89 -198 329
104134: -218 -89 -199 393
104135: -218 -89 -200 457
104327: -221 -281 -200 481
104391: -222 -345 -200 489
104394: -222 -346 -203 170
104458: -223 -410 -203 178
104522: -224 -474 -203 186
104705: -291 -161 -258 81
104707: -291 -161 -260 209
104709: -291 -161 -262 337
104710: -291 -161 -263 401
104711: -291 -161 -264 465
104773: -292 -225 -262 345
104774: -292 -225 -263 409
104775: -292 -225 -264 473
104897: -294 -353 -258 105
104898: -294 -353 -259 169
104903: -294 -353 -264 489
104961: -295 -417 -258 113
104962: -295 -417 -259 177
104963: -295 -417 -260 241
104967: -295 -417 -264 497
105025: -296 -481 -258 121
105026: -296 -481 -259 185
105027: -296 -481 -260 249
105137: -361 -47 -370 71
105138: -361 -47 -371 135
105139: -361 -47 -372 199
105140: -361 -47 -373 263
105143: -361 -47 -376 455
105155: -362 -105 -324 201
105219: -363 -169 -324 209
105227: -363 -170 -332 210
105241: -363 -172 -346 84
105247: -363 -172 -352 468
105248: -363 -173 -353 21
105251: -363 -173 -356 213
105825: -436 -245 -418 93
105859: -437 -305 -388 225
106152: -505 -62 -489 6
106153: -505 -62 -490 70
106154: -505 -62 -491 134
106216: -506 -126 -489 14
106219: -506 -126 -492 206
106371: -509 -313 -452 225
107673: -145 -20 -139 68
107676: -145 -20 -163 260
107678: -145 -20 -179 388
107679: -145 -20 -187 452
107917: -149 -274 -171 354
107929: -149 -276 -139 100
108033: -151 -401 -139 113
108121: -152 -468 -139 124
108801: -291 -161 -269 81
108805: -291 -161 -301 337
108807: -291 -161 -317 465
108870: -292 -225 -309 409
108871: -292 -225 -317 473
108993: -294 -353 -269 105
108994: -294 -353 -277 169
108999: -294 -353 -317 489
109057: -295 -417 -269 113
109058: -295 -417 -277 177
109059: -295 -417 -285 241
109061: -295 -417 -301 369
109121: -296 -481 -269 121
109122: -296 -481 -277 185
109235: -361 -47 -350 199
109304: -362 -112 -326 16
109320: -363 -170 -326 18
109326: -363 -170 -374 402
109337: -363 -172 -334 84
109345: -363 -173 -334 85
109408: -364 -237 -326 29
109547: -366 -366 -350 238
110312: -506 -126 -456 14
110432: -508 -253 -456 29
110442: -508 -254 -472 158
110720: -2 -1 -1
110858: -149 -147 -147
110866: -150 -147 -147
110874: -151 -147 -147
111168: -2 -65
111169: -2 -9
111170: -2 -73
111171: -2 -66
111807: -76 -203 -154
112342: -149 -163
112344: -149 -277
112389: -149 -162 -139
112395: -149 -164 -155
112411: -150 -171
112412: -150 -363
112458: -150 -170 -139
112467: -150 -173 -163
112479: -151 -403
112482: -151 -407
112527: -151 -178 -139
112551: -152 -472
112596: -152 -186 -139
112605: -152 -189 -163
112620: -217 -25
112737: -218 -203 -212
112827: -221 -285
113238: -291 -165
113239: -291 -277
113240: -291 -149
113284: -291 -273 -37
113307: -292 -229
113308: -292 -285
113309: -292 -221
113310: -292 -228
113311: -292 -284
113353: -292 -281 -37
113376: -294 -357
113377: -294 -301
113378: -294 -365
113422: -294 -297 -37
113442: -294 -304 -317
113445: -295 -421
113446: -295 -309
113447: -295 -437
113448: -295 -423
113491: -295 -305 -37
113499: -295 -308 -285
113514: -296 -485
113515: -296 -317
113516: -296 -509
113560: -296 -313 -37
113722: -363 -342
113723: -363 -150
113724: -363 -171
113725: -363 -339
113743: -363 -172 -348
113791: -364 -350
113862: -365 -301
113904: -365 -353 -326
114136: -434 -399
114205: -435 -407
114274: -436 -415
114345: -437 -309
114619: -506 -464
114675: -506 -461 -488
114757: -508 -480
114828: -509 -317
115032: 2
115033: 11
115034: 20
115035: 25
115036: 37
115037: 47
115038: 56
120352: -733 418 -482
120364: -733 422 -486
120368: 733 -424 -488
120369: -733 -424 488
120370: -733 424 -488