4 2 2
UNSAT
7: -2 -3
8: -2 -4
9: -2 -5
10: -2 -6
11: -2 -7
12: -2 -8
42: -11 -12
43: -11 -13
44: -11 -14
45: -11 -15
46: -11 -16
76: -20 -21
77: -20 -22
78: -20 -23
79: -20 -24
91: -25 -30
93: -25 -32
138: -37 -38
141: -38 -39
168: -45 -47
169: -45 -48
201: -55 -56
231: 57 58 59 60 61 62 63 64
269: -74 -76
270: -74 -77
271: -74 -78
272: -74 -79
273: -74 -80
279: -76 -77
280: -76 -78
281: -76 -79
282: -76 -80
283: -77 -78
284: -77 -79
285: -77 -80
286: -78 -79
287: -78 -80
289: 73 74 75 76 77 78 79 80
299: -82 -85
300: -82 -86
301: -82 -87
302: -82 -88
312: -85 -86
313: -85 -87
314: -85 -88
315: -86 -87
316: -86 -88
317: -87 -88
318: 81 82 83 84 85 86 87 88
322: -89 -93
323: -89 -94
324: -89 -95
325: -89 -96
328: -90 -93
329: -90 -94
342: -93 -95
343: -93 -96
344: -94 -95
346: -95 -96
347: 89 90 91 92 93 94 95 96
348: -97 -98
350: -97 -100
351: -97 -101
352: -97 -102
353: -97 -103
354: -97 -104
356: -98 -100
358: -98 -102
359: -98 -103
360: -98 -104
366: -100 -101
367: -100 -102
368: -100 -103
369: -100 -104
370: -101 -102
371: -101 -103
372: -101 -104
374: -102 -104
375: -103 -104
376: 97 98 99 100 101 102 103 104
377: -105 -106
379: -105 -108
380: -105 -109
381: -105 -110
382: -105 -111
383: -105 -112
385: -106 -108
386: -106 -109
387: -106 -110
388: -106 -111
389: -106 -112
395: -108 -109
396: -108 -110
397: -108 -111
398: -108 -112
400: -109 -111
401: -109 -112
403: -110 -112
404: -111 -112
405: 105 106 107 108 109 110 111 112
406: -113 -114
408: -113 -116
411: -113 -119
412: -113 -120
414: -114 -116
415: -114 -117
416: -114 -118
417: -114 -119
418: -114 -120
424: -116 -117
425: -116 -118
426: -116 -119
427: -116 -120
428: -117 -118
431: -118 -119
432: -118 -120
433: -119 -120
434: 113 114 115 116 117 118 119 120
435: -121 -122
437: -121 -124
438: -121 -125
439: -121 -126
440: -121 -127
441: -121 -128
443: -122 -124
444: -122 -125
445: -122 -126
447: -122 -128
453: -124 -125
454: -124 -126
455: -124 -127
456: -124 -128
457: -125 -126
458: -125 -127
460: -126 -127
463: 121 122 123 124 125 126 127 128
487: -133 -135
488: -133 -136
489: -134 -135
492: 129 130 131 132 133 134 135 136
507: -139 -141
508: -139 -142
509: -139 -143
510: -139 -144
521: 137 138 139 140 141 142 143 144
523: -145 -147
550: 145 146 147 148 149 150 151 152
551: -153 -154
552: -153 -155
553: -153 -156
554: -153 -157
557: -153 -160
566: -155 -158
568: -155 -160
579: 153 154 155 156 157 158 159 160
580: -161 -162
581: -161 -163
582: -161 -164
583: -161 -165
584: -161 -166
585: -161 -167
587: -162 -163
588: -162 -164
590: -162 -166
591: -162 -167
592: -162 -168
593: -163 -164
608: 161 162 163 164 165 166 167 168
609: -169 -170
611: -169 -172
612: -169 -173
613: -169 -174
614: -169 -175
615: -169 -176
616: -170 -171
617: -170 -172
618: -170 -173
619: -170 -174
620: -170 -175
622: -171 -172
637: 169 170 171 172 173 174 175 176
638: -177 -178
642: -177 -182
643: -177 -183
644: -177 -184
645: -178 -179
646: -178 -180
649: -178 -183
650: -178 -184
651: -179 -180
666: 177 178 179 180 181 182 183 184
667: -185 -186
668: -185 -187
669: -185 -188
672: -185 -191
673: -185 -192
674: -186 -187
676: -186 -189
678: -186 -191
680: -187 -188
695: 185 186 187 188 189 190 191 192
719: -197 -199
721: -198 -199
724: 193 194 195 196 197 198 199 200
782: 209 210 211 212 213 214 215 216
811: 217 218 219 220 221 222 223 224
814: -225 -228
816: -225 -230
817: -225 -231
840: 225 226 227 228 229 230 231 232
841: -233 -234
847: -233 -240
869: 233 234 235 236 237 238 239 240
873: -241 -245
898: 241 242 243 244 245 246 247 248
903: -249 -254
927: 249 250 251 252 253 254 255 256
951: -261 -263
956: 257 258 259 260 261 262 263 264
985: 265 266 267 268 269 270 271 272
1014: 273 274 275 276 277 278 279 280
1019: -281 -286
1072: 289 290 291 292 293 294 295 296
1081: -298 -300
1108: -305 -312
1130: 305 306 307 308 309 310 311 312
1158: -319 -320
1159: 313 314 315 316 317 318 319 320
1188: 321 322 323 324 325 326 327 328
1199: -330 -334
1217: 329 330 331 332 333 334 335 336
1246: 337 338 339 340 341 342 343 344
1275: 345 346 347 348 349 350 351 352
1281: -353 -359
1304: 353 354 355 356 357 358 359 360
1333: 361 362 363 364 365 366 367 368
1362: 369 370 371 372 373 374 375 376
1385: -381 -382
1388: -382 -383
1389: -382 -384
1390: -383 -384
1391: 377 378 379 380 381 382 383 384
1420: 385 386 387 388 389 390 391 392
1432: -394 -399
1449: 393 394 395 396 397 398 399 400
1452: -401 -404
1478: 401 402 403 404 405 406 407 408
1479: -409 -410
1485: -409 -416
1491: -410 -416
1496: -411 -416
1507: 409 410 411 412 413 414 415 416
1510: -417 -420
1511: -417 -421
1514: -417 -424
1520: -418 -424
1528: -420 -423
1535: -423 -424
1539: -425 -428
1541: -425 -430
1543: -425 -432
1549: -426 -432
1563: -430 -432
1571: -433 -439
1594: 433 434 435 436 437 438 439 440
1601: -441 -448
1603: -442 -444
1623: 441 442 443 444 445 446 447 448
1637: -451 -452
1652: 449 450 451 452 453 454 455 456
1658: -457 -463
1659: -457 -464
1680: -463 -464
1681: 457 458 459 460 461 462 463 464
1689: -466 -467
1699: -467 -472
1710: 465 466 467 468 469 470 471 472
1725: -475 -477
1739: 473 474 475 476 477 478 479 480
1742: -481 -484
1744: -481 -486
1745: -481 -487
1746: -481 -488
1748: -482 -484
1749: -482 -485
1760: -484 -487
1765: -486 -487
1768: 481 482 483 484 485 486 487 488
1771: -489 -492
1774: -489 -495
1775: -489 -496
1777: -490 -492
1785: -491 -495
1797: 489 490 491 492 493 494 495 496
1798: -497 -498
1806: -498 -500
1807: -498 -501
1808: -498 -502
1810: -498 -504
1826: 497 498 499 500 501 502 503 504
1828: -505 -507
1833: -505 -512
1855: 505 506 507 508 509 510 511 512
2497: -67 -137 -2 73
2506: -67 -138 -11 81
2515: -67 -139 -20 89
2520: -67 -140 -25 65
2533: -67 -141 -38 105
2540: -67 -142 -45 97
2551: -67 -143 -56 121
2558: -67 -144 -63 113
3009: -131 -145 -2 137
3109: -132 -213 -38 169
3116: -132 -214 -45 161
3127: -132 -215 -56 185
3134: -132 -216 -63 177
3146: -133 -274 -11 145
3155: -133 -275 -20 153
3160: -133 -276 -25 129
3180: -133 -278 -45 161
3191: -133 -279 -56 185
3198: -133 -280 -63 177
3210: -134 -338 -11 145
3219: -134 -339 -20 153
3224: -134 -340 -25 129
3237: -134 -341 -38 169
3255: -134 -343 -56 185
3262: -134 -344 -63 177
3274: -135 -402 -11 145
3283: -135 -403 -20 153
3288: -135 -404 -25 129
3301: -135 -405 -38 169
3308: -135 -406 -45 161
3326: -135 -408 -63 177
3338: -136 -466 -11 145
3347: -136 -467 -20 153
3352: -136 -468 -25 129
3365: -136 -469 -38 169
3372: -136 -470 -45 161
3383: -136 -471 -56 185
3608: -196 -220 -25 193
3628: -196 -222 -45 225
3639: -196 -223 -56 249
3646: -196 -224 -63 241
3649: -197 -281 -2 201
3658: -197 -282 -11 209
3667: -197 -283 -20 217
3692: -197 -286 -45 225
3722: -198 -346 -11 209
3731: -198 -347 -20 217
3749: -198 -349 -38 233
3777: -199 -409 -2 201
3786: -199 -410 -11 209
3795: -199 -411 -20 217
3813: -199 -413 -38 233
3838: -199 -416 -63 241
3841: -200 -473 -2 201
3850: -200 -474 -11 209
3859: -200 -475 -20 217
3895: -200 -479 -56 249
3969: -258 -97 -2 265
3978: -258 -98 -11 273
3992: -258 -100 -25 257
4033: -259 -161 -2 265
4042: -259 -162 -11 273
4161: -261 -289 -2 265
4312: -263 -420 -25 257
4350: -263 -424 -63 305
4371: -264 -483 -20 281
4376: -264 -484 -25 257
4389: -264 -485 -38 297
4407: -264 -487 -56 313
4414: -264 -488 -63 305
4481: -322 -105 -2 329
4490: -322 -106 -11 337
4504: -322 -108 -25 321
4517: -322 -109 -38 361
4545: -323 -169 -2 329
4554: -323 -170 -11 337
4737: -326 -361 -2 329
4801: -327 -425 -2 329
4824: -327 -428 -25 321
4888: -328 -492 -25 321
4993: -386 -113 -2 393
5002: -386 -114 -11 401
5016: -386 -116 -25 385
5057: -387 -177 -2 393
5066: -387 -178 -11 401
5185: -389 -305 -2 393
5208: -389 -308 -25 385
5258: -390 -370 -11 401
5505: -450 -121 -2 457
5514: -450 -122 -11 465
5528: -450 -124 -25 449
5569: -451 -185 -2 457
5578: -451 -186 -11 465
5642: -452 -250 -11 465
5656: -452 -252 -25 449
5669: -452 -253 -38 489
5676: -452 -254 -45 481
5687: -452 -255 -56 505
5694: -452 -256 -63 497
5706: -453 -314 -11 465
5715: -453 -315 -20 473
5720: -453 -316 -25 449
5733: -453 -317 -38 489
5740: -453 -318 -45 481
5751: -453 -319 -56 505
5758: -453 -320 -63 497
5770: -454 -378 -11 465
5784: -454 -380 -25 449
5797: -454 -381 -38 489
5804: -454 -382 -45 481
5815: -454 -383 -56 505
5822: -454 -384 -63 497
6115: -11 -133 -100 26
6116: -11 -133 -101 34
6131: -11 -135 -116 26
6137: -11 -136 -122 10
6139: -11 -136 -124 26
6142: -11 -136 -127 50
6676: -76 -203 -85 98
6677: -76 -203 -86 106
6678: -76 -203 -87 114
6679: -76 -203 -88 122
6952: -80 -462 -105 66
7106: -139 -145 -67 146
7128: -139 -148 -89 130
7139: -139 -149 -100 154
7147: -139 -150 -108 154
7155: -139 -151 -116 154
7156: -139 -151 -117 162
7157: -139 -151 -118 170
7163: -139 -152 -124 154
7164: -139 -152 -125 162
7234: -141 -273 -67 146
7241: -141 -274 -74 138
7243: -141 -274 -76 154
7252: -141 -275 -85 162
7254: -141 -275 -87 178
7260: -141 -276 -93 162
7262: -141 -276 -95 178
7263: -141 -276 -96 186
7265: -141 -277 -98 138
7269: -141 -277 -102 170
7270: -141 -277 -103 178
7271: -141 -277 -104 186
7272: -141 -278 -105 130
7284: -141 -279 -117 162
7285: -141 -279 -118 170
7291: -141 -280 -124 154
7292: -141 -280 -125 162
7293: -141 -280 -126 170
7298: -142 -337 -67 146
7305: -142 -338 -74 138
7307: -142 -338 -76 154
7309: -142 -338 -78 170
7310: -142 -338 -79 178
7313: -142 -339 -82 138
7317: -142 -339 -86 170
7318: -142 -339 -87 178
7319: -142 -339 -88 186
7325: -142 -340 -94 170
7326: -142 -340 -95 178
7327: -142 -340 -96 186
7328: -142 -341 -97 130
7337: -142 -342 -106 138
7342: -142 -342 -111 178
7343: -142 -342 -112 186
7345: -142 -343 -114 138
7347: -142 -343 -116 154
7348: -142 -343 -117 162
7349: -142 -343 -118 170
7353: -142 -344 -122 138
7355: -142 -344 -124 154
7356: -142 -344 -125 162
7357: -142 -344 -126 170
7362: -143 -401 -67 146
7369: -143 -402 -74 138
7371: -143 -402 -76 154
7374: -143 -402 -79 178
7382: -143 -403 -87 178
7385: -143 -404 -90 138
7389: -143 -404 -94 170
7390: -143 -404 -95 178
7393: -143 -405 -98 138
7398: -143 -405 -103 178
7399: -143 -405 -104 186
7401: -143 -406 -106 138
7406: -143 -406 -111 178
7407: -143 -406 -112 186
7409: -143 -407 -114 138
7412: -143 -407 -117 162
7414: -143 -407 -119 178
7415: -143 -407 -120 186
7416: -143 -408 -121 130
7426: -144 -465 -67 146
7433: -144 -466 -74 138
7435: -144 -466 -76 154
7439: -144 -466 -80 186
7444: -144 -467 -85 162
7447: -144 -467 -88 186
7452: -144 -468 -93 162
7453: -144 -468 -94 170
7455: -144 -468 -96 186
7463: -144 -469 -104 186
7467: -144 -470 -108 154
7470: -144 -470 -111 178
7472: -144 -471 -113 130
7486: -144 -472 -127 178
7618: -203 -153 -67 210
7625: -203 -154 -74 202
7628: -203 -154 -77 226
7629: -203 -154 -78 234
7630: -203 -154 -79 242
7631: -203 -154 -80 250
7636: -203 -155 -85 226
7648: -203 -157 -97 194
7651: -203 -157 -100 218
7656: -203 -158 -105 194
7664: -203 -159 -113 194
7672: -203 -160 -121 194
8040: -265 -38 -105 258
8041: -265 -38 -106 266
8043: -265 -38 -108 282
8046: -265 -38 -111 306
8123: -266 -104 -124 282
8130: -267 -161 -67 274
8137: -267 -162 -74 266
8194: -268 -225 -67 274
8204: -268 -226 -77 290
8224: -268 -229 -97 258
8312: -269 -296 -121 258
8459: -272 -482 -76 282
8544: -329 -45 -97 322
8547: -329 -45 -100 346
8550: -329 -45 -103 370
8551: -329 -45 -104 378
8642: -331 -169 -67 338
8649: -331 -170 -74 330
8706: -332 -233 -67 338
8744: -332 -238 -105 322
8753: -332 -239 -114 330
8763: -332 -240 -124 346
8808: -333 -302 -105 322
8841: -334 -362 -74 330
8873: -334 -366 -106 330
8888: -334 -368 -121 322
8952: -335 -432 -121 322
8962: -336 -489 -67 338
8969: -336 -490 -74 330
8971: -336 -490 -76 346
8981: -336 -491 -86 362
9080: -393 -56 -121 386
9081: -393 -56 -122 394
9083: -393 -56 -124 410
9154: -395 -177 -67 402
9161: -395 -178 -74 394
9167: -395 -178 -80 442
9282: -397 -305 -67 402
9289: -397 -306 -74 394
9302: -397 -307 -87 434
9304: -397 -308 -89 386
9346: -398 -369 -67 402
9353: -398 -370 -74 394
9366: -398 -371 -87 434
9369: -398 -372 -90 394
9440: -399 -437 -97 386
9448: -399 -438 -105 386
9455: -399 -438 -112 442
9584: -457 -63 -113 450
9585: -457 -63 -114 458
9587: -457 -63 -116 474
9588: -457 -63 -117 482
9589: -457 -63 -118 490
9666: -459 -185 -67 466
9673: -459 -186 -74 458
9677: -459 -186 -78 490
9730: -460 -249 -67 466
9743: -460 -250 -80 506
9758: -460 -252 -95 498
9763: -460 -253 -100 474
9769: -460 -254 -106 458
9776: -460 -255 -113 450
9784: -460 -256 -121 450
9790: -460 -256 -127 498
9865: -462 -378 -74 458
9880: -462 -380 -89 450
10014: -464 -508 -95 498
10016: -464 -509 -97 450
10019: -464 -509 -100 474
10024: -464 -510 -105 450
10272: -20 -197 -161 3
10274: -20 -197 -163 19
10278: -20 -197 -167 51
10280: -20 -198 -169 3
10288: -20 -199 -177 3
10296: -20 -200 -185 3
10665: -82 -78 -170 75
10681: -82 -80 -186 75
10828: -85 -266 -141 99
10831: -85 -266 -144 123
10841: -85 -268 -154 75
10857: -85 -270 -170 75
10865: -85 -271 -178 75
10895: -86 -330 -144 123
10913: -86 -333 -162 75
10929: -86 -335 -178 75
10985: -87 -398 -170 75
11041: -88 -461 -162 75
11049: -88 -462 -170 75
11057: -88 -463 -178 75
11096: -145 -20 -153 131
11098: -145 -20 -155 147
11099: -145 -20 -156 155
11100: -145 -20 -157 163
11102: -145 -20 -159 179
11335: -149 -273 -136 187
11398: -150 -337 -135 179
11399: -150 -337 -136 187
11459: -151 -401 -132 155
11460: -151 -401 -133 163
11461: -151 -401 -134 171
11523: -152 -465 -132 155
11524: -152 -465 -133 163
11525: -152 -465 -134 171
11533: -152 -466 -142 171
11544: -152 -468 -153 131
11682: -210 -93 -163 211
11683: -210 -93 -164 219
11690: -210 -94 -171 211
11691: -210 -94 -172 219
11698: -210 -95 -179 211
11699: -210 -95 -180 219
11706: -210 -96 -187 211
11707: -210 -96 -188 219
12024: -215 -416 -185 195
12137: -273 -38 -170 267
12164: -274 -97 -133 291
12172: -274 -98 -141 291
12175: -274 -98 -144 315
12193: -274 -101 -162 267
12248: -275 -164 -153 259
12265: -275 -166 -170 267
12273: -275 -167 -178 267
12283: -275 -168 -188 283
12312: -276 -228 -153 259
12448: -278 -357 -161 259
12512: -279 -421 -161 259
12536: -279 -424 -185 259
12564: -280 -483 -149 291
12592: -280 -487 -177 259
12641: -337 -45 -162 331
12677: -338 -105 -134 363
12685: -338 -106 -142 363
12713: -338 -110 -170 331
12760: -339 -172 -153 323
12824: -340 -236 -153 323
12904: -341 -302 -169 323
13048: -343 -432 -185 323
13096: -344 -494 -169 323
13104: -344 -495 -177 323
13177: -401 -56 -186 395
13190: -402 -113 -135 435
13198: -402 -114 -143 435
13208: -402 -116 -153 387
13262: -403 -178 -143 435
13272: -403 -180 -153 387
13281: -403 -181 -162 395
13291: -403 -182 -172 411
13326: -404 -242 -143 435
13400: -405 -308 -153 387
13416: -405 -310 -169 387
13424: -405 -311 -177 387
13472: -406 -373 -161 387
13518: -407 -434 -143 435
13681: -465 -63 -178 459
13721: -466 -124 -154 459
13784: -467 -188 -153 451
13790: -467 -188 -159 499
13793: -467 -189 -162 459
13809: -467 -191 -178 459
13848: -468 -252 -153 451
13866: -468 -254 -171 467
13928: -469 -318 -169 451
13944: -469 -320 -185 451
13984: -470 -381 -161 451
14000: -470 -383 -177 451
14152: -25 -2 -201 4
14153: -25 -2 -202 12
14155: -25 -2 -204 28
14156: -25 -2 -205 36
14157: -25 -2 -206 44
14158: -25 -2 -207 52
14159: -25 -2 -208 60
14675: -89 -11 -212 92
14676: -89 -11 -213 100
14677: -89 -11 -214 108
14678: -89 -11 -215 116
14753: -90 -77 -226 76
14761: -90 -78 -234 76
14769: -90 -79 -242 76
14777: -90 -80 -250 76
14917: -93 -265 -198 108
15050: -95 -394 -203 84
15193: -153 -20 -218 140
15195: -153 -20 -220 156
15196: -153 -20 -221 164
15197: -153 -20 -222 172
15198: -153 -20 -223 180
15199: -153 -20 -224 188
15264: -154 -85 -225 132
15271: -154 -85 -232 188
15272: -154 -86 -233 132
15280: -154 -87 -241 132
15288: -154 -88 -249 132
15292: -154 -88 -253 164
15293: -154 -88 -254 172
15939: -221 -281 -196 220
16124: -223 -416 -253 228
16131: -224 -473 -196 220
16232: -281 -38 -233 260
16325: -283 -161 -198 300
16326: -283 -161 -199 308
16327: -283 -161 -200 316
16736: -345 -45 -225 324
16742: -345 -45 -231 372
16838: -347 -169 -199 372
16839: -347 -169 -200 380
17272: -409 -56 -249 388
17275: -409 -56 -252 412
17348: -411 -177 -197 420
17349: -411 -177 -198 428
17351: -411 -177 -200 444
17674: -416 -498 -203 404
17776: -473 -63 -241 452
17802: -474 -122 -203 468
17860: -475 -185 -197 484
17861: -475 -185 -198 492
18058: -478 -378 -203 468
18582: -38 -323 -279 53
18768: -97 -11 -273 69
18769: -97 -11 -274 77
18770: -97 -11 -275 85
18771: -97 -11 -276 93
18772: -97 -11 -277 101
18773: -97 -11 -278 109
18774: -97 -11 -279 117
18775: -97 -11 -280 125
18841: -98 -76 -282 77
18845: -98 -76 -286 109
18961: -100 -203 -274 77
18962: -100 -203 -275 85
18963: -100 -203 -276 93
18964: -100 -203 -277 101
18965: -100 -203 -278 109
18966: -100 -203 -279 117
18967: -100 -203 -280 125
19197: -103 -400 -318 109
19223: -104 -459 -280 125
19289: -161 -20 -282 141
19290: -161 -20 -283 149
19293: -161 -20 -286 173
19295: -161 -20 -288 189
19369: -162 -86 -298 141
19373: -162 -86 -302 173
19376: -162 -87 -305 133
19377: -162 -87 -306 141
19381: -162 -87 -310 173
19384: -162 -88 -313 133
19385: -162 -88 -314 141
19389: -162 -88 -318 173
19467: -164 -210 -268 157
19538: -165 -275 -275 149
19779: -225 -25 -260 221
19783: -225 -25 -264 253
20098: -230 -345 -259 213
20684: -295 -418 -269 293
20832: -353 -45 -289 325
20834: -353 -45 -291 341
20835: -353 -45 -292 349
20836: -353 -45 -293 357
20838: -353 -45 -295 373
20875: -354 -106 -268 349
20939: -355 -170 -268 349
21197: -359 -426 -270 365
21370: -417 -56 -315 405
21372: -417 -56 -317 421
21775: -424 -498 -272 445
21872: -481 -63 -305 453
21873: -481 -63 -306 461
21876: -481 -63 -309 485
21899: -482 -122 -268 477
21900: -482 -122 -269 485
21902: -482 -122 -271 501
22239: -487 -444 -288 509
22254: -487 -446 -303 501
22611: -45 -259 -340 30
22614: -45 -259 -343 54
22624: -45 -261 -353 6
22647: -45 -263 -376 62
22864: -105 -11 -337 70
22865: -105 -11 -338 78
22866: -105 -11 -339 86
22867: -105 -11 -340 94
22868: -105 -11 -341 102
22869: -105 -11 -342 110
22870: -105 -11 -343 118
22871: -105 -11 -344 126
22937: -106 -76 -346 78
23058: -108 -203 -339 86
23059: -108 -203 -340 94
23061: -108 -203 -342 110
23062: -108 -203 -343 118
23063: -108 -203 -344 126
23177: -110 -330 -330 78
23384: -169 -20 -345 134
23385: -169 -20 -346 142
23386: -169 -20 -347 150
23388: -169 -20 -349 166
23389: -169 -20 -350 174
23457: -170 -85 -354 142
23460: -170 -85 -357 166
23472: -170 -87 -369 134
23473: -170 -87 -370 142
23476: -170 -87 -373 166
23481: -170 -88 -378 142
23484: -170 -88 -381 166
23698: -174 -339 -339 150
23879: -233 -25 -328 254
24130: -237 -281 -323 214
24316: -239 -416 -381 230
24426: -297 -38 -363 278
24431: -297 -38 -368 318
25293: -367 -426 -334 366
25469: -425 -56 -382 430
25554: -427 -179 -339 406
25968: -489 -63 -369 454
25972: -489 -63 -373 486
26332: -495 -444 -349 486
26888: -56 -450 -393 7
26913: -56 -453 -418 15
26936: -56 -456 -441 7
26960: -113 -11 -401 71
26961: -113 -11 -402 79
26962: -113 -11 -403 87
26963: -113 -11 -404 95
26964: -113 -11 -405 103
26965: -113 -11 -406 111
26966: -113 -11 -407 119
26967: -113 -11 -408 127
27032: -114 -76 -409 71
27033: -114 -76 -410 79
27035: -114 -76 -412 95
27152: -116 -203 -401 71
27153: -116 -203 -402 79
27154: -116 -203 -403 87
27155: -116 -203 -404 95
27156: -116 -203 -405 103
27157: -116 -203 -406 111
27158: -116 -203 -407 119
27159: -116 -203 -408 127
27337: -119 -394 -394 79
27480: -177 -20 -409 135
27481: -177 -20 -410 143
27482: -177 -20 -411 151
27483: -177 -20 -412 159
27484: -177 -20 -413 167
27485: -177 -20 -414 175
27486: -177 -20 -415 183
27487: -177 -20 -416 191
27535: -178 -82 -400 191
27552: -178 -85 -417 135
27553: -178 -85 -418 143
27559: -178 -85 -424 191
27560: -178 -86 -425 135
27561: -178 -86 -426 143
27567: -178 -86 -432 191
27580: -178 -88 -445 167
27608: -179 -148 -409 135
27631: -179 -150 -432 191
27659: -180 -210 -396 159
27969: -241 -25 -386 207
28418: -248 -473 -387 215
28520: -305 -38 -425 263
28526: -305 -38 -431 311
28527: -305 -38 -432 319
28810: -310 -354 -395 279
28976: -312 -487 -433 263
29024: -369 -45 -417 327
29025: -369 -45 -418 335
29030: -369 -45 -423 375
29031: -369 -45 -424 383
29258: -373 -298 -395 343
29564: -433 -56 -445 423
29566: -433 -56 -447 439
29838: -438 -370 -399 439
30066: -497 -63 -435 471
30068: -497 -63 -437 487
30069: -497 -63 -438 495
30351: -502 -378 -400 511
30920: -63 -386 -457 8
30927: -63 -386 -464 64
30931: -63 -387 -468 32
30933: -63 -387 -470 48
30938: -63 -388 -475 24
30944: -63 -389 -481 8
30947: -63 -389 -484 32
30952: -63 -390 -489 8
30953: -63 -390 -490 16
31056: -121 -11 -465 72
31057: -121 -11 -466 80
31058: -121 -11 -467 88
31059: -121 -11 -468 96
31060: -121 -11 -469 104
31061: -121 -11 -470 112
31062: -121 -11 -471 120
31063: -121 -11 -472 128
31129: -122 -76 -474 80
31249: -124 -203 -466 80
31250: -124 -203 -467 88
31251: -124 -203 -468 96
31252: -124 -203 -469 104
31253: -124 -203 -470 112
31255: -124 -203 -472 128
31576: -185 -20 -473 136
31577: -185 -20 -474 144
31578: -185 -20 -475 152
31580: -185 -20 -477 168
31582: -185 -20 -479 184
31583: -185 -20 -480 192
31648: -186 -85 -481 136
31650: -186 -85 -483 152
31654: -186 -85 -487 184
31656: -186 -86 -489 136
31662: -186 -86 -495 184
31664: -186 -87 -497 136
31666: -186 -87 -499 152
31669: -186 -87 -502 176
31755: -188 -210 -460 160
31964: -191 -404 -477 168
32018: -192 -467 -467 152
32067: -249 -25 -452 224
32616: -313 -38 -489 264
32623: -313 -38 -496 320
32906: -318 -354 -459 280
32942: -318 -358 -495 312
32945: -318 -359 -498 272
33120: -377 -45 -481 328
33126: -377 -45 -487 376
33127: -377 -45 -488 384
33349: -381 -297 -454 368
33354: -381 -298 -459 344
33697: -442 -117 -482 400
33740: -443 -178 -461 424
33870: -445 -306 -463 440
33934: -446 -370 -463 440
34167: -505 -63 -504 512
34415: -509 -318 -496 512
34447: -510 -378 -464 512
34471: -510 -381 -488 512
34481: -510 -383 -498 464
34827: -25 -2 -68 28
34828: -25 -2 -69 36
34829: -25 -2 -70 44
34830: -25 -2 -71 52
34831: -25 -2 -72 60
35348: -89 -67 -141 36
35349: -89 -67 -142 44
35350: -89 -67 -143 52
35351: -89 -67 -144 60
35410: -97 -67 -139 21
35414: -97 -67 -143 53
35474: -105 -67 -139 22
35478: -105 -67 -143 54
35538: -113 -67 -139 23
35540: -113 -67 -141 39
35541: -113 -67 -142 47
35602: -121 -67 -139 24
35605: -121 -67 -142 48
35815: -145 -133 -280 59
35822: -145 -134 -343 51
35823: -145 -134 -344 59
35828: -145 -135 -405 35
35829: -145 -135 -406 43
35837: -145 -136 -470 43
35881: -153 -134 -338 12
35884: -153 -134 -341 36
35886: -153 -134 -343 52
35887: -153 -134 -344 60
35895: -153 -135 -408 60
35897: -153 -136 -466 12
35902: -153 -136 -471 52
35956: -161 -135 -405 37
35964: -161 -136 -469 37
35966: -161 -136 -471 53
36023: -169 -135 -408 62
36135: -185 -133 -280 64
36143: -185 -134 -344 64
36153: -185 -136 -466 16
36444: -225 -196 -221 37
36919: -281 -263 -424 60
37112: -305 -264 -481 7
37263: -329 -322 -112 58
38488: -481 -452 -249 5
38545: -489 -451 -186 14
38712: -505 -456 -505 8
38736: -2 -11 -129 65
38737: -2 -11 -130 73
38738: -2 -11 -131 81
38739: -2 -11 -132 89
38740: -2 -11 -133 97
38741: -2 -11 -134 105
38742: -2 -11 -135 113
38743: -2 -11 -136 121
39386: -82 -76 -203 83
39418: -82 -80 -459 83
39420: -82 -80 -461 99
39514: -98 -76 -203 85
39578: -106 -76 -203 86
39642: -114 -76 -203 87
39969: -154 -141 -274 76
39970: -154 -141 -275 84
39971: -154 -141 -276 92
39974: -154 -141 -279 116
40052: -162 -143 -405 101
40058: -162 -144 -467 85
40060: -162 -144 -469 101
40097: -170 -141 -274 78
40113: -170 -143 -402 78
40117: -170 -143 -406 110
40125: -170 -144 -470 110
40166: -178 -141 -279 119
40170: -178 -142 -339 87
40171: -178 -142 -340 95
40189: -178 -144 -470 111
40233: -186 -142 -338 80
40235: -186 -142 -340 96
40237: -186 -142 -342 112
40239: -186 -142 -344 128
40241: -186 -143 -402 80
40242: -186 -143 -403 88
40243: -186 -143 -404 96
40528: -226 -203 -153 69
40592: -234 -203 -153 70
40720: -250 -203 -153 72
40773: -258 -265 -38 105
40841: -266 -266 -98 74
40843: -266 -266 -100 90
40844: -266 -266 -101 98
40846: -266 -266 -103 114
40901: -274 -265 -38 107
41029: -290 -265 -38 109
41284: -322 -329 -45 97
41352: -330 -330 -105 66
41353: -330 -330 -106 74
41355: -330 -330 -108 90
41359: -330 -330 -112 122
41412: -338 -329 -45 99
41864: -394 -394 -113 66
41865: -394 -394 -114 74
41867: -394 -394 -116 90
41870: -394 -394 -119 114
41927: -402 -393 -56 123
42376: -458 -458 -121 66
42377: -458 -458 -122 74
42438: -466 -457 -63 115
42694: -498 -457 -63 119
42904: -11 -20 -193 130
42905: -11 -20 -194 138
42907: -11 -20 -196 154
42908: -11 -20 -197 162
42909: -11 -20 -198 170
42910: -11 -20 -199 178
42911: -11 -20 -200 186
43330: -67 -81 -11 145
43340: -67 -82 -77 161
43341: -67 -82 -78 169
43343: -67 -82 -80 185
43354: -67 -84 -203 145
43360: -67 -85 -265 129
43361: -67 -85 -266 137
43362: -67 -85 -267 145
43363: -67 -85 -268 153
43364: -67 -85 -269 161
43365: -67 -85 -270 169
43366: -67 -85 -271 177
43367: -67 -85 -272 185
43368: -67 -86 -329 129
43370: -67 -86 -331 145
43371: -67 -86 -332 153
43372: -67 -86 -333 161
43373: -67 -86 -334 169
43375: -67 -86 -336 185
43376: -67 -87 -393 129
43377: -67 -87 -394 137
43378: -67 -87 -395 145
43379: -67 -87 -396 153
43380: -67 -87 -397 161
43382: -67 -87 -399 177
43383: -67 -87 -400 185
43384: -67 -88 -457 129
43385: -67 -88 -458 137
43386: -67 -88 -459 145
43387: -67 -88 -460 153
43388: -67 -88 -461 161
43391: -67 -88 -464 185
43922: -139 -147 -147 146
43933: -139 -148 -214 170
43948: -139 -150 -341 162
43966: -139 -152 -471 178
44163: -171 -145 -20 158
44242: -179 -147 -147 151
44416: -203 -209 -25 130
44424: -203 -210 -89 130
44425: -203 -210 -90 138
44428: -203 -210 -93 162
44429: -203 -210 -94 170
44430: -203 -210 -95 178
44431: -203 -210 -96 186
44448: -203 -213 -281 130
44449: -203 -213 -282 138
44456: -203 -214 -345 130
44457: -203 -214 -346 138
44458: -203 -214 -347 146
44460: -203 -214 -349 162
44461: -203 -214 -350 170
44462: -203 -214 -351 178
44463: -203 -214 -352 186
44464: -203 -215 -409 130
44465: -203 -215 -410 138
44466: -203 -215 -411 146
44467: -203 -215 -412 154
44468: -203 -215 -413 162
44469: -203 -215 -414 170
44470: -203 -215 -415 178
44471: -203 -215 -416 186
44472: -203 -216 -473 130
44474: -203 -216 -475 146
44478: -203 -216 -479 178
44869: -259 -273 -38 169
44939: -267 -274 -100 154
45000: -275 -274 -97 131
45008: -275 -275 -161 131
45009: -275 -275 -162 139
45010: -275 -275 -163 147
45014: -275 -275 -167 179
45380: -323 -337 -45 161
45520: -339 -339 -169 131
45521: -339 -339 -170 139
45522: -339 -339 -171 147
45524: -339 -339 -173 163
45577: -347 -338 -106 140
45895: -387 -401 -56 185
45912: -387 -404 -241 129
45921: -387 -405 -306 137
45945: -387 -408 -498 137
45960: -395 -402 -113 130
45963: -395 -402 -116 154
46032: -403 -403 -177 131
46033: -403 -403 -178 139
46036: -403 -403 -181 163
46089: -411 -402 -114 140
46179: -419 -405 -308 157
46406: -451 -465 -63 177
46441: -451 -470 -378 137
46544: -467 -467 -185 131
46545: -467 -467 -186 139
46598: -475 -465 -63 180
46601: -475 -466 -122 140
46888: -507 -470 -377 136
46889: -507 -470 -378 144
46891: -507 -470 -380 160
46893: -507 -470 -382 176
46894: -507 -470 -383 184
47041: -20 -25 -2 203
47490: -76 -89 -11 210
47554: -84 -89 -11 211
47578: -84 -92 -203 211
47642: -92 -92 -203 212
47682: -100 -89 -11 213
47712: -100 -93 -265 197
47746: -108 -89 -11 214
47784: -108 -94 -329 198
47810: -116 -89 -11 215
47856: -116 -95 -393 199
47874: -124 -89 -11 216
47928: -124 -96 -457 200
47939: -132 -153 -20 217
47948: -132 -154 -85 225
48067: -148 -153 -20 219
48083: -148 -155 -148 219
48323: -180 -153 -20 223
48387: -188 -153 -20 224
48818: -236 -223 -411 214
48976: -260 -283 -161 193
49029: -268 -281 -38 234
49104: -276 -283 -161 195
49232: -292 -283 -161 197
49488: -324 -347 -169 193
49540: -332 -345 -45 226
49544: -332 -346 -105 194
49616: -340 -347 -169 195
49662: -340 -352 -495 243
49744: -356 -347 -169 197
49808: -364 -347 -169 198
49872: -372 -347 -169 199
50000: -388 -411 -177 193
50041: -388 -416 -498 201
50119: -404 -409 -56 251
50128: -404 -411 -177 195
50205: -412 -412 -246 236
50256: -420 -411 -177 197
50320: -428 -411 -177 198
50384: -436 -411 -177 199
50439: -444 -409 -56 256
50448: -444 -411 -177 200
50489: -444 -416 -498 208
50512: -452 -475 -185 193
50528: -452 -477 -313 193
50536: -452 -478 -377 193
50538: -452 -478 -379 209
50539: -452 -478 -380 217
50541: -452 -478 -382 233
50542: -452 -478 -383 241
50566: -460 -473 -63 242
50574: -460 -474 -127 242
50640: -468 -475 -185 195
50679: -468 -479 -448 251
50712: -476 -476 -249 196
50896: -500 -475 -185 199
50960: -508 -475 -185 200
51369: -45 -38 -322 270
51370: -45 -38 -323 278
51371: -45 -38 -324 286
51373: -45 -38 -326 302
51374: -45 -38 -327 310
51375: -45 -38 -328 318
51586: -77 -97 -11 274
51610: -77 -100 -203 274
51650: -85 -97 -11 275
51674: -85 -100 -203 275
51714: -93 -97 -11 276
51738: -93 -100 -203 276
51842: -109 -97 -11 278
51866: -109 -100 -203 278
51906: -117 -97 -11 279
51930: -117 -100 -203 279
51970: -125 -97 -11 280
51994: -125 -100 -203 280
52035: -133 -161 -20 281
52043: -133 -162 -84 281
52045: -133 -162 -86 297
52046: -133 -162 -87 305
52047: -133 -162 -88 313
52105: -141 -162 -82 266
52107: -141 -162 -84 282
52109: -141 -162 -86 298
52110: -141 -162 -87 306
52111: -141 -162 -88 314
52121: -141 -164 -210 266
52154: -141 -168 -467 274
52163: -149 -161 -20 283
52175: -149 -162 -88 315
52419: -181 -161 -20 287
52544: -197 -225 -25 257
52672: -213 -225 -25 259
52714: -213 -230 -347 275
52832: -229 -229 -281 261
52834: -229 -229 -283 277
52864: -237 -225 -25 262
52894: -237 -228 -223 310
52904: -237 -230 -345 262
52928: -245 -225 -25 263
52992: -253 -225 -25 264
53092: -261 -293 -293 289
53636: -333 -353 -45 290
53956: -373 -353 -45 295
54200: -397 -424 -497 258
54215: -405 -417 -56 315
54219: -405 -418 -116 283
54471: -437 -417 -56 319
54535: -445 -417 -56 320
54543: -445 -418 -120 320
54585: -445 -424 -498 272
54598: -453 -481 -63 305
54635: -453 -486 -380 281
54643: -453 -487 -444 281
54728: -469 -482 -121 259
54729: -469 -482 -122 267
54731: -469 -482 -124 283
54736: -469 -483 -185 259
54790: -477 -481 -63 308
54918: -493 -481 -63 310
54927: -493 -482 -128 318
54929: -493 -483 -186 270
55046: -509 -481 -63 312
55393: -38 -45 -258 333
55394: -38 -45 -259 341
55395: -38 -45 -260 349
55396: -38 -45 -261 357
55398: -38 -45 -263 373
55399: -38 -45 -264 381
55682: -78 -105 -11 338
55706: -78 -108 -203 338
55746: -86 -105 -11 339
55770: -86 -108 -203 339
55810: -94 -105 -11 340
55834: -94 -108 -203 340
55874: -102 -105 -11 341
55898: -102 -108 -203 341
56002: -118 -105 -11 343
56026: -118 -108 -203 343
56066: -126 -105 -11 344
56090: -126 -108 -203 344
56131: -134 -169 -20 345
56140: -134 -170 -85 353
56142: -134 -170 -87 369
56144: -134 -171 -145 321
56186: -134 -176 -467 337
56195: -142 -169 -20 346
56201: -142 -170 -82 330
56203: -142 -170 -84 346
56204: -142 -170 -85 354
56206: -142 -170 -87 370
56207: -142 -170 -88 378
56217: -142 -172 -210 330
56259: -150 -169 -20 347
56268: -150 -170 -85 355
56270: -150 -170 -87 371
56323: -158 -169 -20 348
56515: -182 -169 -20 351
56640: -198 -233 -25 321
56648: -198 -234 -89 321
56768: -214 -233 -25 323
56896: -230 -233 -25 325
56928: -230 -237 -281 325
57000: -238 -238 -345 326
57002: -238 -238 -347 342
57024: -246 -233 -25 327
57088: -254 -233 -25 328
57221: -270 -297 -38 362
57709: -326 -366 -366 361
57773: -334 -366 -366 362
58211: -390 -429 -308 345
58233: -390 -432 -498 329
58296: -398 -432 -497 322
58315: -406 -426 -116 347
58631: -446 -425 -56 384
58639: -446 -426 -120 384
58681: -446 -432 -498 336
58694: -454 -489 -63 369
58740: -454 -495 -445 353
58822: -470 -489 -63 371
58824: -470 -490 -121 323
58886: -478 -489 -63 372
58953: -486 -490 -122 333
59142: -510 -489 -63 376
59145: -510 -490 -122 336
59705: -63 -56 -450 400
59706: -63 -56 -451 408
59707: -63 -56 -452 416
59708: -63 -56 -453 424
59709: -63 -56 -454 432
59711: -63 -56 -456 448
59778: -79 -113 -11 402
59802: -79 -116 -203 402
59842: -87 -113 -11 403
59866: -87 -116 -203 403
59906: -95 -113 -11 404
59930: -95 -116 -203 404
59970: -103 -113 -11 405
59994: -103 -116 -203 405
60034: -111 -113 -11 406
60058: -111 -116 -203 406
60162: -127 -113 -11 408
60186: -127 -116 -203 408
60227: -135 -177 -20 409
60235: -135 -178 -84 409
60236: -135 -178 -85 417
60237: -135 -178 -86 425
60239: -135 -178 -88 441
60240: -135 -179 -145 385
60258: -135 -181 -275 401
60291: -143 -177 -20 410
60297: -143 -178 -82 394
60299: -143 -178 -84 410
60300: -143 -178 -85 418
60301: -143 -178 -86 426
60302: -143 -178 -87 434
60303: -143 -178 -88 442
60308: -143 -179 -149 418
60313: -143 -180 -210 394
60355: -151 -177 -20 411
60367: -151 -178 -88 443
60377: -151 -180 -210 395
60483: -167 -177 -20 413
60547: -175 -177 -20 414
60675: -191 -177 -20 416
60736: -199 -241 -25 385
60744: -199 -242 -89 385
61056: -239 -241 -25 390
61168: -247 -247 -409 391
61175: -247 -247 -416 447
61184: -255 -241 -25 392
61253: -263 -305 -38 425
61352: -271 -310 -353 386
61384: -279 -306 -97 387
61387: -279 -306 -100 411
61392: -279 -307 -161 387
61509: -295 -305 -38 429
61573: -303 -305 -38 430
61701: -319 -305 -38 432
61892: -343 -369 -45 419
61899: -343 -370 -108 411
61904: -343 -371 -169 387
61912: -343 -372 -233 387
62084: -367 -369 -45 422
62199: -375 -375 -432 447
62212: -383 -369 -45 424
62369: -399 -437 -306 394
62727: -447 -433 -56 448
62854: -463 -497 -63 434
63729: -56 -63 -386 463
63730: -56 -63 -387 471
63731: -56 -63 -388 479
63732: -56 -63 -389 487
63733: -56 -63 -390 495
63734: -56 -63 -391 503
63874: -80 -121 -11 466
63898: -80 -124 -203 466
63938: -88 -121 -11 467
63962: -88 -124 -203 467
64002: -96 -121 -11 468
64026: -96 -124 -203 468
64066: -104 -121 -11 469
64090: -104 -124 -203 469
64130: -112 -121 -11 470
64154: -112 -124 -203 470
64194: -120 -121 -11 471
64218: -120 -124 -203 471
64323: -136 -185 -20 473
64329: -136 -186 -82 457
64332: -136 -186 -85 481
64333: -136 -186 -86 489
64334: -136 -186 -87 497
64335: -136 -186 -88 505
64371: -136 -191 -404 473
64395: -144 -186 -84 474
64396: -144 -186 -85 482
64397: -144 -186 -86 490
64398: -144 -186 -87 498
64409: -144 -188 -210 458
64418: -144 -189 -275 466
64451: -152 -185 -20 475
64461: -152 -186 -86 491
64473: -152 -188 -210 459
64528: -160 -187 -145 452
64643: -176 -185 -20 478
64755: -184 -191 -404 479
64832: -200 -249 -25 449
64960: -216 -249 -25 451
65088: -232 -249 -25 453
65152: -240 -249 -25 454
65216: -248 -249 -25 455
65336: -256 -256 -473 456
65496: -280 -316 -225 451
65499: -280 -316 -228 475
65502: -280 -316 -231 499
65740: -312 -314 -101 487
65744: -312 -315 -161 455
65752: -312 -316 -225 455
65850: -320 -320 -483 472
65854: -320 -320 -487 504
65855: -320 -320 -488 512
65860: -328 -377 -45 481
65934: -336 -378 -111 498
66244: -376 -377 -45 487
66256: -376 -379 -169 455
66257: -376 -379 -170 463
66264: -376 -380 -233 455
66352: -384 -383 -425 456
66360: -384 -384 -489 456
66366: -384 -384 -495 504
66599: -416 -445 -312 508
66943: -456 -512 -512 505
67142: -488 -505 -63 501
67199: -488 -512 -512 509
67270: -504 -505 -63 503
67529: -17 -11 -2 66
67601: -25 -20 -2 67
68114: -89 -20 -67 139
68202: -97 -45 -67 142
68258: -105 -38 -67 141
68346: -113 -63 -67 144
68402: -121 -56 -67 143
68556: -145 -11 -133 274
68557: -145 -11 -134 338
68558: -145 -11 -135 402
68559: -145 -11 -136 466
68628: -153 -20 -133 275
68629: -153 -20 -134 339
68630: -153 -20 -135 403
68631: -153 -20 -136 467
68715: -161 -45 -132 214
68716: -161 -45 -133 278
68717: -161 -45 -134 342
68718: -161 -45 -135 406
68719: -161 -45 -136 470
68771: -169 -38 -132 213
68772: -169 -38 -133 277
68773: -169 -38 -134 341
68774: -169 -38 -135 405
68775: -169 -38 -136 469
68859: -177 -63 -132 216
68860: -177 -63 -133 280
68861: -177 -63 -134 344
68862: -177 -63 -135 408
68863: -177 -63 -136 472
68915: -185 -56 -132 215
68916: -185 -56 -133 279
68917: -185 -56 -134 343
68918: -185 -56 -135 407
68919: -185 -56 -136 471
69227: -225 -45 -196 222
69283: -233 -38 -196 221
69284: -233 -38 -197 285
69287: -233 -38 -200 477
69371: -241 -63 -196 224
69372: -241 -63 -197 288
69427: -249 -56 -196 223
69429: -249 -56 -198 351
69464: -257 -25 -257 36
69505: -265 -2 -258 97
69649: -281 -20 -258 99
69651: -281 -20 -260 227
69654: -281 -20 -263 419
69655: -281 -20 -264 483
69796: -297 -38 -261 293
69881: -305 -63 -258 104
69882: -305 -63 -259 168
69884: -305 -63 -261 296
69886: -305 -63 -263 424
69939: -313 -56 -260 231
69942: -313 -56 -263 423
69943: -313 -56 -264 487
69976: -321 -25 -321 44
70018: -329 -2 -323 169
70161: -345 -20 -322 107
70163: -345 -20 -324 235
70249: -353 -45 -322 110
70251: -353 -45 -324 238
70253: -353 -45 -326 366
70393: -369 -63 -322 112
70394: -369 -63 -323 176
70397: -369 -63 -326 368
70398: -369 -63 -327 432
70449: -377 -56 -322 111
70453: -377 -56 -326 367
70454: -377 -56 -327 431
70488: -385 -25 -385 52
70529: -393 -2 -386 113
70673: -409 -20 -386 115
70674: -409 -20 -387 179
70675: -409 -20 -388 243
70676: -409 -20 -389 307
70763: -417 -45 -388 246
70764: -417 -45 -389 310
70905: -433 -63 -386 120
70908: -433 -63 -389 312
71000: -449 -25 -449 60
71041: -457 -2 -450 121
71042: -457 -2 -451 185
71043: -457 -2 -452 249
71185: -473 -20 -450 123
71187: -473 -20 -452 251
71188: -473 -20 -453 315
71189: -473 -20 -454 379
71191: -473 -20 -456 507
71273: -481 -45 -450 126
71276: -481 -45 -453 318
71277: -481 -45 -454 382
71331: -489 -38 -452 253
71332: -489 -38 -453 317
71417: -497 -63 -450 128
71419: -497 -63 -452 256
71423: -497 -63 -456 512
71506: -2 -81 -11 131
71514: -2 -89 -11 132
71522: -2 -97 -11 133
71530: -2 -105 -11 134
71538: -2 -113 -11 135
71546: -2 -121 -11 136
72081: -74 -82 -74 75
72089: -74 -90 -74 76
72097: -74 -98 -74 77
72105: -74 -106 -74 78
72113: -74 -114 -74 79
72121: -74 -122 -74 80
72132: -82 -67 -77 265
72133: -82 -67 -78 329
72134: -82 -67 -79 393
72135: -82 -67 -80 457
72229: -90 -100 -78 333
72230: -90 -100 -79 397
72236: -90 -108 -77 270
72237: -90 -108 -78 334
72247: -90 -116 -80 463
72254: -90 -124 -79 400
72277: -98 -85 -78 331
72278: -98 -85 -79 395
72279: -98 -85 -80 459
72287: -98 -93 -80 460
72340: -106 -86 -77 267
72342: -106 -86 -79 395
72343: -106 -86 -80 459
72350: -106 -94 -79 396
72351: -106 -94 -80 460
72355: -106 -102 -76 205
72404: -114 -87 -77 267
72405: -114 -87 -78 331
72407: -114 -87 -80 459
72411: -114 -95 -76 204
72468: -122 -88 -77 267
72469: -122 -88 -78 331
72476: -122 -96 -77 268
72477: -122 -96 -78 332
72483: -122 -104 -76 205
72740: -154 -100 -141 277
72742: -154 -100 -143 405
72743: -154 -100 -144 469
72749: -154 -108 -142 342
72750: -154 -108 -143 406
72751: -154 -108 -144 470
72754: -154 -116 -139 151
72756: -154 -116 -141 279
72757: -154 -116 -142 343
72758: -154 -116 -143 407
72764: -154 -124 -141 280
72765: -154 -124 -142 344
72767: -154 -124 -144 472
72780: -162 -77 -141 274
72781: -162 -77 -142 338
72786: -162 -85 -139 147
72788: -162 -85 -141 275
72790: -162 -85 -143 403
72791: -162 -85 -144 467
72796: -162 -93 -141 276
72798: -162 -93 -143 404
72799: -162 -93 -144 468
72802: -162 -101 -139 149
72806: -162 -101 -143 405
72815: -162 -109 -144 470
72818: -162 -117 -139 151
72821: -162 -117 -142 343
72822: -162 -117 -143 407
72826: -162 -125 -139 152
72844: -170 -78 -141 274
72847: -170 -78 -144 466
72850: -170 -86 -139 147
72853: -170 -86 -142 339
72854: -170 -86 -143 403
72855: -170 -86 -144 467
72861: -170 -94 -142 340
72862: -170 -94 -143 404
72863: -170 -94 -144 468
72871: -170 -102 -144 469
72874: -170 -110 -139 150
72879: -170 -110 -144 470
72882: -170 -118 -139 151
72884: -170 -118 -141 279
72886: -170 -118 -143 407
72890: -170 -126 -139 152
72892: -170 -126 -141 280
72914: -178 -87 -139 147
72916: -178 -87 -141 275
72917: -178 -87 -142 339
72918: -178 -87 -143 403
72924: -178 -95 -141 276
72925: -178 -95 -142 340
72930: -178 -103 -139 149
72935: -178 -103 -144 469
72938: -178 -111 -139 150
72943: -178 -111 -144 470
72946: -178 -119 -139 151
72950: -178 -119 -143 407
72970: -186 -80 -139 146
72974: -186 -80 -143 402
72975: -186 -80 -144 466
72978: -186 -88 -139 147
72980: -186 -88 -141 275
72981: -186 -88 -142 339
72983: -186 -88 -144 467
72988: -186 -96 -141 276
72989: -186 -96 -142 340
72998: -186 -104 -143 405
73006: -186 -112 -143 406
73010: -186 -120 -139 151
73018: -186 -128 -139 152
73021: -186 -128 -142 344
73154: -210 -67 -203 153
73322: -226 -109 -203 158
73338: -226 -125 -203 160
73378: -234 -102 -203 157
73466: -242 -127 -203 160
73522: -250 -120 -203 159
73609: -266 -74 -266 98
73617: -266 -82 -266 99
73657: -266 -122 -266 104
73666: -274 -67 -267 161
73669: -274 -67 -270 353
73814: -290 -85 -271 419
73815: -290 -85 -272 483
73875: -298 -86 -268 227
73876: -298 -86 -269 291
73939: -306 -87 -268 227
73950: -306 -95 -271 420
73958: -306 -103 -271 421
73964: -306 -111 -269 294
74012: -314 -96 -269 292
74121: -330 -74 -330 106
74129: -330 -82 -330 107
74137: -330 -90 -330 108
74153: -330 -106 -330 110
74178: -338 -67 -331 169
74180: -338 -67 -333 297
74181: -338 -67 -334 361
74323: -354 -85 -332 235
74324: -354 -85 -333 299
74325: -354 -85 -334 363
74349: -354 -109 -334 366
74391: -362 -86 -336 491
74451: -370 -87 -332 235
74462: -370 -95 -335 428
74469: -370 -103 -334 365
74525: -378 -96 -334 364
74543: -378 -112 -336 494
74608: -386 -113 -393 55
74633: -394 -74 -394 114
74641: -394 -82 -394 115
74665: -394 -106 -394 118
74695: -402 -67 -400 497
74835: -418 -85 -396 243
74844: -418 -93 -397 308
74899: -426 -86 -396 243
74909: -426 -94 -398 372
74942: -426 -126 -399 440
74964: -434 -87 -397 307
74965: -434 -87 -398 371
75027: -442 -88 -396 243
75145: -458 -74 -458 122
75177: -458 -106 -458 126
75202: -466 -67 -459 185
75203: -466 -67 -460 249
75206: -466 -67 -463 441
75207: -466 -67 -464 505
75347: -482 -85 -460 251
75383: -482 -117 -464 511
75429: -490 -102 -462 381
75447: -490 -118 -464 511
75455: -490 -126 -464 512
75464: -498 -79 -457 58
75667: -11 -146 -20 195
75675: -11 -154 -20 196
75683: -11 -162 -20 197
75691: -11 -170 -20 198
75699: -11 -178 -20 199
75707: -11 -186 -20 200
76113: -67 -145 -82 75
76116: -67 -145 -85 267
76117: -67 -145 -86 331
76118: -67 -145 -87 395
76119: -67 -145 -88 459
76121: -67 -153 -82 76
76123: -67 -153 -84 204
76124: -67 -153 -85 268
76125: -67 -153 -86 332
76126: -67 -153 -87 396
76127: -67 -153 -88 460
76129: -67 -161 -82 77
76132: -67 -161 -85 269
76133: -67 -161 -86 333
76134: -67 -161 -87 397
76135: -67 -161 -88 461
76137: -67 -169 -82 78
76140: -67 -169 -85 270
76141: -67 -169 -86 334
76142: -67 -169 -87 398
76143: -67 -169 -88 462
76145: -67 -177 -82 79
76148: -67 -177 -85 271
76149: -67 -177 -86 335
76150: -67 -177 -87 399
76151: -67 -177 -88 463
76153: -67 -185 -82 80
76156: -67 -185 -85 272
76157: -67 -185 -86 336
76158: -67 -185 -87 400
76159: -67 -185 -88 464
76702: -139 -154 -151 404
76709: -139 -162 -150 341
76710: -139 -162 -151 405
76711: -139 -162 -152 469
76716: -139 -170 -149 278
76718: -139 -170 -151 406
76719: -139 -170 -152 470
76724: -139 -178 -149 279
76725: -139 -178 -150 343
76727: -139 -178 -152 471
76732: -139 -186 -149 280
76733: -139 -186 -150 344
76734: -139 -186 -151 408
76864: -163 -133 -145 17
76872: -163 -141 -145 18
76936: -171 -142 -145 18
76996: -179 -135 -149 273
77000: -179 -143 -145 18
77064: -187 -144 -145 18
77068: -187 -144 -149 274
77212: -203 -154 -213 284
77213: -203 -154 -214 348
77214: -203 -154 -215 412
77215: -203 -154 -216 476
77217: -203 -162 -210 93
77219: -203 -162 -212 221
77221: -203 -162 -214 349
77222: -203 -162 -215 413
77223: -203 -162 -216 477
77225: -203 -170 -210 94
77227: -203 -170 -212 222
77228: -203 -170 -213 286
77230: -203 -170 -215 414
77231: -203 -170 -216 478
77233: -203 -178 -210 95
77235: -203 -178 -212 223
77236: -203 -178 -213 287
77237: -203 -178 -214 351
77239: -203 -178 -216 479
77241: -203 -186 -210 96
77243: -203 -186 -212 224
77244: -203 -186 -213 288
77245: -203 -186 -214 352
77246: -203 -186 -215 416
77675: -259 -169 -276 230
77678: -259 -169 -279 422
77679: -259 -169 -280 486
77770: -275 -139 -275 162
77778: -275 -147 -275 163
77786: -275 -155 -275 164
77794: -275 -163 -275 165
77802: -275 -171 -275 166
77810: -275 -179 -275 167
77818: -275 -187 -275 168
77830: -283 -132 -279 417
77831: -283 -132 -280 481
77899: -291 -141 -276 226
78179: -323 -161 -340 237
78181: -323 -161 -342 365
78182: -323 -161 -343 429
78183: -323 -161 -344 493
78282: -339 -139 -339 170
78306: -339 -163 -339 173
78322: -339 -179 -339 175
78342: -347 -132 -343 425
78343: -347 -132 -344 489
78475: -363 -142 -340 234
78705: -387 -177 -402 119
78708: -387 -177 -405 311
78709: -387 -177 -406 375
78715: -387 -185 -404 248
78716: -387 -185 -405 312
78717: -387 -185 -406 376
78756: -395 -162 -405 309
78757: -395 -162 -406 373
78794: -403 -139 -403 178
78834: -403 -179 -403 183
78842: -403 -187 -403 184
78852: -411 -132 -405 305
78853: -411 -132 -406 369
78924: -419 -141 -405 306
79044: -435 -135 -405 305
79116: -443 -144 -405 306
79200: -451 -161 -465 61
79219: -451 -177 -468 255
79220: -451 -177 -469 319
79221: -451 -177 -470 383
79223: -451 -177 -472 511
79269: -459 -162 -470 381
79275: -459 -170 -468 254
79276: -459 -170 -469 318
79294: -459 -186 -471 448
79306: -467 -139 -467 186
79330: -467 -163 -467 189
79338: -467 -171 -467 190
79346: -467 -179 -467 191
79354: -467 -187 -467 192
79364: -475 -132 -469 313
79365: -475 -132 -470 377
79501: -491 -142 -470 378
79621: -507 -136 -470 377
79622: -507 -136 -471 441
79653: -507 -168 -470 381
79808: -20 -195 -25 1
79824: -20 -211 -25 3
79832: -20 -219 -25 4
79840: -20 -227 -25 5
79848: -20 -235 -25 6
79856: -20 -243 -25 7
79864: -20 -251 -25 8
80293: -76 -226 -94 333
80332: -84 -203 -93 266
80333: -84 -203 -94 330
80334: -84 -203 -95 394
80335: -84 -203 -96 458
80387: -92 -196 -92 201
80448: -100 -197 -89 9
80449: -100 -197 -90 73
80452: -100 -197 -93 265
80454: -100 -197 -95 393
80455: -100 -197 -96 457
80465: -100 -213 -90 75
80469: -100 -213 -94 331
80478: -100 -221 -95 396
80510: -100 -253 -95 400
80512: -108 -198 -89 9
80513: -108 -198 -90 73
80517: -108 -198 -94 329
80518: -108 -198 -95 393
80519: -108 -198 -96 457
80529: -108 -214 -90 75
80532: -108 -214 -93 267
80534: -108 -214 -95 395
80542: -108 -222 -95 396
80574: -108 -254 -95 400
80576: -116 -199 -89 9
80577: -116 -199 -90 73
80580: -116 -199 -93 265
80581: -116 -199 -94 329
80582: -116 -199 -95 393
80593: -116 -215 -90 75
80596: -116 -215 -93 267
80601: -116 -223 -90 76
80604: -116 -223 -93 268
80605: -116 -223 -94 332
80617: -116 -239 -90 78
80625: -116 -247 -90 79
80633: -116 -255 -90 80
80640: -124 -200 -89 9
80641: -124 -200 -90 73
80644: -124 -200 -93 265
80645: -124 -200 -94 329
80647: -124 -200 -96 457
80657: -124 -216 -90 75
80661: -124 -216 -94 331
80662: -124 -216 -95 395
80668: -124 -224 -93 268
80669: -124 -224 -94 332
80676: -124 -232 -93 269
80677: -124 -232 -94 333
80685: -124 -240 -94 334
80687: -124 -240 -96 462
80737: -132 -225 -154 85
80745: -132 -233 -154 86
80759: -132 -241 -160 471
80847: -148 -203 -160 466
81208: -188 -256 -153 24
81253: -196 -225 -222 349
81260: -196 -233 -221 286
81271: -196 -241 -224 479
81278: -196 -249 -223 416
81574: -236 -230 -223 413
81605: -244 -199 -222 345
81866: -276 -203 -283 162
81868: -276 -203 -285 290
81870: -276 -203 -287 418
81923: -284 -196 -284 225
82323: -332 -210 -348 235
82325: -332 -210 -350 363
82326: -332 -210 -351 427
82327: -332 -210 -352 491
82378: -340 -203 -347 170
82382: -340 -203 -351 426
82435: -348 -196 -348 233
82889: -404 -203 -410 114
82890: -404 -203 -411 178
82892: -404 -203 -413 306
82893: -404 -203 -414 370
82894: -404 -203 -415 434
82895: -404 -203 -416 498
82947: -412 -196 -412 241
83301: -452 -225 -478 381
83309: -452 -233 -478 382
83317: -452 -241 -478 383
83322: -452 -249 -475 192
83324: -452 -249 -477 320
83325: -452 -249 -478 384
83348: -460 -210 -477 315
83351: -460 -210 -480 507
83402: -468 -203 -475 186
83404: -468 -203 -477 314
83405: -468 -203 -478 378
83459: -476 -196 -476 249
84101: -45 -262 -38 321
84109: -45 -270 -38 322
84117: -45 -278 -38 323
84125: -45 -286 -38 324
84133: -45 -294 -38 325
84141: -45 -302 -38 326
84149: -45 -310 -38 327
84157: -45 -318 -38 328
84359: -77 -258 -104 457
84407: -77 -306 -104 463
84416: -85 -259 -97 9
84417: -85 -259 -98 73
84419: -85 -259 -100 201
84425: -85 -267 -98 74
84429: -85 -267 -102 330
84430: -85 -267 -103 394
84431: -85 -267 -104 458
84438: -85 -275 -103 395
84440: -85 -283 -97 12
84446: -85 -283 -103 396
84447: -85 -283 -104 460
84449: -85 -291 -98 77
84456: -85 -299 -97 14
84473: -85 -315 -98 80
84478: -85 -315 -103 400
84483: -93 -260 -100 201
84497: -93 -276 -98 75
84501: -93 -276 -102 331
84531: -93 -308 -100 207
84596: -101 -309 -101 271
84672: -117 -263 -97 9
84679: -117 -263 -104 457
84687: -117 -271 -104 458
84689: -117 -279 -98 75
84694: -117 -279 -103 395
84696: -117 -287 -97 12
84699: -117 -287 -100 204
84759: -125 -280 -104 459
84763: -125 -288 -100 204
84808: -133 -265 -161 18
84809: -133 -265 -162 82
84825: -133 -281 -162 84
84832: -133 -289 -161 21
84840: -133 -297 -161 22
84841: -133 -297 -162 86
84863: -133 -313 -168 472
84881: -141 -274 -162 83
84883: -141 -274 -164 211
84886: -141 -274 -167 403
84887: -141 -274 -168 467
84960: -149 -291 -161 21
85008: -157 -276 -161 19
85041: -157 -308 -162 87
85296: -189 -312 -161 23
85374: -197 -313 -231 416
85651: -237 -278 -228 219
85895: -269 -258 -296 481
86400: -333 -258 -353 41
86534: -349 -260 -359 425
86596: -357 -261 -357 297
86721: -373 -263 -354 105
86722: -373 -263 -355 169
86723: -373 -263 -356 233
86727: -373 -263 -360 489
86736: -373 -279 -353 43
86800: -381 -280 -353 43
86879: -389 -281 -424 500
87000: -405 -283 -417 52
87231: -429 -318 -424 504
87303: -445 -264 -424 497
87335: -445 -296 -424 501
87343: -445 -304 -424 502
87422: -453 -313 -487 448
87504: -469 -275 -481 59
87506: -469 -275 -483 187
87507: -469 -275 -484 251
87511: -469 -275 -488 507
87699: -493 -278 -484 251
87701: -493 -278 -486 379
87769: -501 -287 -482 124
88132: -38 -325 -45 257
88140: -38 -333 -45 258
88148: -38 -341 -45 259
88156: -38 -349 -45 260
88164: -38 -357 -45 261
88172: -38 -365 -45 262
88180: -38 -373 -45 263
88188: -38 -381 -45 264
88503: -78 -370 -112 463
88512: -86 -323 -105 9
88513: -86 -323 -106 73
88515: -86 -323 -108 201
88524: -86 -331 -109 266
88526: -86 -331 -111 394
88527: -86 -331 -112 458
88529: -86 -339 -106 75
88534: -86 -339 -111 395
88542: -86 -347 -111 396
88545: -86 -355 -106 77
88553: -86 -363 -106 78
88569: -86 -379 -106 80
88574: -86 -379 -111 400
88579: -94 -324 -108 201
88596: -94 -340 -109 267
88603: -94 -348 -108 204
88627: -94 -372 -108 207
88765: -110 -382 -110 336
88775: -118 -327 -112 457
88783: -118 -335 -112 458
88790: -118 -343 -111 395
88792: -118 -351 -105 12
88795: -118 -351 -108 204
88855: -126 -344 -112 459
88856: -126 -352 -105 12
88859: -126 -352 -108 204
88860: -126 -352 -109 268
88977: -142 -338 -170 83
89024: -150 -323 -169 17
89072: -150 -371 -169 23
89392: -190 -376 -169 23
89459: -198 -369 -236 223
89460: -198 -369 -237 287
89462: -198 -369 -239 415
89537: -214 -323 -234 89
89683: -230 -341 -236 219
90048: -278 -323 -297 33
90052: -278 -323 -301 289
90245: -302 -326 -302 353
90293: -302 -374 -302 359
90320: -310 -343 -297 35
90368: -318 -328 -297 33
90535: -334 -354 -368 493
90555: -334 -378 -364 240
90983: -390 -353 -432 501
90999: -390 -369 -432 503
91002: -390 -377 -427 184
91006: -390 -377 -431 440
91399: -446 -328 -432 497
91431: -446 -360 -432 501
91439: -446 -368 -432 502
91602: -470 -339 -491 187
91648: -478 -324 -489 57
91797: -494 -342 -494 379
91886: -502 -367 -495 446
91920: -510 -344 -489 59
92423: -63 -392 -56 449
92431: -63 -400 -56 450
92439: -63 -408 -56 451
92447: -63 -416 -56 452
92455: -63 -424 -56 453
92463: -63 -432 -56 454
92471: -63 -440 -56 455
92479: -63 -448 -56 456
92611: -87 -387 -116 201
92620: -87 -395 -117 266
92621: -87 -395 -118 330
92628: -87 -403 -117 267
92636: -87 -411 -117 268
92637: -87 -411 -118 332
92645: -87 -419 -118 333
92652: -87 -427 -117 270
92657: -87 -435 -114 79
92659: -87 -435 -116 207
92660: -87 -435 -117 271
92661: -87 -435 -118 335
92665: -87 -443 -114 80
92675: -95 -388 -116 201
92695: -95 -404 -120 459
92707: -95 -420 -116 205
92715: -95 -428 -116 206
92739: -103 -389 -116 201
92756: -103 -405 -117 267
92761: -103 -413 -114 76
92763: -103 -413 -116 204
92767: -103 -413 -120 460
92771: -103 -421 -116 205
92803: -111 -390 -116 201
92804: -111 -390 -117 265
92821: -111 -406 -118 331
92827: -111 -414 -116 204
92878: -119 -399 -119 394
92886: -119 -407 -119 395
92894: -119 -415 -119 396
92910: -119 -431 -119 398
92918: -119 -439 -119 399
92936: -127 -400 -113 10
93000: -135 -393 -177 18
93057: -143 -386 -178 81
93065: -143 -394 -178 82
93066: -143 -394 -179 146
93073: -143 -402 -178 83
93074: -143 -402 -179 147
93075: -143 -402 -180 211
93076: -143 -402 -181 275
93077: -143 -402 -182 339
93097: -143 -426 -178 86
93105: -143 -434 -178 87
93106: -143 -434 -179 151
93113: -143 -442 -178 88
93200: -159 -404 -177 19
93250: -167 -389 -179 145
93541: -199 -417 -246 349
93549: -199 -425 -246 350
93633: -215 -387 -242 89
93768: -231 -397 -241 26
93971: -255 -408 -244 219
93975: -255 -408 -248 475
94397: -303 -446 -310 360
94422: -311 -407 -311 419
94481: -319 -408 -306 99
94482: -319 -408 -307 163
94483: -319 -408 -308 227
94487: -319 -408 -312 483
94674: -343 -403 -371 171
94844: -359 -445 -373 304
94934: -375 -407 -375 427
94993: -383 -408 -370 107
95164: -399 -442 -437 312
95165: -399 -442 -438 376
95617: -463 -386 -498 121
95620: -463 -386 -501 313
95681: -471 -387 -498 121
95684: -471 -387 -501 313
95745: -479 -388 -498 121
95748: -479 -388 -501 313
95801: -479 -444 -498 128
95808: -487 -389 -497 57
95809: -487 -389 -498 121
95815: -487 -389 -504 505
95825: -487 -405 -498 123
95865: -487 -445 -498 128
95872: -495 -390 -497 57
95873: -495 -390 -498 121
95874: -495 -390 -499 185
95875: -495 -390 -500 249
95876: -495 -390 -501 313
95877: -495 -390 -502 377
95879: -495 -390 -504 505
95881: -495 -398 -498 122
95888: -495 -406 -497 59
95929: -495 -446 -498 128
95942: -503 -391 -503 441
96454: -56 -455 -63 385
96462: -56 -463 -63 386
96470: -56 -471 -63 387
96478: -56 -479 -63 388
96486: -56 -487 -63 389
96494: -56 -495 -63 390
96502: -56 -503 -63 391
96510: -56 -511 -63 392
96705: -88 -451 -122 73
96707: -88 -451 -124 201
96710: -88 -451 -127 393
96713: -88 -459 -122 74
96716: -88 -459 -125 266
96717: -88 -459 -126 330
96728: -88 -475 -121 12
96736: -88 -483 -121 13
96753: -88 -499 -122 79
96755: -88 -499 -124 207
96760: -88 -507 -121 16
96761: -88 -507 -122 80
96768: -96 -452 -121 9
96769: -96 -452 -122 73
96771: -96 -452 -124 201
96772: -96 -452 -125 265
96790: -96 -468 -127 395
96795: -96 -476 -124 204
96811: -96 -492 -124 206
96832: -104 -453 -121 9
96852: -104 -469 -125 267
96859: -104 -477 -124 204
96888: -104 -509 -121 16
96896: -112 -454 -121 9
96917: -112 -470 -126 331
96923: -112 -478 -124 204
96939: -112 -494 -124 206
96992: -120 -487 -121 13
97063: -128 -488 -128 461
97128: -136 -489 -185 22
97145: -136 -505 -186 88
97153: -144 -450 -186 81
97169: -144 -466 -186 83
97173: -144 -466 -190 339
97193: -144 -490 -186 86
97264: -152 -499 -185 23
97283: -160 -452 -188 209
97296: -160 -468 -185 19
97384: -168 -493 -185 22
97427: -176 -470 -188 211
97644: -200 -489 -253 286
97808: -224 -468 -249 27
97814: -224 -468 -255 411
98003: -248 -471 -252 219
98006: -248 -471 -255 411
98226: -272 -498 -315 167
98228: -272 -498 -317 295
98229: -272 -498 -318 359
98258: -280 -467 -315 163
98259: -280 -467 -316 227
98283: -280 -491 -316 230
98299: -280 -507 -316 232
98591: -320 -480 -320 484
98661: -328 -481 -382 365
98662: -328 -481 -383 429
98738: -336 -498 -379 175
98740: -336 -498 -381 303
98741: -336 -498 -382 367
98788: -344 -483 -381 301
99025: -376 -471 -378 107
99027: -376 -471 -380 235
99030: -376 -471 -383 427
99103: -384 -480 -384 492
99119: -384 -496 -384 494
99200: -400 -450 -441 49
99264: -408 -451 -441 49
99328: -416 -452 -441 49
99329: -416 -452 -442 113
99330: -416 -452 -443 177
99332: -416 -452 -445 305
99333: -416 -452 -446 369
99334: -416 -452 -447 433
99392: -424 -453 -441 49
99393: -424 -453 -442 113
99394: -424 -453 -443 177
99395: -424 -453 -444 241
99396: -424 -453 -445 305
99397: -424 -453 -446 369
99398: -424 -453 -447 433
99456: -432 -454 -441 49
99457: -432 -454 -442 113
99458: -432 -454 -443 177
99459: -432 -454 -444 241
99460: -432 -454 -445 305
99461: -432 -454 -446 369
99462: -432 -454 -447 433
99591: -448 -456 -448 497
99639: -448 -504 -448 503
99647: -448 -512 -448 504
99762: -464 -498 -507 191
99925: -488 -469 -510 379
99930: -488 -477 -507 188
99933: -488 -477 -510 380
99988: -496 -470 -509 315
99996: -496 -478 -509 316
100178: -25 -33
100179: -25 -41
100180: -25 -49
100181: -25 -57
100189: -2 -10
100190: -2 -18
100191: -2 -26
100192: -2 -34
100194: -2 -50
100195: -2 -58
100225: -11 -19
100226: -11 -27
100227: -11 -35
100228: -11 -43
100229: -11 -51
100230: -11 -59
100260: -20 -28
100261: -20 -36
100262: -20 -44
100263: -20 -52
100264: -20 -60
100301: -45 -53
100302: -45 -61
100328: -38 -54
100329: -38 -62
100390: -56 -64
100411: -89 -105
100412: -89 -113
100413: -89 -121
100414: -97 -105
100415: -97 -113
100416: -97 -121
100417: -105 -113
100418: -105 -121
100419: -113 -121
100420: 65 73 81 89 97 105 113 121
100434: -82 -90
100436: -82 -106
100437: -82 -114
100440: -90 -106
100443: -98 -106
100447: -106 -122
100448: -114 -122
100449: 66 74 82 90 98 106 114 122
100450: -67 -75
100451: -67 -83
100452: -67 -91
100453: -67 -99
100454: -67 -107
100455: -67 -115
100456: -67 -123
100488: -76 -100
100489: -76 -108
100490: -76 -116
100491: -76 -124
100495: -84 -116
100499: -92 -116
100501: -100 -108
100502: -100 -116
100504: -108 -116
100505: -108 -124
100506: -116 -124
100507: 68 76 84 92 100 108 116 124
100515: -77 -85
100516: -77 -93
100518: -77 -109
100519: -77 -117
100521: -85 -93
100522: -85 -101
100523: -85 -109
100524: -85 -117
100525: -85 -125
100526: -93 -101
100527: -93 -109
100528: -93 -117
100529: -93 -125
100531: -101 -117
100532: -101 -125
100533: -109 -117
100534: -109 -125
100536: 69 77 85 93 101 109 117 125
100544: -78 -86
100545: -78 -94
100546: -78 -102
100547: -78 -110
100549: -78 -126
100550: -86 -94
100551: -86 -102
100552: -86 -110
100553: -86 -118
100554: -86 -126
100555: -94 -102
100556: -94 -110
100557: -94 -118
100558: -94 -126
100560: -102 -118
100561: -102 -126
100562: -110 -118
100563: -110 -126
100564: -118 -126
100565: 70 78 86 94 102 110 118 126
100573: -79 -87
100574: -79 -95
100579: -87 -95
100580: -87 -103
100581: -87 -111
100582: -87 -119
100583: -87 -127
100584: -95 -103
100585: -95 -111
100586: -95 -119
100587: -95 -127
100589: -103 -119
100590: -103 -127
100591: -111 -119
100594: 71 79 87 95 103 111 119 127
100602: -80 -88
100603: -80 -96
100606: -80 -120
100607: -80 -128
100608: -88 -96
100609: -88 -104
100610: -88 -112
100611: -88 -120
100612: -88 -128
100613: -96 -104
100614: -96 -112
100615: -96 -120
100616: -96 -128
100618: -104 -120
100619: -104 -128
100620: -112 -120
100621: -112 -128
100623: 72 80 88 96 104 112 120 128
100637: -145 -153
100638: -145 -161
100639: -145 -169
100640: -145 -177
100641: -145 -185
100642: -153 -161
100643: -153 -169
100644: -153 -177
100645: -153 -185
100648: -161 -185
100650: -169 -185
100651: -177 -185
100652: 129 137 145 153 161 169 177 185
100671: -154 -162
100672: -154 -170
100673: -154 -178
100674: -154 -186
100675: -162 -170
100676: -162 -178
100677: -162 -186
100678: -170 -178
100679: -170 -186
100680: -178 -186
100681: 130 138 146 154 162 170 178 186
100690: -139 -155
100710: 131 139 147 155 163 171 179 187
100726: -148 -172
100739: 132 140 148 156 164 172 180 188
100740: -133 -141
100741: -133 -149
100743: -133 -165
100744: -133 -173
100747: -141 -149
100748: -141 -157
100749: -141 -165
100750: -141 -173
100752: -141 -189
100768: 133 141 149 157 165 173 181 189
100770: -134 -150
100772: -134 -166
100773: -134 -174
100775: -134 -190
100776: -142 -150
100777: -142 -158
100778: -142 -166
100786: -150 -190
100797: 134 142 150 158 166 174 182 190
100798: -135 -143
100799: -135 -151
100801: -135 -167
100802: -135 -175
100803: -135 -183
100805: -143 -151
100806: -143 -159
100807: -143 -167
100808: -143 -175
100809: -143 -183
100810: -143 -191
100812: -151 -167
100824: -175 -191
100826: 135 143 151 159 167 175 183 191
100827: -136 -144
100828: -136 -152
100830: -136 -168
100831: -136 -176
100832: -136 -184
100833: -136 -192
100834: -144 -152
100835: -144 -160
100836: -144 -168
100837: -144 -176
100838: -144 -184
100841: -152 -168
100842: -152 -176
100843: -152 -184
100844: -152 -192
100855: 136 144 152 160 168 176 184 192
100881: -233 -241
100883: -241 -249
100884: 193 201 209 217 225 233 241 249
100944: -196 -212
100947: -196 -236
100973: -197 -213
100974: -197 -221
100975: -197 -229
100976: -197 -237
100977: -197 -245
100978: -197 -253
100988: -213 -245
100989: -213 -253
100993: -221 -253
101000: 197 205 213 221 229 237 245 253
101002: -198 -214
101003: -198 -222
101004: -198 -230
101005: -198 -238
101006: -198 -246
101007: -198 -254
101015: -214 -230
101017: -214 -246
101022: -222 -254
101029: 198 206 214 222 230 238 246 254
101031: -199 -215
101032: -199 -223
101033: -199 -231
101034: -199 -239
101035: -199 -247
101036: -199 -255
101048: -223 -231
101049: -223 -239
101058: 199 207 215 223 231 239 247 255
101060: -200 -216
101061: -200 -224
101062: -200 -232
101063: -200 -240
101065: -200 -256
101072: -216 -224
101074: -216 -240
101087: 200 208 216 224 232 240 248 256
101115: -305 -313
101120: -258 -290
101125: -266 -282
101145: 258 266 274 282 290 298 306 314
101146: -259 -267
101147: -259 -275
101158: -267 -315
101173: -307 -315
101175: -260 -268
101182: -268 -276
101204: -261 -269
101209: -261 -309
101213: -269 -293
101240: -270 -278
101249: -278 -310
101250: -278 -318
101261: 262 270 278 286 294 302 310 318
101262: -263 -271
101263: -263 -279
101265: -263 -295
101269: -271 -279
101270: -271 -287
101273: -271 -311
101274: -271 -319
101275: -279 -287
101279: -279 -319
101289: -311 -319
101291: -264 -272
101292: -264 -280
101298: -272 -280
101300: -272 -296
101302: -272 -312
101304: -280 -288
101307: -280 -312
101347: -369 -377
101377: 322 330 338 346 354 362 370 378
101378: -323 -331
101379: -323 -339
101384: -323 -379
101391: -339 -347
101393: -339 -363
101414: -332 -340
101453: -341 -381
101457: -349 -381
101464: 325 333 341 349 357 365 373 381
101465: -326 -334
101474: -334 -358
101494: -327 -335
101496: -327 -351
101498: -327 -367
101501: -335 -343
101505: -335 -375
101506: -335 -383
101507: -343 -351
101523: -328 -336
101524: -328 -344
101530: -336 -344
101534: -336 -376
101536: -344 -352
101539: -344 -376
101545: -360 -368
101550: -376 -384
101580: 385 393 401 409 417 425 433 441
101609: 386 394 402 410 418 426 434 442
101610: -387 -395
101611: -387 -403
101612: -387 -411
101614: -387 -427
101615: -387 -435
101617: -395 -403
101618: -395 -411
101623: -403 -411
101628: -411 -419
101630: -411 -435
101638: 387 395 403 411 419 427 435 443
101641: -388 -412
101645: -388 -444
101646: -396 -404
101651: -396 -444
101652: -404 -412
101667: 388 396 404 412 420 428 436 444
101668: -389 -397
101669: -389 -405
101670: -389 -413
101675: -397 -405
101676: -397 -413
101678: -397 -429
101681: -405 -413
101694: -429 -445
101695: -437 -445
101696: 389 397 405 413 421 429 437 445
101697: -390 -398
101698: -390 -406
101699: -390 -414
101703: -390 -446
101704: -398 -406
101705: -398 -414
101706: -398 -422
101710: -406 -414
101721: -422 -446
101724: -438 -446
101737: -399 -439
101738: -399 -447
101754: 391 399 407 415 423 431 439 447
101768: -408 -416
101770: -408 -432
101773: -416 -424
101774: -416 -432
101776: -416 -448
101777: -424 -432
101783: 392 400 408 416 424 432 440 448
101807: -481 -497
101812: 449 457 465 473 481 489 497 505
101818: -450 -498
101820: -458 -466
101824: -458 -498
101829: -466 -498
101833: -474 -498
101836: -482 -498
101838: -490 -498
101840: -498 -506
101841: 450 458 466 474 482 490 498 506
101842: -451 -459
101843: -451 -467
101844: -451 -475
101845: -451 -483
101849: -459 -467
101850: -459 -475
101854: -459 -507
101855: -467 -475
101856: -467 -483
101857: -467 -491
101859: -467 -507
101860: -475 -483
101861: -475 -491
101863: -475 -507
101868: -491 -507
101870: 451 459 467 475 483 491 499 507
101871: -452 -460
101872: -452 -468
101873: -452 -476
101874: -452 -484
101875: -452 -492
101877: -452 -508
101879: -460 -476
101880: -460 -484
101883: -460 -508
101900: -453 -461
101901: -453 -469
101902: -453 -477
101906: -453 -509
101907: -461 -469
101908: -461 -477
101910: -461 -493
101912: -461 -509
101913: -469 -477
101914: -469 -485
101915: -469 -493
101916: -469 -501
101917: -469 -509
101918: -477 -485
101920: -477 -501
101921: -477 -509
101922: -485 -493
101926: -493 -509
101927: -501 -509
101929: -454 -462
101930: -454 -470
101931: -454 -478
101932: -454 -486
101934: -454 -502
101935: -454 -510
101936: -462 -470
101937: -462 -478
101938: -462 -486
101940: -462 -502
101941: -462 -510
101942: -470 -478
101943: -470 -486
101945: -470 -502
101946: -470 -510
101947: -478 -486
101948: -478 -494
101950: -478 -510
101956: -502 -510
101957: 454 462 470 478 486 494 502 510
101965: -463 -471
101967: -463 -487
101968: -463 -495
101972: -471 -487
101986: 455 463 471 479 487 495 503 511
101987: -456 -464
101991: -456 -496
101998: -464 -504
101999: -464 -512
102015: 456 464 472 480 488 496 504 512
102115: -266 -76 205
102117: -266 -78 333
102123: -330 -76 206
102124: -330 -77 270
102125: -330 -78 334
102131: -394 -76 207
102134: -394 -79 399
102135: -394 -80 463
102139: -458 -76 208
102142: -458 -79 400
102176: -275 -145 21
102178: -275 -147 149
102180: -275 -149 277
102181: -275 -150 341
102182: -275 -151 405
102183: -275 -152 469
102184: -339 -145 22
102186: -339 -147 150
102188: -339 -149 278
102189: -339 -150 342
102190: -339 -151 406
102191: -339 -152 470
102192: -403 -145 23
102194: -403 -147 151
102195: -403 -148 215
102197: -403 -150 343
102198: -403 -151 407
102199: -403 -152 471
102200: -467 -145 24
102202: -467 -147 152
102203: -467 -148 216
102204: -467 -149 280
102206: -467 -151 408
102207: -467 -152 472
102281: -101 -290 98
102345: -110 -362 106
102408: -119 -433 50
102500: -320 -509 317
102503: -320 -512 509
102509: -384 -510 382
102511: -384 -512 510
103249: -76 -203 -82 91
103252: -76 -203 -85 283
103253: -76 -203 -86 347
103254: -76 -203 -87 411
103255: -76 -203 -88 475
103577: -145 -20 -154 68
103581: -145 -20 -158 324
103583: -145 -20 -160 452
103840: -149 -277 -161 37
103975: -151 -405 -168 501
104138: -218 -90 -203 138
105659: -433 -56 -444 200
105660: -433 -56 -445 264
105661: -433 -56 -446 328
106161: -505 -63 -498 71
106164: -505 -63 -501 263
107347: -76 -203 -90 219
107348: -76 -203 -98 283
107349: -76 -203 -106 347
107350: -76 -203 -114 411
107351: -76 -203 -122 475
107676: -145 -20 -163 260
107678: -145 -20 -179 388
107679: -145 -20 -187 452
107945: -149 -278 -139 102
108713: -289 -38 -269 70
109217: -361 -45 -334 69
109298: -362 -111 -342 143
109753: -433 -56 -399 72
110257: -505 -63 -464 71
110337: -507 -185 -464 81
110473: -509 -314 -464 98
110720: -2 -1 -1
110821: -79 -106 -330
110858: -149 -147 -147
111168: -2 -65
111169: -2 -9
111170: -2 -73
111171: -2 -66
111807: -76 -203 -154
111855: -76 -96 -122
111859: -77 -98
111860: -77 -290
111912: -77 -100 -90
111928: -78 -106
111930: -78 -334
111945: -78 -331 -170
111950: -78 -332 -234
111981: -78 -108 -90
111997: -79 -114
112050: -79 -116 -90
112065: -80 -458
112066: -80 -122
112067: -80 -506
112068: -80 -464
112119: -80 -124 -90
112200: -145 -136 -187
112342: -149 -163
112389: -149 -162 -139
112413: -150 -342
112458: -150 -170 -139
112480: -151 -179
112482: -151 -407
112527: -151 -178 -139
112549: -152 -187
112550: -152 -507
112551: -152 -472
112596: -152 -186 -139
112620: -217 -25
112739: -218 -203 -154
113172: -290 -98
113655: -362 -106
114138: -434 -114
114390: -437 -418 -399
114619: -506 -464
114621: -506 -122
114747: -507 -470 -496
114748: -507 -470 -384
114749: -507 -470 -379
114826: -509 -488
114829: -509 -485
114890: -509 -487 -445
114895: -510 -496
114897: -510 -382
114898: -510 -494
115032: 2
115033: 11
115034: 20
115035: 25
115036: 38
115037: 45
115038: 56