5 1 2
UNSAT
7: -2 -3
8: -2 -4
9: -2 -5
10: -2 -6
11: -2 -7
12: -2 -8
42: -11 -12
43: -11 -13
44: -11 -14
45: -11 -15
46: -11 -16
76: -20 -21
77: -20 -22
78: -20 -23
79: -20 -24
90: -25 -29
109: -29 -30
110: -29 -31
111: -29 -32
120: -33 -38
121: -33 -39
170: -46 -47
171: -46 -48
201: -55 -56
231: 57 58 59 60 61 62 63 64
289: 73 74 75 76 77 78 79 80
290: -81 -82
291: -81 -83
296: -81 -88
347: 89 90 91 92 93 94 95 96
377: -105 -106
378: -105 -107
381: -105 -110
394: -107 -112
399: -109 -110
401: -109 -112
411: -113 -119
436: -121 -123
438: -121 -125
440: -121 -127
441: -121 -128
457: -125 -126
478: -131 -133
480: -131 -135
481: -131 -136
487: -133 -135
488: -133 -136
491: -135 -136
492: 129 130 131 132 133 134 135 136
550: 145 146 147 148 149 150 151 152
559: -154 -156
579: 153 154 155 156 157 158 159 160
583: -161 -165
609: -169 -170
612: -169 -173
613: -169 -174
614: -169 -175
615: -169 -176
637: 169 170 171 172 173 174 175 176
638: -177 -178
639: -177 -179
661: -181 -183
667: -185 -186
670: -185 -189
695: 185 186 187 188 189 190 191 192
707: -194 -199
724: 193 194 195 196 197 198 199 200
753: 201 202 203 204 205 206 207 208
767: -211 -212
785: -217 -220
811: 217 218 219 220 221 222 223 224
816: -225 -230
822: -226 -230
834: -229 -230
840: 225 226 227 228 229 230 231 232
841: -233 -234
842: -233 -235
844: -233 -237
846: -233 -239
847: -233 -240
869: 233 234 235 236 237 238 239 240
870: -241 -242
874: -241 -246
885: -243 -246
889: -244 -246
940: -258 -264
942: -259 -261
944: -259 -263
945: -259 -264
950: -261 -262
951: -261 -263
955: -263 -264
956: 257 258 259 260 261 262 263 264
987: -273 -275
990: -273 -278
1001: -275 -278
1003: -275 -280
1008: -277 -278
1012: -278 -280
1014: 273 274 275 276 277 278 279 280
1022: -282 -283
1025: -282 -286
1027: -282 -288
1042: -287 -288
1043: 281 282 283 284 285 286 287 288
1058: -291 -293
1061: -291 -296
1072: 289 290 291 292 293 294 295 296
1073: -297 -298
1074: -297 -299
1077: -297 -302
1078: -297 -303
1079: -297 -304
1101: 297 298 299 300 301 302 303 304
1118: -307 -311
1130: 305 306 307 308 309 310 311 312
1135: -313 -318
1137: -313 -320
1145: -315 -317
1146: -315 -318
1157: -318 -320
1159: 313 314 315 316 317 318 319 320
1171: -322 -327
1174: -323 -325
1176: -323 -327
1177: -323 -328
1178: -324 -325
1180: -324 -327
1181: -324 -328
1183: -325 -327
1187: -327 -328
1188: 321 322 323 324 325 326 327 328
1193: -329 -334
1201: -330 -336
1217: 329 330 331 332 333 334 335 336
1219: -337 -339
1222: -337 -342
1237: -340 -342
1240: -341 -342
1244: -342 -344
1249: -345 -348
1251: -345 -350
1275: 345 346 347 348 349 350 351 352
1279: -353 -357
1280: -353 -358
1299: -357 -359
1304: 353 354 355 356 357 358 359 360
1313: -362 -364
1314: -362 -365
1316: -362 -367
1317: -362 -368
1318: -363 -364
1319: -363 -365
1321: -363 -367
1323: -364 -365
1325: -364 -367
1326: -364 -368
1328: -365 -367
1329: -365 -368
1333: 361 362 363 364 365 366 367 368
1334: -369 -370
1337: -369 -373
1338: -369 -374
1339: -369 -375
1340: -369 -376
1363: -377 -378
1367: -377 -382
1369: -377 -384
1385: -381 -382
1388: -382 -383
1408: -387 -391
1420: 385 386 387 388 389 390 391 392
1478: 401 402 403 404 405 406 407 408
1506: -415 -416
1507: 409 410 411 412 413 414 415 416
1511: -417 -421
1536: 417 418 419 420 421 422 423 424
1537: -425 -426
1538: -425 -427
1539: -425 -428
1540: -425 -429
1565: 425 426 427 428 429 430 431 432
1582: -435 -439
1594: 433 434 435 436 437 438 439 440
1623: 441 442 443 444 445 446 447 448
1632: -450 -452
1634: -450 -454
1637: -451 -452
1638: -451 -453
1639: -451 -454
1642: -452 -453
1643: -452 -454
1652: 449 450 451 452 453 454 455 456
1658: -457 -463
1659: -457 -464
1674: -460 -464
1680: -463 -464
1681: 457 458 459 460 461 462 463 464
1710: 465 466 467 468 469 470 471 472
1711: -473 -474
1713: -473 -476
1716: -473 -479
1717: -473 -480
1723: -474 -480
1738: -479 -480
1740: -481 -482
1741: -481 -483
1743: -481 -485
1760: -484 -487
1768: 481 482 483 484 485 486 487 488
1769: -489 -490
1770: -489 -491
1771: -489 -492
1772: -489 -493
1773: -489 -494
1774: -489 -495
1775: -489 -496
1777: -490 -492
1780: -490 -495
1781: -490 -496
1797: 489 490 491 492 493 494 495 496
1798: -497 -498
1804: -497 -504
1833: -505 -512
1855: 505 506 507 508 509 510 511 512
1939: -2 -67 -20 25
2561: -68 -201 -2 73
2570: -68 -202 -11 81
2579: -68 -203 -20 89
2588: -68 -204 -29 97
2592: -68 -205 -33 65
2605: -68 -206 -46 105
2615: -68 -207 -56 121
2622: -68 -208 -63 113
3040: -131 -149 -33 129
3063: -131 -151 -56 185
3070: -131 -152 -63 177
3073: -132 -209 -2 137
3137: -133 -273 -2 137
3146: -133 -274 -11 145
3155: -133 -275 -20 153
3168: -133 -277 -33 129
3181: -133 -278 -46 169
3198: -133 -280 -63 177
3232: -134 -341 -33 129
3265: -135 -401 -2 137
3274: -135 -402 -11 145
3283: -135 -403 -20 153
3292: -135 -404 -29 161
3296: -135 -405 -33 129
3309: -135 -406 -46 169
3326: -135 -408 -63 177
3329: -136 -465 -2 137
3338: -136 -466 -11 145
3347: -136 -467 -20 153
3356: -136 -468 -29 161
3360: -136 -469 -33 129
3373: -136 -470 -46 169
3383: -136 -471 -56 185
3390: -136 -472 -63 177
3466: -194 -90 -11 209
3488: -194 -93 -33 193
3501: -194 -94 -46 233
3511: -194 -95 -56 249
3518: -194 -96 -63 241
3585: -196 -217 -2 201
3612: -196 -220 -29 225
3616: -196 -221 -33 193
3629: -196 -222 -46 233
3639: -196 -223 -56 249
3680: -197 -285 -33 193
3710: -197 -288 -63 241
3713: -198 -345 -2 201
3757: -198 -350 -46 233
3777: -199 -409 -2 201
3786: -199 -410 -11 209
3841: -200 -473 -2 201
3850: -200 -474 -11 209
3895: -200 -479 -56 249
3905: -257 -33 -2 265
4033: -259 -161 -2 265
4222: -261 -296 -63 305
4225: -262 -353 -2 265
4269: -262 -358 -46 297
4289: -263 -417 -2 265
4298: -263 -418 -11 273
4307: -263 -419 -20 281
4316: -263 -420 -29 289
4320: -263 -421 -33 257
4333: -263 -422 -46 297
4350: -263 -424 -63 305
4353: -264 -481 -2 265
4371: -264 -483 -20 281
4407: -264 -487 -56 313
4512: -322 -109 -33 321
4554: -323 -170 -11 337
4572: -323 -172 -29 353
4576: -323 -173 -33 321
4599: -323 -175 -56 377
4606: -323 -176 -63 369
4618: -324 -234 -11 337
4627: -324 -235 -20 345
4636: -324 -236 -29 353
4640: -324 -237 -33 321
4653: -324 -238 -46 361
4663: -324 -239 -56 377
4670: -324 -240 -63 369
4682: -325 -298 -11 337
4691: -325 -299 -20 345
4704: -325 -301 -33 321
4717: -325 -302 -46 361
4727: -325 -303 -56 377
4734: -325 -304 -63 369
4810: -327 -426 -11 337
4819: -327 -427 -20 345
4828: -327 -428 -29 353
4832: -327 -429 -33 321
4845: -327 -430 -46 361
4855: -327 -431 -56 377
4862: -327 -432 -63 369
4874: -328 -490 -11 337
4883: -328 -491 -20 345
4892: -328 -492 -29 353
4896: -328 -493 -33 321
4919: -328 -495 -56 377
4926: -328 -496 -63 369
5057: -387 -177 -2 393
5066: -387 -178 -11 401
5139: -388 -243 -20 409
5185: -389 -305 -2 393
5246: -389 -312 -63 433
5293: -390 -374 -46 425
5505: -450 -121 -2 457
5569: -451 -185 -2 457
5578: -451 -186 -11 465
5600: -451 -189 -33 449
5633: -452 -249 -2 457
5651: -452 -251 -20 473
5697: -453 -313 -2 457
5706: -453 -314 -11 465
5715: -453 -315 -20 473
5728: -453 -317 -33 449
5741: -453 -318 -46 489
5751: -453 -319 -56 505
5758: -453 -320 -63 497
5805: -454 -382 -46 489
5815: -454 -383 -56 505
6097: -11 -131 -82 10
6117: -11 -133 -102 42
6130: -11 -135 -115 18
6133: -11 -135 -118 42
6134: -11 -135 -119 50
6138: -11 -136 -123 18
6140: -11 -136 -125 34
6142: -11 -136 -127 50
6143: -11 -136 -128 58
7000: -137 -20 -89 130
7058: -138 -83 -83 146
7274: -141 -278 -107 146
7294: -141 -280 -127 178
7712: -204 -221 -97 194
7740: -204 -224 -125 226
7848: -206 -350 -105 194
7875: -207 -409 -68 218
7928: -207 -416 -121 194
7984: -208 -479 -113 194
8195: -268 -225 -68 282
8208: -268 -227 -81 258
8224: -268 -229 -97 258
8232: -268 -230 -105 258
8240: -268 -231 -113 258
8608: -330 -109 -97 322
8643: -331 -169 -68 346
8969: -336 -490 -74 330
8970: -336 -490 -75 338
8972: -336 -490 -77 354
8973: -336 -490 -78 362
8975: -336 -490 -80 378
9080: -393 -56 -121 386
9082: -393 -56 -123 402
9085: -393 -56 -126 426
9347: -398 -369 -68 410
9586: -457 -63 -115 466
9589: -457 -63 -118 490
9859: -462 -377 -68 474
10040: -464 -512 -121 450
10250: -20 -194 -139 19
10253: -20 -194 -142 43
10264: -20 -196 -153 3
10272: -20 -197 -161 3
10280: -20 -198 -169 3
10288: -20 -199 -177 3
10292: -20 -199 -181 35
10293: -20 -199 -182 43
10296: -20 -200 -185 3
10576: -81 -11 -145 67
10578: -81 -11 -147 83
10579: -81 -11 -148 91
10582: -81 -11 -151 115
10583: -81 -11 -152 123
11100: -145 -20 -157 163
11616: -209 -29 -161 195
11717: -211 -153 -134 235
11718: -211 -153 -135 243
11739: -211 -156 -156 219
11852: -213 -282 -141 227
11953: -214 -351 -178 203
11961: -214 -352 -186 203
12098: -273 -33 -131 275
12102: -273 -33 -135 307
12103: -273 -33 -136 315
12420: -278 -353 -133 291
12425: -278 -354 -138 267
12469: -278 -359 -182 299
12473: -278 -360 -186 267
12546: -280 -481 -131 275
12549: -280 -481 -134 299
12551: -280 -481 -136 315
12648: -337 -46 -169 323
12649: -337 -46 -170 331
12650: -337 -46 -171 339
12651: -337 -46 -172 347
12652: -337 -46 -173 355
12654: -337 -46 -175 371
12655: -337 -46 -176 379
12677: -338 -105 -134 363
12954: -342 -364 -155 339
12964: -342 -365 -165 355
12965: -342 -365 -166 363
12966: -342 -365 -167 371
12967: -342 -365 -168 379
12981: -342 -367 -182 363
13446: -406 -369 -135 435
13684: -465 -63 -181 483
13685: -465 -63 -182 491
13831: -468 -249 -136 507
13844: -468 -251 -149 483
14072: -471 -448 -185 451
14419: -29 -259 -212 28
14421: -29 -259 -214 44
14436: -29 -261 -229 36
14440: -29 -262 -233 4
14441: -29 -262 -234 12
14448: -29 -263 -241 4
14452: -29 -263 -245 36
14453: -29 -263 -246 44
14454: -29 -263 -247 52
14455: -29 -263 -248 60
14456: -29 -264 -249 4
14459: -29 -264 -252 28
14460: -29 -264 -253 36
14461: -29 -264 -254 44
15101: -95 -400 -254 108
15235: -154 -81 -196 156
15608: -159 -408 -249 132
15715: -217 -29 -228 220
15716: -217 -29 -229 228
15717: -217 -29 -230 236
15718: -217 -29 -231 244
15719: -217 -29 -232 252
16533: -286 -355 -214 300
16549: -286 -357 -230 300
16565: -286 -359 -246 300
16573: -286 -360 -254 300
16582: -287 -417 -199 308
16590: -287 -418 -207 308
16632: -287 -424 -249 260
16701: -288 -488 -254 300
16744: -345 -46 -233 324
16746: -345 -46 -235 340
16747: -345 -46 -236 348
16748: -345 -46 -237 356
16750: -345 -46 -239 372
16751: -345 -46 -240 380
17037: -350 -362 -206 364
17073: -350 -367 -242 332
17074: -350 -367 -243 340
17081: -350 -368 -250 332
17082: -350 -368 -251 340
17084: -350 -368 -253 356
17085: -350 -368 -254 364
17272: -409 -56 -249 388
17274: -409 -56 -251 404
17277: -409 -56 -254 428
17542: -414 -369 -199 436
17576: -414 -374 -233 388
17776: -473 -63 -241 452
17778: -473 -63 -243 468
17781: -473 -63 -246 492
18055: -478 -377 -200 508
18154: -479 -446 -235 468
18248: -33 -2 -265 5
18249: -33 -2 -266 13
18250: -33 -2 -267 21
18252: -33 -2 -269 37
18253: -33 -2 -270 45
18254: -33 -2 -271 53
18255: -33 -2 -272 61
18768: -97 -11 -273 69
18773: -97 -11 -278 109
18775: -97 -11 -280 125
18891: -99 -138 -268 93
19289: -161 -20 -282 141
19290: -161 -20 -283 149
19292: -161 -20 -285 165
19293: -161 -20 -286 173
19294: -161 -20 -287 181
19335: -162 -81 -264 189
19576: -165 -280 -313 133
19586: -166 -337 -259 149
19810: -225 -29 -291 213
19812: -225 -29 -293 229
19908: -227 -153 -261 229
19937: -227 -157 -290 205
20009: -228 -222 -298 205
20103: -230 -345 -264 253
20679: -295 -417 -264 317
20742: -296 -481 -263 309
20840: -353 -46 -297 325
20842: -353 -46 -299 341
20844: -353 -46 -301 357
20846: -353 -46 -303 373
20847: -353 -46 -304 381
21169: -358 -367 -306 333
21173: -358 -367 -310 365
21181: -358 -368 -318 365
21183: -358 -368 -320 381
21186: -359 -425 -259 341
21296: -360 -495 -305 325
21368: -417 -56 -313 389
21372: -417 -56 -317 421
21382: -418 -113 -263 437
21608: -421 -310 -297 389
21738: -423 -438 -299 405
21872: -481 -63 -305 453
21876: -481 -63 -309 485
21877: -481 -63 -310 493
22178: -486 -381 -291 469
22191: -486 -382 -304 509
22314: -488 -510 -299 469
22664: -46 -322 -329 6
22666: -46 -322 -331 22
22672: -46 -323 -337 6
22673: -46 -323 -338 14
22678: -46 -323 -343 54
22679: -46 -323 -344 62
22680: -46 -324 -345 6
22682: -46 -324 -347 22
22687: -46 -324 -352 62
22688: -46 -325 -353 6
22695: -46 -325 -360 62
22704: -46 -327 -369 6
22706: -46 -327 -371 22
22707: -46 -327 -372 30
22708: -46 -327 -373 38
22711: -46 -327 -376 62
22712: -46 -328 -377 6
22713: -46 -328 -378 14
22714: -46 -328 -379 22
22716: -46 -328 -381 38
22718: -46 -328 -383 54
22864: -105 -11 -337 70
22867: -105 -11 -340 94
22869: -105 -11 -342 110
22870: -105 -11 -343 118
22871: -105 -11 -344 126
23029: -107 -143 -374 110
23037: -107 -144 -382 110
23128: -109 -268 -345 70
23132: -109 -268 -349 102
23133: -109 -268 -350 110
23280: -111 -399 -369 70
23293: -111 -400 -382 110
23344: -112 -463 -369 70
23384: -169 -20 -345 134
23385: -169 -20 -346 142
23389: -169 -20 -350 174
23390: -169 -20 -351 182
23509: -171 -147 -342 174
23512: -171 -148 -345 134
23810: -176 -465 -323 150
23904: -233 -29 -353 198
23905: -233 -29 -354 206
23906: -233 -29 -355 214
23908: -233 -29 -357 230
23909: -233 -29 -358 238
23910: -233 -29 -359 246
23911: -233 -29 -360 254
24317: -239 -416 -382 238
24373: -240 -479 -374 238
24385: -297 -33 -322 270
24386: -297 -33 -323 278
24387: -297 -33 -324 286
24390: -297 -33 -327 310
24391: -297 -33 -328 318
24450: -298 -97 -323 278
24451: -298 -97 -324 286
24452: -298 -97 -325 294
24829: -303 -424 -382 302
24885: -304 -487 -374 302
25092: -364 -233 -325 358
25173: -365 -299 -342 366
25205: -365 -303 -374 366
25213: -365 -304 -382 366
25287: -367 -425 -328 382
25350: -368 -489 -327 374
25464: -425 -56 -377 390
25467: -425 -56 -380 414
25469: -425 -56 -382 430
25474: -426 -113 -323 406
25543: -427 -177 -328 446
25621: -428 -243 -342 430
25685: -429 -307 -342 430
25720: -429 -312 -377 390
25845: -431 -439 -374 430
25869: -432 -498 -334 430
25968: -489 -63 -369 454
25973: -489 -63 -374 494
25991: -490 -121 -328 510
26155: -492 -254 -364 478
26892: -56 -450 -397 39
26897: -56 -451 -402 15
26898: -56 -451 -403 23
26899: -56 -451 -404 31
26900: -56 -451 -405 39
26901: -56 -451 -406 47
26904: -56 -452 -409 7
26908: -56 -452 -413 39
26912: -56 -453 -417 7
26913: -56 -453 -418 15
26918: -56 -453 -423 55
26925: -56 -454 -430 47
26960: -113 -11 -401 71
26963: -113 -11 -404 95
26965: -113 -11 -406 111
26966: -113 -11 -407 119
26967: -113 -11 -408 127
27231: -117 -268 -416 127
27315: -118 -335 -436 95
27480: -177 -20 -409 135
27485: -177 -20 -414 175
27752: -181 -278 -425 135
27754: -181 -278 -427 151
27756: -181 -278 -429 167
27758: -181 -278 -431 183
28000: -241 -29 -417 199
28101: -243 -153 -390 239
28129: -243 -157 -418 207
28132: -243 -157 -421 231
28134: -243 -157 -423 247
28200: -244 -222 -425 199
28481: -305 -33 -386 271
28483: -305 -33 -388 287
28484: -305 -33 -389 295
29032: -369 -46 -425 327
29033: -369 -46 -426 335
29035: -369 -46 -428 351
29036: -369 -46 -429 359
29038: -369 -46 -431 375
29039: -369 -46 -432 383
29331: -374 -363 -404 351
29341: -374 -364 -414 367
29345: -374 -365 -418 335
29348: -374 -365 -421 359
29351: -374 -365 -424 383
29778: -437 -307 -403 407
29781: -437 -307 -406 431
30439: -503 -445 -424 511
30927: -63 -386 -464 64
30931: -63 -387 -468 32
30943: -63 -388 -480 64
30944: -63 -389 -481 8
30952: -63 -390 -489 8
31056: -121 -11 -465 72
31059: -121 -11 -468 96
31062: -121 -11 -471 120
31063: -121 -11 -472 128
31419: -126 -336 -508 96
31490: -128 -457 -451 88
31852: -189 -278 -493 168
31874: -190 -337 -451 152
32096: -249 -29 -481 200
32097: -249 -29 -482 208
32101: -249 -29 -486 240
32102: -249 -29 -487 248
32197: -251 -153 -454 240
32386: -254 -345 -451 216
32424: -254 -350 -489 200
32577: -313 -33 -450 272
32578: -313 -33 -451 280
32579: -313 -33 -452 288
32580: -313 -33 -453 296
32583: -313 -33 -456 320
32852: -317 -291 -469 296
32900: -318 -353 -453 296
32961: -319 -417 -450 272
33016: -319 -424 -505 264
33023: -319 -424 -512 320
33128: -377 -46 -489 328
33130: -377 -46 -491 344
33131: -377 -46 -492 352
33132: -377 -46 -493 360
33135: -377 -46 -496 384
33428: -382 -363 -469 360
33445: -382 -365 -486 368
34000: -447 -435 -465 392
34102: -448 -503 -503 440
34167: -505 -63 -504 512
34255: -507 -186 -464 512
34616: -512 -512 -505 456
34892: -33 -2 -69 37
34893: -33 -2 -70 45
34894: -33 -2 -71 53
34895: -33 -2 -72 61
35294: -81 -68 -207 51
35417: -97 -68 -202 13
35422: -97 -68 -207 53
35545: -113 -68 -202 15
35550: -113 -68 -207 55
35609: -121 -68 -202 16
35615: -121 -68 -208 64
35831: -145 -135 -408 59
35949: -161 -134 -342 45
35961: -161 -136 -466 13
35962: -161 -136 -467 21
35966: -161 -136 -471 53
36006: -169 -133 -279 54
36016: -169 -135 -401 6
36022: -169 -135 -407 54
36023: -169 -135 -408 62
36024: -169 -136 -465 6
36030: -169 -136 -471 54
36031: -169 -136 -472 62
36069: -177 -133 -278 47
36589: -241 -198 -350 47
36653: -249 -198 -350 48
36663: -249 -199 -416 64
37010: -297 -259 -163 22
37041: -297 -263 -418 14
37042: -297 -263 -419 22
37054: -297 -264 -487 54
37375: -337 -328 -496 59
37648: -377 -323 -169 8
38024: -425 -386 -113 6
38032: -425 -387 -177 6
38040: -425 -388 -241 6
38050: -425 -389 -307 22
38416: -473 -451 -185 4
38445: -473 -454 -382 44
38495: -481 -452 -256 61
38509: -481 -454 -382 45
38544: -489 -451 -185 6
38550: -489 -451 -191 54
38552: -489 -452 -249 6
38566: -489 -453 -319 54
38690: -505 -453 -315 24
38693: -505 -453 -318 48
38736: -2 -11 -129 65
38737: -2 -11 -130 73
38738: -2 -11 -131 81
38739: -2 -11 -132 89
38740: -2 -11 -133 97
38741: -2 -11 -134 105
38742: -2 -11 -135 113
38743: -2 -11 -136 121
39816: -138 -138 -81 66
40330: -202 -202 -91 82
40604: -234 -204 -221 102
40605: -234 -204 -222 110
40607: -234 -204 -224 126
40988: -282 -268 -229 100
41050: -290 -268 -227 85
41112: -298 -268 -225 70
41117: -298 -268 -230 110
41521: -346 -335 -426 76
41531: -346 -336 -492 92
41799: -386 -393 -56 121
42310: -450 -457 -63 113
42376: -458 -458 -121 66
42502: -474 -457 -63 116
42904: -11 -20 -193 130
42905: -11 -20 -194 138
42908: -11 -20 -197 162
42909: -11 -20 -198 170
42910: -11 -20 -199 178
42911: -11 -20 -200 186
43619: -99 -85 -268 157
43747: -115 -85 -268 159
43858: -131 -147 -147 145
44496: -211 -211 -153 131
44500: -211 -211 -157 163
44501: -211 -211 -158 171
44777: -243 -214 -346 143
44781: -243 -214 -350 175
44829: -251 -212 -222 176
44840: -251 -214 -345 136
44841: -251 -214 -346 144
44864: -259 -273 -33 129
44919: -259 -279 -424 185
45008: -275 -275 -161 131
45056: -283 -273 -33 132
45104: -283 -279 -417 132
45120: -291 -273 -33 133
45184: -299 -273 -33 134
45192: -299 -274 -97 134
45224: -299 -278 -353 134
45229: -299 -278 -358 174
45248: -307 -273 -33 135
45288: -307 -278 -353 135
45352: -315 -278 -353 136
45419: -323 -342 -364 153
45420: -323 -342 -365 161
45423: -323 -342 -368 185
45445: -331 -337 -46 170
45637: -355 -337 -46 173
45708: -363 -338 -109 166
45730: -363 -341 -299 150
45746: -363 -343 -427 150
45868: -379 -342 -365 168
45895: -387 -401 -56 185
45914: -387 -404 -243 145
45925: -387 -405 -310 169
45978: -395 -404 -243 146
46151: -419 -401 -56 189
46216: -427 -402 -113 134
46234: -427 -404 -243 150
46248: -427 -406 -369 134
46298: -435 -404 -243 151
46408: -451 -466 -121 129
46426: -451 -468 -251 145
46437: -451 -469 -318 169
46451: -451 -471 -444 153
46728: -491 -466 -121 134
46765: -491 -470 -382 174
47073: -20 -29 -258 203
47074: -20 -29 -259 211
47076: -20 -29 -261 227
47077: -20 -29 -262 235
47078: -20 -29 -263 243
47079: -20 -29 -264 251
47426: -68 -89 -11 209
47441: -68 -91 -138 201
47469: -68 -94 -334 233
47476: -68 -95 -397 225
47480: -68 -96 -457 193
47482: -68 -96 -459 209
47486: -68 -96 -463 241
47487: -68 -96 -464 249
48951: -252 -223 -416 256
49024: -268 -281 -33 194
49040: -268 -283 -161 194
49067: -268 -286 -356 218
49072: -268 -287 -417 194
49080: -268 -288 -481 194
49082: -268 -288 -483 210
49085: -268 -288 -486 234
49086: -268 -288 -487 242
49514: -324 -350 -363 209
49516: -324 -350 -365 225
49519: -324 -350 -368 249
49797: -364 -345 -46 238
49851: -364 -352 -492 222
50029: -388 -414 -374 233
50312: -428 -410 -113 198
50502: -452 -473 -63 241
50541: -452 -478 -382 233
50545: -452 -479 -442 201
50630: -468 -473 -63 243
50632: -468 -474 -121 195
50886: -500 -473 -63 247
50950: -508 -473 -63 248
51201: -29 -33 -2 268
51586: -77 -97 -11 274
51714: -93 -97 -11 276
51811: -101 -101 -268 285
51842: -109 -97 -11 278
51906: -117 -97 -11 279
51970: -125 -97 -11 280
52072: -133 -166 -337 257
52077: -133 -166 -342 297
52080: -133 -167 -401 257
52087: -133 -167 -408 313
52088: -133 -168 -465 257
52163: -149 -161 -20 283
52227: -157 -161 -20 284
52781: -221 -230 -350 300
52880: -237 -227 -153 262
52904: -237 -230 -345 262
53284: -285 -293 -293 292
53584: -325 -355 -169 257
53610: -325 -358 -363 273
53615: -325 -358 -368 313
53637: -333 -353 -46 298
53640: -333 -354 -105 258
53701: -341 -353 -46 299
53765: -349 -353 -46 300
53768: -349 -354 -105 260
53812: -349 -359 -429 292
53893: -365 -353 -46 302
53896: -365 -354 -105 262
53904: -365 -355 -169 262
53906: -365 -355 -171 278
53907: -365 -355 -172 286
53908: -365 -355 -173 294
53912: -365 -356 -233 262
53937: -365 -359 -426 270
53938: -365 -359 -427 278
53939: -365 -359 -428 286
53940: -365 -359 -429 294
53942: -365 -359 -431 310
53948: -365 -360 -493 294
53957: -373 -353 -46 303
54021: -381 -353 -46 304
54136: -389 -424 -497 257
54151: -397 -417 -56 314
54279: -413 -417 -56 316
54471: -437 -417 -56 319
54520: -437 -424 -497 263
54584: -445 -424 -497 264
54585: -445 -424 -498 272
54591: -445 -424 -504 320
54600: -453 -482 -121 257
54644: -453 -487 -445 289
54651: -453 -488 -508 281
54662: -461 -481 -63 306
54664: -461 -482 -121 258
54790: -477 -481 -63 308
54880: -485 -485 -313 261
54918: -493 -481 -63 310
54982: -501 -481 -63 311
55046: -509 -481 -63 312
55465: -46 -46 -322 334
55466: -46 -46 -323 342
55467: -46 -46 -324 350
55468: -46 -46 -325 358
55470: -46 -46 -327 374
55471: -46 -46 -328 382
56387: -166 -169 -20 349
56493: -174 -174 -342 366
56615: -190 -173 -280 384
56631: -190 -175 -408 384
56644: -198 -233 -29 353
56708: -206 -233 -29 354
56772: -214 -233 -29 355
56836: -222 -233 -29 356
56861: -222 -236 -222 364
56900: -230 -233 -29 357
57028: -246 -233 -29 359
57092: -254 -233 -29 360
57152: -262 -297 -33 321
57213: -262 -304 -486 361
57280: -278 -297 -33 323
57288: -278 -298 -97 323
57343: -278 -304 -488 379
57344: -286 -297 -33 324
57408: -294 -297 -33 325
57517: -302 -302 -358 366
57536: -310 -297 -33 327
57598: -310 -304 -487 375
57600: -318 -297 -33 328
57655: -318 -303 -424 384
58081: -374 -365 -298 335
58082: -374 -365 -299 343
58312: -406 -426 -113 323
58330: -406 -428 -243 339
58338: -406 -429 -307 339
58385: -414 -427 -178 332
58440: -422 -426 -113 325
58458: -422 -428 -243 341
58483: -422 -431 -436 349
58541: -430 -430 -374 366
58694: -454 -489 -63 369
58696: -454 -490 -121 321
58886: -478 -489 -63 372
58897: -478 -491 -186 332
58952: -486 -490 -121 325
59048: -494 -494 -377 326
59705: -63 -56 -450 400
59706: -63 -56 -451 408
59707: -63 -56 -452 416
59708: -63 -56 -453 424
59709: -63 -56 -454 432
59711: -63 -56 -456 448
59906: -95 -113 -11 404
60144: -119 -119 -393 391
60162: -127 -113 -11 408
60227: -135 -177 -20 409
60250: -135 -180 -211 401
60263: -135 -181 -280 441
60432: -159 -179 -145 388
60581: -175 -181 -278 430
60663: -183 -183 -408 447
60709: -191 -181 -278 432
60752: -199 -243 -153 385
60804: -207 -241 -29 418
60816: -207 -243 -153 386
60840: -207 -246 -345 386
60856: -207 -248 -473 386
61032: -231 -246 -345 389
61168: -247 -247 -409 391
61248: -263 -305 -33 385
61256: -263 -306 -97 385
61292: -263 -310 -357 417
61304: -263 -312 -481 385
61456: -287 -307 -161 388
61504: -295 -305 -33 389
61520: -295 -307 -161 389
61568: -303 -305 -33 390
61576: -303 -306 -97 390
61602: -303 -309 -291 406
61680: -311 -311 -417 391
61696: -319 -305 -33 392
61802: -327 -374 -363 401
61804: -327 -374 -365 417
61829: -335 -369 -46 426
61893: -343 -369 -46 427
61957: -351 -369 -46 428
62021: -359 -369 -46 429
62110: -367 -372 -239 438
62118: -367 -373 -303 438
62126: -367 -374 -367 438
62194: -375 -375 -427 407
62213: -383 -369 -46 432
62518: -415 -439 -439 436
62544: -423 -435 -177 389
62554: -423 -436 -243 405
62727: -447 -433 -56 448
63046: -487 -497 -63 437
63729: -56 -63 -386 463
63730: -56 -63 -387 471
63731: -56 -63 -388 479
63732: -56 -63 -389 487
63733: -56 -63 -390 495
63734: -56 -63 -391 503
63874: -80 -121 -11 466
63938: -88 -121 -11 467
63971: -88 -125 -268 475
64002: -96 -121 -11 468
64066: -104 -121 -11 469
64194: -120 -121 -11 471
64323: -136 -185 -20 473
64346: -136 -188 -211 465
64471: -152 -187 -152 507
64474: -152 -188 -211 467
64836: -200 -249 -29 481
64848: -200 -251 -153 449
64872: -200 -254 -345 449
64900: -208 -249 -29 482
64936: -208 -254 -345 450
65344: -264 -313 -33 449
65352: -264 -314 -97 449
65360: -264 -315 -161 449
65392: -264 -319 -417 449
65472: -280 -313 -33 451
65536: -288 -313 -33 452
65600: -296 -313 -33 453
65664: -304 -313 -33 454
65672: -304 -314 -97 454
65728: -312 -313 -33 455
65848: -320 -320 -481 456
65850: -320 -320 -483 472
65851: -320 -320 -484 480
65900: -328 -382 -365 481
65989: -344 -377 -46 491
66053: -352 -377 -46 492
66117: -360 -377 -46 493
66181: -368 -377 -46 494
66245: -376 -377 -46 495
66363: -384 -384 -492 480
66503: -408 -441 -56 507
66567: -416 -441 -56 508
66605: -416 -446 -374 492
66663: -424 -445 -312 509
66952: -464 -506 -121 450
67144: -488 -506 -121 453
67162: -488 -508 -251 469
67270: -504 -505 -63 503
67529: -17 -11 -2 66
67673: -33 -29 -2 68
68043: -81 -11 -68 202
68115: -89 -20 -68 203
68187: -97 -29 -68 204
68267: -105 -46 -68 206
68347: -113 -63 -68 208
68403: -121 -56 -68 207
68482: -137 -2 -131 145
68484: -137 -2 -133 273
68485: -137 -2 -134 337
68486: -137 -2 -135 401
68487: -137 -2 -136 465
68556: -145 -11 -133 274
68557: -145 -11 -134 338
68558: -145 -11 -135 402
68559: -145 -11 -136 466
68626: -153 -20 -131 147
68628: -153 -20 -133 275
68630: -153 -20 -135 403
68631: -153 -20 -136 467
68698: -161 -29 -131 148
68700: -161 -29 -133 276
68701: -161 -29 -134 340
68702: -161 -29 -135 404
68703: -161 -29 -136 468
68778: -169 -46 -131 150
68780: -169 -46 -133 278
68781: -169 -46 -134 342
68782: -169 -46 -135 406
68783: -169 -46 -136 470
68858: -177 -63 -131 152
68860: -177 -63 -133 280
68861: -177 -63 -134 344
68862: -177 -63 -135 408
68863: -177 -63 -136 472
68914: -185 -56 -131 151
68916: -185 -56 -133 279
68917: -185 -56 -134 343
68918: -185 -56 -135 407
68919: -185 -56 -136 471
69065: -209 -11 -194 90
69067: -209 -11 -196 218
69209: -225 -29 -194 92
69289: -233 -46 -194 94
69291: -233 -46 -196 222
69292: -233 -46 -197 286
69293: -233 -46 -198 350
69294: -233 -46 -199 414
69295: -233 -46 -200 478
69369: -241 -63 -194 96
69371: -241 -63 -196 224
69372: -241 -63 -197 288
69373: -241 -63 -198 352
69374: -241 -63 -199 416
69425: -249 -56 -194 95
69428: -249 -56 -197 287
69580: -273 -11 -261 290
69582: -273 -11 -263 418
69650: -281 -20 -259 163
69652: -281 -20 -261 291
69654: -281 -20 -263 419
69802: -297 -46 -259 166
69804: -297 -46 -261 294
69805: -297 -46 -262 358
69806: -297 -46 -263 422
69807: -297 -46 -264 486
69882: -305 -63 -259 168
69884: -305 -63 -261 296
69885: -305 -63 -262 360
69887: -305 -63 -264 488
69938: -313 -56 -259 167
69940: -313 -56 -261 295
69942: -313 -56 -263 423
69984: -321 -33 -321 45
70018: -329 -2 -323 169
70019: -329 -2 -324 233
70020: -329 -2 -325 297
70022: -329 -2 -327 425
70023: -329 -2 -328 489
70092: -337 -11 -325 298
70164: -345 -20 -325 299
70233: -353 -29 -322 108
70235: -353 -29 -324 236
70394: -369 -63 -323 176
70396: -369 -63 -325 304
70399: -369 -63 -328 496
70450: -377 -56 -323 175
70452: -377 -56 -325 303
70454: -377 -56 -327 431
70496: -385 -33 -385 53
70530: -393 -2 -387 177
70531: -393 -2 -388 241
70532: -393 -2 -389 305
70534: -393 -2 -391 433
70604: -401 -11 -389 306
70606: -401 -11 -391 434
70673: -409 -20 -386 115
70674: -409 -20 -387 179
70745: -417 -29 -386 116
70746: -417 -29 -387 180
70747: -417 -29 -388 244
70748: -417 -29 -389 308
70749: -417 -29 -390 372
70825: -425 -46 -386 118
70826: -425 -46 -387 182
70827: -425 -46 -388 246
70828: -425 -46 -389 310
70829: -425 -46 -390 374
70830: -425 -46 -391 438
70906: -433 -63 -387 184
70966: -441 -56 -391 439
71008: -449 -33 -449 61
71041: -457 -2 -450 121
71042: -457 -2 -451 185
71043: -457 -2 -452 249
71044: -457 -2 -453 313
71047: -457 -2 -456 505
71115: -465 -11 -452 250
71116: -465 -11 -453 314
71185: -473 -20 -450 123
71187: -473 -20 -452 251
71189: -473 -20 -454 379
71257: -481 -29 -450 124
71258: -481 -29 -451 188
71259: -481 -29 -452 252
71260: -481 -29 -453 316
71337: -489 -46 -450 126
71338: -489 -46 -451 190
71339: -489 -46 -452 254
71340: -489 -46 -453 318
71341: -489 -46 -454 382
71343: -489 -46 -456 510
71420: -497 -63 -453 320
71421: -497 -63 -454 384
71423: -497 -63 -456 512
71476: -505 -56 -453 319
71506: -2 -81 -11 131
71514: -2 -89 -11 132
71522: -2 -97 -11 133
71530: -2 -105 -11 134
71538: -2 -113 -11 135
71546: -2 -121 -11 136
72198: -90 -68 -79 393
72585: -138 -74 -138 82
72593: -138 -82 -138 83
72601: -138 -90 -138 84
73059: -194 -97 -204 221
73069: -194 -105 -206 350
73079: -194 -113 -208 479
73086: -194 -121 -207 416
73223: -218 -68 -208 473
73403: -234 -126 -204 224
73731: -282 -68 -268 225
73843: -290 -117 -268 231
73875: -298 -86 -268 227
73931: -306 -79 -268 226
74069: -322 -81 -334 363
74085: -322 -97 -334 365
74093: -322 -105 -334 366
74101: -322 -113 -334 367
74241: -346 -68 -330 105
74244: -346 -68 -333 297
74246: -346 -68 -335 425
74247: -346 -68 -336 489
74350: -354 -109 -335 430
75271: -474 -68 -464 505
75548: -506 -96 -461 316
75659: -11 -138 -20 194
75667: -11 -146 -20 195
75675: -11 -154 -20 196
75683: -11 -162 -20 197
75691: -11 -170 -20 198
75699: -11 -178 -20 199
75707: -11 -186 -20 200
76624: -131 -145 -145 19
76653: -131 -169 -150 342
76663: -131 -177 -152 471
76670: -131 -185 -151 408
77250: -211 -131 -211 153
77258: -211 -139 -211 154
77266: -211 -147 -211 155
77274: -211 -155 -211 156
77282: -211 -163 -211 157
77290: -211 -171 -211 158
77504: -243 -135 -209 25
77505: -243 -135 -210 89
77508: -243 -135 -213 281
77509: -243 -135 -214 345
77549: -243 -175 -214 350
77568: -251 -136 -209 25
77573: -251 -136 -214 345
77677: -259 -169 -278 358
77694: -259 -185 -279 424
77845: -283 -148 -278 355
78021: -307 -135 -278 353
78037: -307 -151 -278 355
78045: -307 -159 -278 356
78081: -315 -136 -274 97
78084: -315 -136 -277 289
78085: -315 -136 -278 353
78086: -315 -136 -279 417
78087: -315 -136 -280 481
78101: -315 -152 -278 355
78125: -315 -176 -278 358
78157: -323 -137 -342 362
78165: -323 -145 -342 363
78173: -323 -153 -342 364
78189: -323 -169 -342 366
78197: -323 -177 -342 367
78205: -323 -185 -342 368
78533: -371 -135 -342 361
78536: -371 -143 -337 42
78608: -379 -152 -337 43
78705: -387 -177 -402 119
78711: -387 -177 -408 503
79027: -427 -182 -404 247
79029: -427 -182 -406 375
79203: -451 -161 -468 253
79213: -451 -169 -470 382
79225: -451 -185 -466 128
79622: -507 -136 -471 441
79812: -20 -195 -29 257
79820: -20 -203 -29 258
79828: -20 -211 -29 259
79836: -20 -219 -29 260
79844: -20 -227 -29 261
79852: -20 -235 -29 262
79860: -20 -243 -29 263
79868: -20 -251 -29 264
80223: -68 -217 -96 460
80232: -68 -233 -89 14
80237: -68 -233 -94 334
80238: -68 -233 -95 398
80239: -68 -233 -96 462
80241: -68 -241 -90 79
80242: -68 -241 -91 143
80244: -68 -241 -93 271
80245: -68 -241 -94 335
80247: -68 -241 -96 463
80253: -68 -249 -94 336
80254: -68 -249 -95 400
80255: -68 -249 -96 464
81305: -204 -218 -218 92
81326: -204 -234 -223 414
81327: -204 -234 -224 478
81467: -220 -252 -220 224
81604: -244 -199 -221 281
81695: -252 -224 -224 476
81793: -268 -194 -282 97
81796: -268 -194 -285 289
81798: -268 -194 -287 417
81799: -268 -194 -288 481
81802: -268 -202 -283 162
81806: -268 -202 -287 418
81822: -268 -218 -287 420
81823: -268 -218 -288 484
81832: -268 -234 -281 38
81837: -268 -234 -286 358
81839: -268 -234 -288 486
81855: -268 -250 -288 488
82261: -324 -209 -350 363
82269: -324 -217 -350 364
82277: -324 -225 -350 365
82285: -324 -233 -350 366
82293: -324 -241 -350 367
82301: -324 -249 -350 368
82570: -364 -206 -347 170
82577: -364 -214 -346 107
82594: -364 -230 -347 173
82598: -364 -230 -351 429
82930: -404 -243 -411 183
83120: -428 -246 -409 55
83122: -428 -246 -411 183
83124: -428 -246 -413 311
83126: -428 -246 -415 439
83127: -428 -246 -416 503
83208: -444 -208 -409 50
83639: -492 -246 -480 511
83645: -492 -254 -478 384
83968: -29 -260 -33 1
83984: -29 -276 -33 3
83992: -29 -284 -33 4
84000: -29 -292 -33 5
84008: -29 -300 -33 6
84016: -29 -308 -33 7
84024: -29 -316 -33 8
84456: -85 -299 -97 14
84640: -109 -294 -97 13
84648: -109 -302 -97 14
84656: -109 -310 -97 15
84664: -109 -318 -97 16
84827: -133 -281 -164 212
84845: -133 -297 -166 342
84857: -133 -313 -162 88
84933: -149 -259 -166 337
85002: -157 -268 -163 146
85145: -173 -286 -162 84
85184: -181 -263 -161 17
85514: -221 -268 -227 154
85841: -261 -273 -290 99
85850: -261 -281 -291 164
85879: -261 -305 -296 487
85886: -261 -313 -295 424
86026: -285 -268 -291 162
86277: -317 -264 -294 353
86357: -325 -273 -358 363
86365: -325 -281 -358 364
86381: -325 -297 -358 366
86389: -325 -305 -358 367
86397: -325 -313 -358 368
86456: -333 -314 -353 48
86538: -349 -268 -355 170
86541: -349 -268 -358 362
86644: -357 -309 -357 303
86673: -365 -278 -354 107
86675: -365 -278 -356 235
86678: -365 -278 -359 427
86865: -389 -273 -418 115
86873: -389 -281 -418 116
86893: -389 -297 -422 374
86905: -389 -313 -418 120
86910: -389 -313 -423 440
87189: -429 -278 -422 371
87218: -429 -310 -419 183
87222: -429 -310 -423 439
87223: -429 -310 -424 503
87296: -445 -264 -417 49
87303: -445 -264 -424 497
87335: -445 -296 -424 501
87359: -445 -320 -424 504
87382: -453 -273 -487 443
87405: -453 -297 -486 382
87409: -453 -305 -482 127
87410: -453 -305 -483 191
87411: -453 -305 -484 255
87415: -453 -305 -488 511
87422: -453 -313 -487 448
87448: -461 -282 -481 60
87701: -493 -278 -486 379
87733: -493 -310 -486 383
88197: -46 -326 -46 321
88205: -46 -334 -46 322
88213: -46 -342 -46 323
88221: -46 -350 -46 324
88229: -46 -358 -46 325
88237: -46 -366 -46 326
88245: -46 -374 -46 327
88253: -46 -382 -46 328
88576: -94 -324 -105 9
88808: -118 -367 -105 14
88872: -126 -368 -105 14
89192: -166 -365 -169 22
89194: -166 -365 -171 150
89253: -174 -358 -174 341
89321: -182 -367 -170 86
89386: -190 -368 -171 150
89496: -206 -346 -233 28
89512: -206 -362 -233 30
89513: -206 -362 -234 94
89514: -206 -362 -235 158
89515: -206 -362 -236 222
89518: -206 -362 -239 414
89519: -206 -362 -240 478
89536: -214 -323 -233 25
89540: -214 -323 -237 281
89688: -230 -349 -233 28
89765: -238 -358 -238 349
89792: -246 -327 -233 25
89816: -246 -351 -233 28
89835: -246 -367 -236 222
89836: -246 -367 -237 286
89856: -254 -328 -233 25
89896: -254 -368 -233 30
90090: -278 -363 -299 166
90092: -278 -363 -301 294
90094: -278 -363 -303 422
90095: -278 -363 -304 486
90261: -302 -342 -302 355
90293: -302 -374 -302 359
90301: -302 -382 -302 360
90336: -310 -359 -297 37
90344: -310 -367 -297 38
90410: -318 -368 -299 166
90412: -318 -368 -301 294
90415: -318 -368 -304 486
90500: -334 -322 -365 297
90571: -342 -331 -364 234
90595: -342 -355 -364 237
90619: -342 -379 -364 240
90639: -350 -332 -368 490
90647: -350 -340 -368 491
90751: -358 -381 -368 496
90825: -374 -335 -362 106
90828: -374 -335 -365 298
90833: -374 -343 -362 107
90844: -374 -351 -365 300
90851: -374 -359 -364 237
90852: -374 -359 -365 301
90876: -374 -383 -365 304
90889: -382 -336 -362 106
90897: -382 -344 -362 107
90914: -382 -360 -363 173
90916: -382 -360 -365 301
91112: -406 -363 -425 54
91113: -406 -363 -426 118
91114: -406 -363 -427 182
91115: -406 -363 -428 246
91116: -406 -363 -429 310
91118: -406 -363 -431 438
91119: -406 -363 -432 502
91136: -414 -324 -425 49
91176: -414 -364 -425 54
91177: -414 -364 -426 118
91179: -414 -364 -428 246
91182: -414 -364 -431 438
91240: -422 -365 -425 54
91242: -422 -365 -427 182
91244: -422 -365 -429 310
91246: -422 -365 -431 438
91247: -422 -365 -432 502
91285: -430 -342 -430 371
91325: -430 -382 -430 376
91648: -478 -324 -489 57
91689: -478 -364 -490 126
91691: -478 -364 -492 254
91712: -486 -325 -489 57
91755: -486 -365 -492 254
91759: -486 -365 -496 510
91829: -494 -374 -494 383
92423: -63 -392 -56 449
92431: -63 -400 -56 450
92439: -63 -408 -56 451
92447: -63 -416 -56 452
92455: -63 -424 -56 453
92463: -63 -432 -56 454
92471: -63 -440 -56 455
92479: -63 -448 -56 456
92672: -95 -388 -113 9
93024: -135 -417 -177 21
93032: -135 -425 -177 22
93033: -135 -425 -178 86
93037: -135 -425 -182 342
93048: -135 -441 -177 24
93092: -143 -418 -181 277
93337: -175 -414 -178 84
93512: -199 -393 -241 26
93539: -199 -417 -244 221
93544: -199 -425 -241 30
93545: -199 -425 -242 94
93549: -199 -425 -246 350
93568: -207 -386 -241 25
93602: -207 -418 -243 157
93608: -207 -426 -241 30
94033: -263 -401 -306 99
94242: -287 -420 -307 165
94250: -287 -428 -307 166
94360: -303 -414 -305 36
94375: -303 -422 -312 485
94541: -327 -393 -374 362
94549: -327 -401 -374 363
94557: -327 -409 -374 364
94565: -327 -417 -374 365
94573: -327 -425 -374 366
94581: -327 -433 -374 367
94589: -327 -441 -374 368
95338: -423 -429 -435 182
95348: -423 -437 -437 311
95393: -431 -422 -434 117
95394: -431 -422 -435 181
95616: -463 -386 -497 57
95928: -495 -446 -497 64
95929: -495 -446 -498 128
95935: -495 -446 -504 512
95942: -503 -391 -503 441
96454: -56 -455 -63 385
96462: -56 -463 -63 386
96470: -56 -471 -63 387
96478: -56 -479 -63 388
96486: -56 -487 -63 389
96494: -56 -495 -63 390
96502: -56 -503 -63 391
96510: -56 -511 -63 392
96768: -96 -452 -121 9
96896: -112 -454 -121 9
97120: -136 -481 -185 21
97122: -136 -481 -187 149
97128: -136 -489 -185 22
97133: -136 -489 -190 342
97150: -136 -505 -191 408
97217: -152 -451 -186 81
97344: -168 -453 -185 17
97433: -176 -478 -186 84
97664: -208 -450 -249 25
97675: -208 -458 -252 218
97683: -208 -466 -252 219
97691: -208 -474 -252 220
97701: -208 -482 -254 349
97715: -208 -498 -252 223
97723: -208 -506 -252 224
98153: -264 -489 -314 102
98154: -264 -489 -315 166
98156: -264 -489 -317 294
98157: -264 -489 -318 358
98245: -280 -451 -318 353
98309: -288 -452 -318 353
98450: -304 -470 -315 163
98470: -304 -486 -319 421
98575: -320 -464 -320 482
98599: -320 -488 -320 485
98623: -320 -512 -320 488
98637: -328 -457 -382 362
98653: -328 -473 -382 364
98661: -328 -481 -382 365
98669: -328 -489 -382 366
98677: -328 -497 -382 367
98685: -328 -505 -382 368
99087: -384 -464 -384 490
99204: -400 -450 -445 305
99264: -408 -451 -441 49
99265: -408 -451 -442 113
99266: -408 -451 -443 177
99267: -408 -451 -444 241
99268: -408 -451 -445 305
99269: -408 -451 -446 369
99270: -408 -451 -447 433
99328: -416 -452 -441 49
99329: -416 -452 -442 113
99330: -416 -452 -443 177
99331: -416 -452 -444 241
99332: -416 -452 -445 305
99333: -416 -452 -446 369
99334: -416 -452 -447 433
99392: -424 -453 -441 49
99393: -424 -453 -442 113
99394: -424 -453 -443 177
99395: -424 -453 -444 241
99396: -424 -453 -445 305
99397: -424 -453 -446 369
99398: -424 -453 -447 433
99458: -432 -454 -443 177
99591: -448 -456 -448 497
99639: -448 -504 -448 503
99647: -448 -512 -448 504
99904: -488 -453 -505 57
99906: -488 -453 -507 185
99909: -488 -453 -510 377
100135: -512 -488 -512 509
100182: -33 -41
100183: -33 -49
100184: -33 -57
100189: -2 -10
100190: -2 -18
100191: -2 -26
100192: -2 -34
100193: -2 -42
100194: -2 -50
100195: -2 -58
100225: -11 -19
100227: -11 -35
100228: -11 -43
100229: -11 -51
100230: -11 -59
100260: -20 -28
100261: -20 -36
100262: -20 -44
100263: -20 -52
100264: -20 -60
100294: -29 -37
100295: -29 -45
100296: -29 -53
100297: -29 -61
100330: -46 -54
100331: -46 -62
100390: -56 -64
100409: -81 -121
100418: -105 -121
100419: -113 -121
100420: 65 73 81 89 97 105 113 121
100473: -99 -115
100478: 67 75 83 91 99 107 115 123
100479: -68 -76
100480: -68 -84
100481: -68 -92
100482: -68 -100
100483: -68 -108
100484: -68 -116
100485: -68 -124
100533: -109 -117
100536: 69 77 85 93 101 109 117 125
100550: -86 -94
100623: 72 80 88 96 104 112 120 128
100634: -137 -169
100638: -145 -161
100639: -145 -169
100642: -153 -161
100643: -153 -169
100648: -161 -185
100649: -169 -177
100650: -169 -185
100652: 129 137 145 153 161 169 177 185
100681: 130 138 146 154 162 170 178 186
100683: -131 -147
100686: -131 -171
100710: 131 139 147 155 163 171 179 187
100728: -148 -188
100732: -156 -188
100744: -133 -173
100745: -133 -181
100746: -133 -189
100768: 133 141 149 157 165 173 181 189
100771: -134 -158
100772: -134 -166
100773: -134 -174
100774: -134 -182
100775: -134 -190
100783: -150 -166
100786: -150 -190
100787: -158 -166
100793: -166 -190
100798: -135 -143
100799: -135 -151
100801: -135 -167
100802: -135 -175
100803: -135 -183
100804: -135 -191
100816: -159 -167
100819: -159 -191
100826: 135 143 151 159 167 175 183 191
100828: -136 -152
100829: -136 -160
100830: -136 -168
100831: -136 -176
100832: -136 -184
100840: -152 -160
100844: -152 -192
100871: -209 -233
100878: -225 -233
100879: -225 -241
100884: 193 201 209 217 225 233 241 249
100885: -194 -202
100889: -194 -234
100895: -202 -234
100904: -218 -234
100907: -226 -234
100937: -227 -243
100941: -243 -251
100942: 195 203 211 219 227 235 243 251
100943: -196 -204
100947: -196 -236
100949: -196 -252
100950: -204 -212
100951: -204 -220
100953: -204 -236
100954: -204 -244
100955: -204 -252
100970: -244 -252
100971: 196 204 212 220 228 236 244 252
100976: -197 -237
100991: -221 -237
101000: 197 205 213 221 229 237 245 253
101001: -198 -206
101006: -198 -246
101009: -206 -222
101011: -206 -238
101012: -206 -246
101013: -206 -254
101028: -246 -254
101029: 198 206 214 222 230 238 246 254
101030: -199 -207
101041: -207 -247
101042: -207 -255
101059: -200 -208
101061: -200 -224
101066: -208 -216
101067: -208 -224
101070: -208 -248
101103: -273 -297
101107: -281 -297
101109: -281 -313
101113: -297 -305
101114: -297 -313
101115: -305 -313
101116: 257 265 273 281 289 297 305 313
101135: -282 -290
101138: -282 -314
101143: -298 -314
101145: 258 266 274 282 290 298 306 314
101148: -259 -283
101150: -259 -299
101161: -275 -299
101163: -275 -315
101168: -291 -299
101170: -291 -315
101174: 259 267 275 283 291 299 307 315
101232: 261 269 277 285 293 301 309 317
101234: -262 -278
101239: -262 -318
101247: -278 -294
101253: -286 -310
101256: -294 -310
101257: -294 -318
101261: 262 270 278 286 294 302 310 318
101263: -263 -279
101264: -263 -287
101266: -263 -303
101267: -263 -311
101276: -279 -295
101277: -279 -303
101278: -279 -311
101279: -279 -319
101287: -303 -311
101290: 263 271 279 287 295 303 311 319
101292: -264 -280
101293: -264 -288
101294: -264 -296
101295: -264 -304
101297: -264 -320
101306: -280 -304
101317: -304 -320
101319: 264 272 280 288 296 304 312 320
101343: -353 -369
101347: -369 -377
101348: 321 329 337 345 353 361 369 377
101377: 322 330 338 346 354 362 370 378
101379: -323 -339
101380: -323 -347
101381: -323 -355
101382: -323 -363
101383: -323 -371
101384: -323 -379
101387: -331 -355
101396: -347 -355
101403: -363 -371
101404: -363 -379
101406: 323 331 339 347 355 363 371 379
101407: -324 -332
101408: -324 -340
101410: -324 -356
101411: -324 -364
101417: -332 -364
101429: -356 -364
101432: -364 -372
101436: -325 -333
101437: -325 -341
101438: -325 -349
101440: -325 -365
101442: -325 -381
101445: -333 -357
101451: -341 -365
101454: -349 -357
101464: 325 333 341 349 357 365 373 381
101476: -334 -374
101477: -334 -382
101478: -342 -350
101479: -342 -358
101481: -342 -374
101482: -342 -382
101488: -358 -374
101489: -358 -382
101493: 326 334 342 350 358 366 374 382
101494: -327 -335
101495: -327 -343
101496: -327 -351
101497: -327 -359
101498: -327 -367
101500: -327 -383
101516: -359 -367
101519: -367 -375
101520: -367 -383
101522: 327 335 343 351 359 367 375 383
101523: -328 -336
101525: -328 -352
101526: -328 -360
101527: -328 -368
101528: -328 -376
101545: -360 -368
101547: -360 -384
101548: -368 -376
101549: -368 -384
101551: 328 336 344 352 360 368 376 384
101562: -393 -425
101567: -401 -425
101574: -417 -425
101576: -417 -441
101577: -425 -433
101578: -425 -441
101580: 385 393 401 409 417 425 433 441
101584: -386 -418
101586: -386 -434
101595: -402 -418
101604: -418 -434
101614: -387 -427
101625: -403 -427
101638: 387 395 403 411 419 427 435 443
101640: -388 -404
101658: -412 -428
101664: -428 -436
101696: 389 397 405 413 421 429 437 445
101698: -390 -406
101700: -390 -422
101703: -390 -446
101705: -398 -414
101710: -406 -414
101711: -406 -422
101713: -406 -438
101715: -414 -422
101717: -414 -438
101720: -422 -438
101721: -422 -446
101729: -391 -423
101731: -391 -439
101749: -423 -439
101754: 391 399 407 415 423 431 439 447
101769: -408 -424
101783: 392 400 408 416 424 432 440 448
101794: -457 -489
101798: -465 -481
101799: -465 -489
101806: -481 -489
101812: 449 457 465 473 481 489 497 505
101841: 450 458 466 474 482 490 498 506
101843: -451 -467
101844: -451 -475
101845: -451 -483
101846: -451 -491
101848: -451 -507
101857: -467 -491
101872: -452 -468
101873: -452 -476
101874: -452 -484
101875: -452 -492
101877: -452 -508
101878: -460 -468
101899: 452 460 468 476 484 492 500 508
101903: -453 -485
101905: -453 -501
101906: -453 -509
101928: 453 461 469 477 485 493 501 509
101929: -454 -462
101930: -454 -470
101932: -454 -486
101934: -454 -502
101943: -470 -486
101947: -478 -486
101953: -486 -510
101965: -463 -471
101986: 455 463 471 479 487 495 503 511
102011: -488 -512
102015: 456 464 472 480 488 496 504 512
102098: -138 -75 139
102100: -138 -77 267
102101: -138 -78 331
102171: -211 -148 212
102172: -211 -149 276
102174: -211 -151 404
102175: -211 -152 468
102322: -421 -291 167
102330: -485 -291 168
102336: -46 -361 41
102337: -46 -362 105
102338: -46 -363 169
102339: -46 -364 233
102340: -46 -365 297
102342: -46 -367 425
102343: -46 -368 489
102346: -110 -363 170
102347: -110 -364 234
102350: -110 -367 426
102355: -174 -364 235
102356: -174 -365 299
102358: -174 -367 427
102359: -174 -368 491
102366: -238 -367 428
102367: -238 -368 492
102370: -302 -363 173
102371: -302 -364 237
102374: -302 -367 429
102375: -302 -368 493
102386: -430 -363 175
102387: -430 -364 239
102388: -430 -365 303
102394: -494 -363 176
102395: -494 -364 240
102396: -494 -365 304
103869: -149 -280 -190 360
103995: -151 -408 -188 248
103997: -151 -408 -190 376
104025: -152 -468 -154 124
104028: -152 -468 -157 316
104030: -152 -468 -159 444
104097: -217 -29 -226 69
104098: -217 -29 -227 133
104188: -218 -96 -253 272
104711: -291 -161 -264 465
104971: -295 -418 -268 242
105021: -295 -424 -318 376
105035: -296 -482 -268 250
105077: -296 -487 -310 383
105155: -362 -105 -324 201
105156: -362 -105 -325 265
105217: -363 -169 -322 81
105220: -363 -169 -325 273
105222: -363 -169 -327 401
105223: -363 -169 -328 465
105281: -364 -233 -322 89
105286: -364 -233 -327 409
105287: -364 -233 -328 473
105346: -365 -297 -323 161
105347: -365 -297 -324 225
105350: -365 -297 -327 417
105351: -365 -297 -328 481
105473: -367 -425 -322 113
105475: -367 -425 -324 241
105476: -367 -425 -325 305
105537: -368 -489 -322 121
105538: -368 -489 -323 185
105539: -368 -489 -324 249
105540: -368 -489 -325 313
105836: -436 -246 -429 286
105875: -437 -307 -404 227
105877: -437 -307 -406 355
105879: -437 -307 -408 483
106161: -505 -63 -498 71
106180: -506 -121 -453 265
106348: -508 -254 -493 286
108101: -152 -465 -171 377
108193: -217 -29 -204 69
108481: -222 -345 -204 105
108806: -291 -161 -309 401
108807: -291 -161 -317 465
109252: -362 -105 -358 265
109254: -362 -105 -374 393
109255: -362 -105 -382 457
109313: -363 -169 -334 81
109316: -363 -169 -358 273
109318: -363 -169 -374 401
109319: -363 -169 -382 465
109377: -364 -233 -334 89
109441: -365 -297 -334 97
109442: -365 -297 -342 161
109443: -365 -297 -350 225
109446: -365 -297 -374 417
109447: -365 -297 -382 481
109463: -365 -299 -382 483
109569: -367 -425 -334 113
109570: -367 -425 -342 177
109572: -367 -425 -358 305
109633: -368 -489 -334 121
109634: -368 -489 -342 185
109635: -368 -489 -350 249
109636: -368 -489 -358 313
109756: -433 -56 -423 264
110257: -505 -63 -464 71
110259: -505 -63 -480 199
110260: -505 -63 -488 263
110261: -505 -63 -496 327
110720: -2 -1 -1
110923: -222 -220 -220
111168: -2 -65
111169: -2 -9
111170: -2 -73
111171: -2 -66
112048: -79 -115 -138
112413: -150 -342
112896: -222 -350
112938: -222 -233 -196
113103: -289 -33
113223: -290 -268 -285
113379: -294 -358
113490: -295 -305 -261
113559: -296 -313 -261
113721: -363 -174
113722: -363 -342
113723: -363 -150
113725: -363 -339
113767: -363 -337 -46
113790: -364 -238
113791: -364 -350
113792: -364 -222
113794: -364 -348
113836: -364 -345 -46
113841: -364 -347 -342
113858: -364 -352 -492
113859: -365 -302
113860: -365 -358
113861: -365 -294
113862: -365 -301
113863: -365 -357
113905: -365 -353 -46
113910: -365 -355 -342
113922: -365 -359 -374
113927: -365 -360 -493
113928: -367 -430
113929: -367 -374
113930: -367 -438
113974: -367 -369 -46
113997: -368 -494
113998: -368 -382
113999: -368 -510
114000: -368 -496
114043: -368 -377 -46
114402: -437 -422 -431
114414: -438 -374
114606: -505 -453 -488
114608: -505 -453 -313
114826: -509 -488
114885: -509 -486 -496
114897: -510 -382
115032: 2
115033: 11
115034: 20
115035: 29
115036: 33
115037: 46
115038: 56
120180: -726 361 -489
120183: -726 362 -490
120186: -726 363 -491
120187: 726 -364 -492
120188: -726 -364 492
120189: -726 364 -492
120196: 726 -367 -495
120197: -726 -367 495
120198: -726 367 -495
120201: -726 368 -496