5 1 1 1
UNSAT
7: -2 -3
8: -2 -4
9: -2 -5
10: -2 -6
11: -2 -7
12: -2 -8
42: -11 -12
43: -11 -13
44: -11 -14
45: -11 -15
46: -11 -16
76: -20 -21
77: -20 -22
79: -20 -24
90: -25 -29
109: -29 -30
110: -29 -31
111: -29 -32
120: -33 -38
121: -33 -39
122: -33 -40
170: -46 -47
171: -46 -48
201: -55 -56
289: 73 74 75 76 77 78 79 80
290: -81 -82
291: -81 -83
335: -91 -95
347: 89 90 91 92 93 94 95 96
348: -97 -98
349: -97 -99
351: -97 -101
352: -97 -102
353: -97 -103
354: -97 -104
378: -105 -107
381: -105 -110
386: -106 -109
399: -109 -110
411: -113 -119
439: -121 -126
441: -121 -128
463: 121 122 123 124 125 126 127 128
489: -134 -135
490: -134 -136
491: -135 -136
492: 129 130 131 132 133 134 135 136
550: 145 146 147 148 149 150 151 152
552: -153 -155
554: -153 -157
585: -161 -167
608: 161 162 163 164 165 166 167 168
611: -169 -172
612: -169 -173
613: -169 -174
614: -169 -175
615: -169 -176
637: 169 170 171 172 173 174 175 176
643: -177 -183
666: 177 178 179 180 181 182 183 184
670: -185 -189
672: -185 -191
673: -185 -192
695: 185 186 187 188 189 190 191 192
704: -194 -196
705: -194 -197
706: -194 -198
707: -194 -199
708: -194 -200
724: 193 194 195 196 197 198 199 200
733: -202 -204
750: -206 -207
752: -207 -208
753: 201 202 203 204 205 206 207 208
785: -217 -220
786: -217 -221
792: -218 -221
809: -222 -224
811: 217 218 219 220 221 222 223 224
815: -225 -229
826: -227 -229
840: 225 226 227 228 229 230 231 232
842: -233 -235
843: -233 -236
846: -233 -239
854: -235 -236
860: -236 -238
869: 233 234 235 236 237 238 239 240
871: -241 -243
873: -241 -245
900: -249 -251
903: -249 -254
904: -249 -255
912: -251 -252
913: -251 -253
927: 249 250 251 252 253 254 255 256
942: -259 -261
956: 257 258 259 260 261 262 263 264
1001: -275 -278
1008: -277 -278
1012: -278 -280
1014: 273 274 275 276 277 278 279 280
1019: -281 -286
1025: -282 -286
1026: -282 -287
1027: -282 -288
1032: -283 -288
1043: 281 282 283 284 285 286 287 288
1072: 289 290 291 292 293 294 295 296
1074: -297 -299
1078: -297 -303
1079: -297 -304
1101: 297 298 299 300 301 302 303 304
1108: -305 -312
1109: -306 -307
1117: -307 -310
1128: -310 -312
1131: -313 -314
1132: -313 -315
1136: -313 -319
1138: -314 -315
1146: -315 -318
1159: 313 314 315 316 317 318 319 320
1168: -322 -324
1171: -322 -327
1172: -322 -328
1173: -323 -324
1176: -323 -327
1178: -324 -325
1180: -324 -327
1181: -324 -328
1183: -325 -327
1184: -325 -328
1188: 321 322 323 324 325 326 327 328
1193: -329 -334
1204: -331 -334
1212: -333 -335
1217: 329 330 331 332 333 334 335 336
1218: -337 -338
1222: -337 -342
1223: -337 -343
1246: 337 338 339 340 341 342 343 344
1247: -345 -346
1249: -345 -348
1251: -345 -350
1253: -345 -352
1268: -348 -352
1273: -350 -352
1275: 345 346 347 348 349 350 351 352
1279: -353 -357
1280: -353 -358
1281: -353 -359
1282: -353 -360
1298: -357 -358
1302: -358 -360
1312: -362 -363
1313: -362 -364
1316: -362 -367
1317: -362 -368
1318: -363 -364
1319: -363 -365
1321: -363 -367
1322: -363 -368
1325: -364 -367
1326: -364 -368
1332: -367 -368
1333: 361 362 363 364 365 366 367 368
1338: -369 -374
1339: -369 -375
1342: -370 -372
1356: -373 -374
1359: -374 -375
1362: 369 370 371 372 373 374 375 376
1367: -377 -382
1368: -377 -383
1369: -377 -384
1373: -378 -382
1385: -381 -382
1389: -382 -384
1391: 377 378 379 380 381 382 383 384
1420: 385 386 387 388 389 390 391 392
1426: -393 -399
1465: -403 -406
1478: 401 402 403 404 405 406 407 408
1490: -410 -415
1502: -413 -415
1537: -425 -426
1538: -425 -427
1539: -425 -428
1540: -425 -429
1543: -425 -432
1563: -430 -432
1565: 425 426 427 428 429 430 431 432
1594: 433 434 435 436 437 438 439 440
1595: -441 -442
1598: -441 -445
1599: -441 -446
1600: -441 -447
1618: -445 -447
1632: -450 -452
1647: -453 -455
1652: 449 450 451 452 453 454 455 456
1677: -461 -464
1679: -462 -464
1688: -465 -472
1715: -473 -478
1717: -473 -480
1739: 473 474 475 476 477 478 479 480
1752: -482 -488
1769: -489 -490
1770: -489 -491
1771: -489 -492
1772: -489 -493
1773: -489 -494
1774: -489 -495
1782: -491 -492
1797: 489 490 491 492 493 494 495 496
1803: -497 -503
1804: -497 -504
1808: -498 -502
1820: -501 -502
1822: -501 -504
1824: -502 -504
1834: -506 -507
1838: -506 -511
1841: -507 -509
1843: -507 -511
1855: 505 506 507 508 509 510 511 512
1939: -2 -67 -20 25
2561: -68 -201 -2 73
2570: -68 -202 -11 81
2579: -68 -203 -20 89
2588: -68 -204 -29 97
2592: -68 -205 -33 65
2605: -68 -206 -46 105
2614: -68 -207 -55 113
2623: -68 -208 -64 121
3040: -131 -149 -33 129
3053: -131 -150 -46 169
3062: -131 -151 -55 177
3073: -132 -209 -2 137
3137: -133 -273 -2 137
3155: -133 -275 -20 153
3181: -133 -278 -46 169
3190: -133 -279 -55 177
3199: -133 -280 -64 185
3219: -134 -339 -20 153
3232: -134 -341 -33 129
3245: -134 -342 -46 169
3254: -134 -343 -55 177
3263: -134 -344 -64 185
3265: -135 -401 -2 137
3274: -135 -402 -11 145
3283: -135 -403 -20 153
3296: -135 -405 -33 129
3318: -135 -407 -55 177
3327: -135 -408 -64 185
3347: -136 -467 -20 153
3360: -136 -469 -33 129
3391: -136 -472 -64 185
3488: -194 -93 -33 193
3501: -194 -94 -46 233
3510: -194 -95 -55 241
3519: -194 -96 -64 249
3585: -196 -217 -2 201
3594: -196 -218 -11 209
3616: -196 -221 -33 193
3629: -196 -222 -46 233
3680: -197 -285 -33 193
3693: -197 -286 -46 233
3711: -197 -288 -64 249
3713: -198 -345 -2 201
3757: -198 -350 -46 233
3777: -199 -409 -2 201
3830: -199 -415 -55 241
3841: -200 -473 -2 201
3859: -200 -475 -20 217
3868: -200 -476 -29 225
3872: -200 -477 -33 193
3885: -200 -478 -46 233
3903: -200 -480 -64 249
3905: -257 -33 -2 265
4033: -259 -161 -2 265
4042: -259 -162 -11 273
4051: -259 -163 -20 281
4060: -259 -164 -29 289
4064: -259 -165 -33 257
4086: -259 -167 -55 305
4179: -261 -291 -20 281
4225: -262 -353 -2 265
4269: -262 -358 -46 297
4307: -263 -419 -20 281
4342: -263 -423 -55 305
4371: -264 -483 -20 281
4406: -264 -487 -55 305
4415: -264 -488 -64 313
4512: -322 -109 -33 321
4534: -322 -111 -55 369
4543: -322 -112 -64 377
4554: -323 -170 -11 337
4563: -323 -171 -20 345
4572: -323 -172 -29 353
4576: -323 -173 -33 321
4598: -323 -175 -55 369
4607: -323 -176 -64 377
4618: -324 -234 -11 337
4627: -324 -235 -20 345
4640: -324 -237 -33 321
4653: -324 -238 -46 361
4662: -324 -239 -55 369
4671: -324 -240 -64 377
4682: -325 -298 -11 337
4691: -325 -299 -20 345
4704: -325 -301 -33 321
4717: -325 -302 -46 361
4726: -325 -303 -55 369
4735: -325 -304 -64 377
4801: -327 -425 -2 329
4810: -327 -426 -11 337
4819: -327 -427 -20 345
4828: -327 -428 -29 353
4832: -327 -429 -33 321
4845: -327 -430 -46 361
4854: -327 -431 -55 369
4863: -327 -432 -64 377
4874: -328 -490 -11 337
4883: -328 -491 -20 345
4892: -328 -492 -29 353
4896: -328 -493 -33 321
4909: -328 -494 -46 361
4927: -328 -496 -64 377
4993: -386 -113 -2 393
5046: -386 -119 -55 433
5055: -386 -120 -64 441
5057: -387 -177 -2 393
5066: -387 -178 -11 401
5084: -387 -180 -29 417
5088: -387 -181 -33 385
5101: -387 -182 -46 425
5110: -387 -183 -55 433
5185: -389 -305 -2 393
5247: -389 -312 -64 441
5280: -390 -373 -33 385
5293: -390 -374 -46 425
5408: -392 -501 -33 385
5430: -392 -503 -55 433
5439: -392 -504 -64 441
5505: -450 -121 -2 457
5536: -450 -125 -33 449
5549: -450 -126 -46 489
5558: -450 -127 -55 497
5569: -451 -185 -2 457
5578: -451 -186 -11 465
5587: -451 -187 -20 473
5596: -451 -188 -29 481
5600: -451 -189 -33 449
5613: -451 -190 -46 489
5622: -451 -191 -55 497
5633: -452 -249 -2 457
5651: -452 -251 -20 473
5660: -452 -252 -29 481
5664: -452 -253 -33 449
5677: -452 -254 -46 489
5686: -452 -255 -55 497
5697: -453 -313 -2 457
5706: -453 -314 -11 465
5715: -453 -315 -20 473
5728: -453 -317 -33 449
5741: -453 -318 -46 489
5750: -453 -319 -55 497
5759: -453 -320 -64 505
5792: -454 -381 -33 449
5805: -454 -382 -46 489
5825: -455 -441 -2 457
5856: -455 -445 -33 449
5878: -455 -447 -55 497
6125: -11 -134 -110 42
6129: -11 -135 -114 10
6133: -11 -135 -118 42
6137: -11 -136 -122 10
6141: -11 -136 -126 42
7000: -137 -20 -89 130
7058: -138 -83 -83 146
7171: -140 -209 -68 154
7299: -142 -337 -68 154
7712: -204 -221 -97 194
7724: -204 -222 -109 226
7727: -204 -222 -112 250
7732: -204 -223 -117 226
7737: -204 -224 -122 202
7740: -204 -224 -125 226
7741: -204 -224 -126 234
7811: -206 -345 -68 218
7848: -206 -350 -105 194
7875: -207 -409 -68 218
7920: -207 -415 -113 194
7992: -208 -480 -121 194
8195: -268 -225 -68 282
8201: -268 -226 -74 266
8224: -268 -229 -97 258
8236: -268 -230 -109 290
8238: -268 -230 -111 306
8239: -268 -230 -112 314
8240: -268 -231 -113 258
8248: -268 -232 -121 258
8552: -329 -46 -105 322
8861: -334 -364 -94 362
8885: -334 -367 -118 362
8886: -334 -367 -119 370
8953: -335 -432 -122 330
9076: -393 -55 -117 418
9283: -397 -305 -68 410
9353: -398 -370 -74 394
9356: -398 -370 -77 418
9357: -398 -370 -78 426
9358: -398 -370 -79 434
9466: -399 -440 -123 402
9592: -457 -64 -121 450
9593: -457 -64 -122 458
9594: -457 -64 -123 466
9598: -457 -64 -127 498
9865: -462 -378 -74 458
9868: -462 -378 -77 482
9869: -462 -378 -78 490
9871: -462 -378 -80 506
9997: -464 -506 -78 490
10015: -464 -508 -96 506
10026: -464 -510 -107 466
10034: -464 -511 -115 466
10250: -20 -194 -139 19
10253: -20 -194 -142 43
10254: -20 -194 -143 51
10272: -20 -197 -161 3
10274: -20 -197 -163 19
10276: -20 -197 -165 35
10277: -20 -197 -166 43
10280: -20 -198 -169 3
10288: -20 -199 -177 3
10296: -20 -200 -185 3
10576: -81 -11 -145 67
10578: -81 -11 -147 83
10579: -81 -11 -148 91
10664: -82 -78 -169 67
10840: -85 -268 -153 67
11378: -149 -279 -179 147
11616: -209 -29 -161 195
11808: -212 -221 -161 195
11811: -212 -221 -164 219
11852: -213 -282 -141 227
11880: -213 -286 -169 195
11892: -213 -287 -181 227
12099: -273 -33 -132 283
12101: -273 -33 -134 299
12102: -273 -33 -135 307
12103: -273 -33 -136 315
12420: -278 -353 -133 291
12456: -278 -358 -169 259
12489: -279 -418 -138 267
12600: -280 -488 -185 259
12648: -337 -46 -169 323
12649: -337 -46 -170 331
12652: -337 -46 -173 355
12677: -338 -105 -134 363
12963: -342 -365 -164 347
12965: -342 -365 -166 363
12977: -342 -367 -178 331
12982: -342 -367 -183 371
12985: -342 -368 -186 331
12989: -342 -368 -190 363
13061: -344 -489 -134 363
13112: -344 -496 -185 323
13168: -401 -55 -177 387
13190: -402 -113 -135 435
13281: -403 -181 -162 395
13318: -404 -241 -135 435
13332: -404 -243 -149 419
13381: -405 -305 -134 427
13446: -406 -369 -135 435
13474: -406 -373 -163 403
13480: -406 -374 -169 387
13574: -408 -497 -135 435
13610: -408 -502 -171 403
13624: -408 -504 -185 387
13688: -465 -64 -185 451
13693: -465 -64 -190 491
13703: -466 -121 -136 507
13844: -468 -251 -149 483
13959: -470 -377 -136 507
14023: -471 -441 -136 507
14058: -471 -446 -171 467
14064: -471 -447 -177 451
14106: -472 -508 -155 467
14116: -472 -509 -165 483
14119: -472 -509 -168 507
14417: -29 -259 -210 12
14440: -29 -262 -233 4
14448: -29 -263 -241 4
14456: -29 -264 -249 4
14763: -90 -78 -236 92
15041: -95 -393 -194 76
15193: -153 -20 -218 140
15196: -153 -20 -221 164
15528: -158 -342 -233 132
15713: -217 -29 -226 204
15715: -217 -29 -228 220
15716: -217 -29 -229 228
15719: -217 -29 -232 252
15947: -221 -282 -204 220
15950: -221 -282 -207 244
15977: -221 -286 -234 204
16011: -222 -346 -204 220
16139: -224 -474 -204 220
16556: -286 -358 -237 292
16606: -287 -420 -223 308
16655: -288 -482 -208 316
16671: -288 -484 -224 316
16744: -345 -46 -233 324
16747: -345 -46 -236 348
16748: -345 -46 -237 356
17074: -350 -367 -243 340
17078: -350 -367 -247 372
17087: -350 -368 -256 380
17117: -351 -428 -222 364
17264: -409 -55 -241 388
17670: -416 -497 -199 436
17784: -473 -64 -249 452
17789: -473 -64 -254 492
17870: -475 -186 -207 500
18079: -478 -380 -224 508
18160: -479 -447 -241 452
18231: -480 -511 -248 508
18248: -33 -2 -265 5
18249: -33 -2 -266 13
18250: -33 -2 -267 21
18252: -33 -2 -269 37
18253: -33 -2 -270 45
18254: -33 -2 -271 53
18255: -33 -2 -272 61
18768: -97 -11 -273 69
18769: -97 -11 -274 77
18770: -97 -11 -275 85
18772: -97 -11 -277 101
18773: -97 -11 -278 109
18774: -97 -11 -279 117
18775: -97 -11 -280 125
18891: -99 -138 -268 93
19289: -161 -20 -282 141
19290: -161 -20 -283 149
19292: -161 -20 -285 165
19293: -161 -20 -286 173
19376: -162 -87 -305 133
19696: -167 -407 -305 133
19768: -168 -472 -313 133
19809: -225 -29 -290 205
19810: -225 -29 -291 213
19812: -225 -29 -293 229
19908: -227 -153 -261 229
20082: -229 -287 -307 213
20103: -230 -345 -264 253
20354: -290 -97 -259 277
20609: -294 -353 -258 269
20722: -295 -423 -307 277
20794: -296 -488 -315 277
20840: -353 -46 -297 325
20842: -353 -46 -299 341
20844: -353 -46 -301 357
20846: -353 -46 -303 373
20847: -353 -46 -304 381
21141: -358 -363 -278 365
21173: -358 -367 -310 365
21174: -358 -367 -311 373
21177: -358 -368 -314 333
21181: -358 -368 -318 365
21183: -358 -368 -320 381
21365: -417 -55 -310 429
21367: -417 -55 -312 445
21638: -422 -369 -263 437
21707: -423 -434 -268 413
21766: -424 -497 -263 437
21816: -424 -504 -313 389
21880: -481 -64 -313 453
21885: -481 -64 -318 493
21886: -481 -64 -319 501
21890: -482 -121 -259 469
21892: -482 -121 -261 485
22151: -486 -377 -264 509
22184: -486 -382 -297 453
22185: -486 -382 -298 461
22283: -488 -506 -268 477
22295: -488 -507 -280 509
22327: -488 -511 -312 509
22664: -46 -322 -329 6
22671: -46 -322 -336 62
22672: -46 -323 -337 6
22675: -46 -323 -340 30
22676: -46 -323 -341 38
22680: -46 -324 -345 6
22684: -46 -324 -349 38
22687: -46 -324 -352 62
22688: -46 -325 -353 6
22689: -46 -325 -354 14
22691: -46 -325 -356 30
22694: -46 -325 -359 54
22704: -46 -327 -369 6
22705: -46 -327 -370 14
22708: -46 -327 -373 38
22712: -46 -328 -377 6
22713: -46 -328 -378 14
22864: -105 -11 -337 70
22867: -105 -11 -340 94
22869: -105 -11 -342 110
22871: -105 -11 -344 126
22933: -106 -75 -342 110
23128: -109 -268 -345 70
23129: -109 -268 -346 78
23131: -109 -268 -348 94
23132: -109 -268 -349 102
23133: -109 -268 -350 110
23384: -169 -20 -345 134
23389: -169 -20 -350 174
23390: -169 -20 -351 182
23509: -171 -147 -342 174
23512: -171 -148 -345 134
23677: -173 -280 -382 174
23797: -175 -407 -374 174
23904: -233 -29 -353 198
23905: -233 -29 -354 206
23909: -233 -29 -358 238
24007: -235 -153 -328 254
24067: -236 -217 -324 222
24385: -297 -33 -322 270
24386: -297 -33 -323 278
24387: -297 -33 -324 286
24391: -297 -33 -328 318
24450: -298 -97 -323 278
24451: -298 -97 -324 286
24452: -298 -97 -325 294
24816: -303 -423 -369 262
24829: -303 -424 -382 302
24893: -304 -488 -382 302
24962: -362 -105 -323 342
25092: -364 -233 -325 358
25456: -425 -55 -369 390
25459: -425 -55 -372 414
25460: -425 -55 -373 422
25461: -425 -55 -374 430
25463: -425 -55 -376 446
25478: -426 -113 -327 438
25606: -428 -241 -327 438
25898: -432 -502 -363 406
25903: -432 -502 -368 446
25979: -489 -64 -380 478
25980: -489 -64 -381 486
25981: -489 -64 -382 494
25982: -489 -64 -383 502
25991: -490 -121 -328 510
25993: -490 -122 -330 462
25998: -490 -122 -335 502
26000: -490 -123 -337 454
26027: -490 -126 -364 478
26087: -491 -189 -360 510
26824: -55 -386 -393 7
26840: -55 -388 -409 7
26849: -55 -389 -418 15
26853: -55 -389 -422 47
26855: -55 -389 -424 63
26872: -55 -392 -441 7
26960: -113 -11 -401 71
26963: -113 -11 -404 95
26965: -113 -11 -406 111
26966: -113 -11 -407 119
26967: -113 -11 -408 127
27022: -114 -74 -399 119
27024: -114 -75 -401 71
27051: -114 -78 -428 95
27055: -114 -78 -432 127
27228: -117 -268 -413 103
27480: -177 -20 -409 135
27481: -177 -20 -410 143
27485: -177 -20 -414 175
27486: -177 -20 -415 183
27606: -179 -147 -407 183
27608: -179 -148 -409 135
27816: -182 -342 -425 135
28000: -241 -29 -417 199
28004: -241 -29 -421 231
28005: -241 -29 -422 239
28006: -241 -29 -423 247
28097: -243 -153 -386 207
28103: -243 -153 -392 255
28481: -305 -33 -386 271
28482: -305 -33 -387 279
28483: -305 -33 -388 287
28485: -305 -33 -390 303
28487: -305 -33 -392 319
28804: -310 -353 -389 295
29032: -369 -46 -425 327
29036: -369 -46 -429 359
29038: -369 -46 -431 375
29039: -369 -46 -432 383
29300: -373 -303 -437 359
29334: -374 -363 -407 375
29342: -374 -364 -415 375
29371: -374 -368 -444 351
29372: -374 -368 -445 359
29373: -374 -368 -446 367
29374: -374 -368 -447 375
29375: -374 -368 -448 383
29432: -375 -432 -441 327
30078: -497 -64 -447 503
30087: -498 -121 -392 511
30343: -502 -377 -392 511
30510: -504 -510 -431 503
30984: -64 -450 -457 8
30992: -64 -451 -465 8
31006: -64 -452 -479 56
31009: -64 -453 -482 16
31013: -64 -453 -486 48
31016: -64 -454 -489 8
31024: -64 -455 -497 8
31027: -64 -455 -500 32
31029: -64 -455 -502 48
31056: -121 -11 -465 72
31061: -121 -11 -470 112
31062: -121 -11 -471 120
31063: -121 -11 -472 128
31320: -125 -268 -473 72
31324: -125 -268 -477 104
31325: -125 -268 -478 112
31327: -125 -268 -480 128
31576: -185 -20 -473 136
31581: -185 -20 -478 176
31583: -185 -20 -480 192
31874: -190 -337 -451 152
31984: -191 -407 -497 136
32096: -249 -29 -481 200
32100: -249 -29 -485 232
32101: -249 -29 -486 240
32103: -249 -29 -488 256
32577: -313 -33 -450 272
32578: -313 -33 -451 280
32579: -313 -33 -452 288
32581: -313 -33 -454 304
32582: -313 -33 -455 312
32900: -318 -353 -453 296
32936: -318 -358 -489 264
33128: -377 -46 -489 328
33132: -377 -46 -493 360
33135: -377 -46 -496 384
33404: -381 -304 -509 360
33417: -382 -362 -458 336
33423: -382 -362 -464 384
33429: -382 -363 -470 368
33431: -382 -363 -472 384
33462: -382 -367 -503 376
33463: -382 -367 -504 384
33653: -441 -55 -502 432
33655: -441 -55 -504 448
33926: -446 -369 -455 440
34243: -507 -185 -452 480
34308: -508 -249 -453 488
34892: -33 -2 -69 37
34893: -33 -2 -70 45
34894: -33 -2 -71 53
34895: -33 -2 -72 61
35291: -81 -68 -204 27
35483: -105 -68 -204 30
35486: -105 -68 -207 54
35487: -105 -68 -208 62
35547: -113 -68 -204 31
35551: -113 -68 -208 63
35611: -121 -68 -204 32
35614: -121 -68 -207 56
35903: -153 -136 -472 60
35949: -161 -134 -342 45
36007: -169 -133 -280 62
36022: -169 -135 -407 54
36069: -177 -133 -278 47
36133: -185 -133 -278 48
36653: -249 -198 -350 48
36845: -273 -262 -358 43
37119: -305 -264 -488 63
37165: -313 -262 -358 48
37339: -337 -324 -236 27
37408: -345 -325 -297 4
37415: -345 -325 -304 60
37457: -353 -323 -170 13
37576: -369 -322 -105 7
37585: -369 -323 -170 15
37649: -377 -323 -170 16
37666: -377 -325 -299 24
37670: -377 -325 -303 56
37680: -377 -327 -425 8
37682: -377 -327 -427 24
37683: -377 -327 -428 32
37856: -401 -389 -305 3
38024: -425 -386 -113 6
38033: -425 -387 -178 14
38040: -425 -388 -241 6
38042: -425 -388 -243 22
38048: -425 -389 -305 6
38152: -441 -386 -113 8
38536: -489 -450 -121 6
38544: -489 -451 -185 6
38552: -489 -452 -249 6
38553: -489 -452 -250 14
38560: -489 -453 -313 6
38566: -489 -453 -319 54
38576: -489 -455 -441 6
38616: -497 -452 -249 7
38736: -2 -11 -129 65
38737: -2 -11 -130 73
38738: -2 -11 -131 81
38739: -2 -11 -132 89
38740: -2 -11 -133 97
38741: -2 -11 -134 105
38742: -2 -11 -135 113
38743: -2 -11 -136 121
39651: -114 -77 -268 95
40045: -162 -142 -342 109
40330: -202 -202 -91 82
40541: -226 -204 -222 109
40543: -226 -204 -224 125
40605: -234 -204 -222 110
40606: -234 -204 -223 118
40767: -250 -208 -480 128
41240: -314 -268 -225 72
41322: -322 -334 -363 81
41326: -322 -334 -367 113
41352: -330 -330 -105 66
41641: -362 -334 -362 78
41842: -386 -399 -435 81
41844: -386 -399 -437 97
41871: -394 -394 -120 122
42167: -426 -399 -440 126
42362: -450 -464 -507 81
42363: -450 -464 -508 89
42364: -450 -464 -509 97
42365: -450 -464 -510 105
42366: -450 -464 -511 113
42382: -458 -458 -127 114
42503: -474 -457 -64 124
42669: -490 -462 -382 110
42695: -498 -457 -64 127
42904: -11 -20 -193 130
42905: -11 -20 -194 138
42907: -11 -20 -196 154
42908: -11 -20 -197 162
42909: -11 -20 -198 170
42911: -11 -20 -200 186
44327: -187 -149 -280 192
44496: -211 -211 -153 131
44497: -211 -211 -154 139
44864: -259 -273 -33 129
44904: -259 -278 -353 129
45184: -299 -273 -33 134
45192: -299 -274 -97 134
45224: -299 -278 -353 134
45352: -315 -278 -353 136
45423: -323 -342 -368 185
45445: -331 -337 -46 170
45701: -363 -337 -46 174
45751: -363 -343 -432 190
45894: -387 -401 -55 177
46037: -403 -403 -182 171
46460: -451 -472 -509 161
46461: -451 -472 -510 169
46548: -467 -467 -189 163
46549: -467 -467 -190 171
46727: -491 -465 -64 190
46782: -491 -472 -511 182
47073: -20 -29 -258 203
47074: -20 -29 -259 211
47076: -20 -29 -261 227
47077: -20 -29 -262 235
47078: -20 -29 -263 243
47426: -68 -89 -11 209
47439: -68 -90 -80 249
47441: -68 -91 -138 201
47464: -68 -94 -329 193
47467: -68 -94 -332 217
47475: -68 -95 -396 217
47478: -68 -95 -399 241
47480: -68 -96 -457 193
47483: -68 -96 -460 217
48067: -148 -153 -20 219
48475: -196 -220 -220 217
49024: -268 -281 -33 194
49032: -268 -282 -97 194
49041: -268 -283 -162 202
49069: -268 -286 -358 234
49087: -268 -288 -488 250
49477: -324 -345 -46 233
49513: -324 -350 -362 201
49518: -324 -350 -367 241
49519: -324 -350 -368 249
49689: -348 -348 -234 204
49797: -364 -345 -46 238
49800: -364 -346 -105 198
49808: -364 -347 -169 198
49847: -364 -351 -432 254
49925: -380 -345 -46 240
50036: -388 -415 -437 225
50553: -452 -480 -506 201
50556: -452 -480 -509 225
50558: -452 -480 -511 241
50712: -476 -476 -249 196
50823: -492 -473 -64 254
50856: -492 -478 -377 198
50861: -492 -478 -382 238
51201: -29 -33 -2 268
51650: -85 -97 -11 275
51714: -93 -97 -11 276
51842: -109 -97 -11 278
51906: -117 -97 -11 279
52077: -133 -166 -342 297
52080: -133 -167 -401 257
52099: -141 -161 -20 282
52110: -141 -162 -87 306
52227: -157 -161 -20 284
52325: -165 -165 -278 301
52494: -189 -162 -87 312
52740: -221 -225 -29 292
52764: -221 -228 -221 292
52781: -221 -230 -350 300
52837: -229 -229 -286 301
52868: -237 -225 -29 294
53609: -325 -358 -362 265
53610: -325 -358 -363 273
53611: -325 -358 -364 281
53614: -325 -358 -367 305
53615: -325 -358 -368 313
53637: -333 -353 -46 298
53701: -341 -353 -46 299
53765: -349 -353 -46 300
53768: -349 -354 -105 260
53893: -365 -353 -46 302
53957: -373 -353 -46 303
54131: -389 -423 -436 281
54152: -397 -418 -113 258
54280: -413 -418 -113 260
54368: -421 -421 -305 261
54651: -453 -488 -508 281
54653: -453 -488 -510 297
54664: -461 -482 -121 258
54792: -477 -482 -121 260
55048: -509 -482 -121 264
55465: -46 -46 -322 334
55466: -46 -46 -323 342
55467: -46 -46 -324 350
55468: -46 -46 -325 358
55470: -46 -46 -327 374
55471: -46 -46 -328 382
55715: -78 -109 -268 346
55746: -86 -105 -11 339
55779: -86 -109 -268 347
55825: -94 -107 -138 332
55843: -94 -109 -268 348
55874: -102 -105 -11 341
56002: -118 -105 -11 343
56017: -118 -107 -138 335
56066: -126 -105 -11 344
56081: -126 -107 -138 336
56323: -158 -169 -20 348
56387: -166 -169 -20 349
56493: -174 -174 -342 366
56579: -190 -169 -20 352
56708: -206 -233 -29 354
57005: -238 -238 -350 366
57104: -254 -235 -153 328
57152: -262 -297 -33 321
57280: -278 -297 -33 323
57288: -278 -298 -97 323
57344: -286 -297 -33 324
57517: -302 -302 -358 366
57600: -318 -297 -33 328
57663: -318 -304 -488 384
57841: -342 -367 -426 331
57864: -350 -362 -105 324
57904: -350 -367 -425 324
57908: -350 -367 -429 356
58227: -390 -431 -436 345
58237: -390 -432 -502 361
58312: -406 -426 -113 323
58374: -414 -425 -55 372
58493: -422 -432 -502 365
58541: -430 -430 -374 366
58621: -438 -432 -502 367
58823: -470 -489 -64 379
58824: -470 -490 -121 323
58825: -470 -490 -122 331
58887: -478 -489 -64 380
59048: -494 -494 -377 326
59053: -494 -494 -382 366
59079: -502 -489 -64 383
59086: -502 -490 -127 375
59101: -502 -492 -254 367
59197: -510 -496 -510 368
59633: -55 -55 -386 399
59634: -55 -55 -387 407
59635: -55 -55 -388 415
59636: -55 -55 -389 423
59637: -55 -55 -390 431
59639: -55 -55 -392 447
59778: -79 -113 -11 402
59811: -79 -117 -268 410
59921: -95 -115 -138 396
59939: -95 -117 -268 412
59970: -103 -113 -11 405
60162: -127 -113 -11 408
60177: -127 -115 -138 400
60227: -135 -177 -20 409
60581: -175 -181 -278 430
60589: -175 -182 -342 430
60740: -199 -241 -29 417
60773: -199 -245 -286 425
60804: -207 -241 -29 418
60816: -207 -243 -153 386
60837: -207 -245 -286 426
60932: -223 -241 -29 420
61029: -231 -245 -286 429
61030: -231 -245 -287 437
61248: -263 -305 -33 385
61264: -263 -307 -161 385
61376: -279 -305 -33 387
61384: -279 -306 -97 387
61440: -287 -305 -33 388
61504: -295 -305 -33 389
61520: -295 -307 -161 389
61568: -303 -305 -33 390
61608: -303 -310 -353 390
61613: -303 -310 -358 430
61696: -319 -305 -33 392
61759: -319 -312 -488 448
61802: -327 -374 -363 401
61803: -327 -374 -364 409
61807: -327 -374 -368 441
61957: -351 -369 -46 428
62085: -367 -369 -46 430
62095: -367 -370 -112 446
62104: -367 -372 -233 390
63216: -503 -503 -441 391
63239: -511 -497 -64 448
63246: -511 -498 -127 440
63272: -511 -502 -377 392
63276: -511 -502 -381 424
63278: -511 -502 -383 440
63801: -64 -64 -450 464
63802: -64 -64 -451 472
63803: -64 -64 -452 480
63804: -64 -64 -453 488
63805: -64 -64 -454 496
63806: -64 -64 -455 504
63874: -80 -121 -11 466
64017: -96 -123 -138 460
64035: -96 -125 -268 476
64047: -96 -126 -336 508
64055: -96 -127 -400 508
64359: -136 -189 -280 505
64677: -176 -189 -278 494
64685: -176 -190 -342 494
64724: -184 -187 -149 487
64836: -200 -249 -29 481
64848: -200 -251 -153 449
64869: -200 -253 -286 489
64900: -208 -249 -29 482
64912: -208 -251 -153 450
64933: -208 -253 -286 490
65028: -224 -249 -29 484
65040: -224 -251 -153 452
65125: -232 -253 -286 493
65343: -256 -256 -480 512
65344: -264 -313 -33 449
65360: -264 -315 -161 449
65472: -280 -313 -33 451
65536: -288 -313 -33 452
65600: -296 -313 -33 453
65616: -296 -315 -161 453
65664: -304 -313 -33 454
65686: -304 -315 -167 502
65709: -304 -318 -358 494
65728: -312 -313 -33 455
65897: -328 -382 -362 457
65898: -328 -382 -363 465
65899: -328 -382 -364 473
65900: -328 -382 -365 481
65902: -328 -382 -367 497
66053: -352 -377 -46 492
66181: -368 -377 -46 494
66184: -368 -378 -105 454
66190: -368 -378 -111 502
66192: -368 -379 -169 454
66215: -368 -381 -304 510
66367: -384 -384 -496 512
66417: -392 -447 -434 457
66418: -392 -447 -435 465
66421: -392 -447 -438 489
66630: -424 -441 -55 501
66694: -432 -441 -55 502
66758: -440 -441 -55 503
66879: -448 -448 -504 512
67040: -472 -509 -313 451
67104: -480 -509 -313 452
67160: -488 -508 -249 453
67184: -488 -511 -441 453
67529: -17 -11 -2 66
67673: -33 -29 -2 68
68043: -81 -11 -68 202
68187: -97 -29 -68 204
68267: -105 -46 -68 206
68339: -113 -55 -68 207
68411: -121 -64 -68 208
68482: -137 -2 -131 145
68486: -137 -2 -135 401
68487: -137 -2 -136 465
68557: -145 -11 -134 338
68558: -145 -11 -135 402
68559: -145 -11 -136 466
68626: -153 -20 -131 147
68628: -153 -20 -133 275
68630: -153 -20 -135 403
68631: -153 -20 -136 467
68698: -161 -29 -131 148
68700: -161 -29 -133 276
68702: -161 -29 -135 404
68703: -161 -29 -136 468
68778: -169 -46 -131 150
68780: -169 -46 -133 278
68781: -169 -46 -134 342
68782: -169 -46 -135 406
68783: -169 -46 -136 470
68850: -177 -55 -131 151
68852: -177 -55 -133 279
68853: -177 -55 -134 343
68854: -177 -55 -135 407
68855: -177 -55 -136 471
68922: -185 -64 -131 152
68924: -185 -64 -133 280
68925: -185 -64 -134 344
68926: -185 -64 -135 408
68927: -185 -64 -136 472
69065: -209 -11 -194 90
69067: -209 -11 -196 218
69137: -217 -20 -194 91
69143: -217 -20 -200 475
69209: -225 -29 -194 92
69211: -225 -29 -196 220
69289: -233 -46 -194 94
69291: -233 -46 -196 222
69292: -233 -46 -197 286
69293: -233 -46 -198 350
69294: -233 -46 -199 414
69361: -241 -55 -194 95
69363: -241 -55 -196 223
69364: -241 -55 -197 287
69365: -241 -55 -198 351
69367: -241 -55 -200 479
69433: -249 -64 -194 96
69435: -249 -64 -196 224
69436: -249 -64 -197 288
69437: -249 -64 -198 352
69438: -249 -64 -199 416
69439: -249 -64 -200 480
69583: -273 -11 -264 482
69650: -281 -20 -259 163
69804: -297 -46 -261 294
69806: -297 -46 -263 422
69807: -297 -46 -264 486
69874: -305 -55 -259 167
69876: -305 -55 -261 295
69877: -305 -55 -262 359
69879: -305 -55 -264 487
69946: -313 -64 -259 168
69948: -313 -64 -261 296
69949: -313 -64 -262 360
69950: -313 -64 -263 424
69951: -313 -64 -264 488
69984: -321 -33 -321 45
70018: -329 -2 -323 169
70019: -329 -2 -324 233
70020: -329 -2 -325 297
70022: -329 -2 -327 425
70023: -329 -2 -328 489
70089: -337 -11 -322 106
70094: -337 -11 -327 426
70161: -345 -20 -322 107
70162: -345 -20 -323 171
70164: -345 -20 -325 299
70166: -345 -20 -327 427
70233: -353 -29 -322 108
70235: -353 -29 -324 236
70236: -353 -29 -325 300
70238: -353 -29 -327 428
70239: -353 -29 -328 492
70386: -369 -55 -323 175
70387: -369 -55 -324 239
70388: -369 -55 -325 303
70390: -369 -55 -327 431
70391: -369 -55 -328 495
70458: -377 -64 -323 176
70459: -377 -64 -324 240
70460: -377 -64 -325 304
70462: -377 -64 -327 432
70496: -385 -33 -385 53
70530: -393 -2 -387 177
70531: -393 -2 -388 241
70532: -393 -2 -389 305
70533: -393 -2 -390 369
70535: -393 -2 -392 497
70601: -401 -11 -386 114
70602: -401 -11 -387 178
70605: -401 -11 -390 370
70607: -401 -11 -392 498
70673: -409 -20 -386 115
70674: -409 -20 -387 179
70825: -425 -46 -386 118
70826: -425 -46 -387 182
70827: -425 -46 -388 246
70828: -425 -46 -389 310
70829: -425 -46 -390 374
70831: -425 -46 -392 502
70970: -441 -64 -387 184
70971: -441 -64 -388 248
70972: -441 -64 -389 312
70973: -441 -64 -390 376
70975: -441 -64 -392 504
71008: -449 -33 -449 61
71042: -457 -2 -451 185
71043: -457 -2 -452 249
71044: -457 -2 -453 313
71046: -457 -2 -455 441
71113: -465 -11 -450 122
71115: -465 -11 -452 250
71337: -489 -46 -450 126
71338: -489 -46 -451 190
71339: -489 -46 -452 254
71340: -489 -46 -453 318
71342: -489 -46 -455 446
71410: -497 -55 -451 191
71411: -497 -55 -452 255
71412: -497 -55 -453 319
71413: -497 -55 -454 383
71414: -497 -55 -455 447
71506: -2 -81 -11 131
71514: -2 -89 -11 132
71522: -2 -97 -11 133
71530: -2 -105 -11 134
71538: -2 -113 -11 135
71546: -2 -121 -11 136
72194: -90 -68 -75 137
72197: -90 -68 -78 329
72199: -90 -68 -80 457
72445: -114 -127 -78 336
72585: -138 -74 -138 82
72593: -138 -82 -138 83
72601: -138 -90 -138 84
72617: -138 -106 -138 86
72625: -138 -114 -138 87
72633: -138 -122 -138 88
72706: -154 -68 -139 145
73059: -194 -97 -204 221
73069: -194 -105 -206 350
73078: -194 -113 -207 415
73087: -194 -121 -208 480
73222: -218 -68 -207 409
73323: -226 -109 -204 222
73339: -226 -125 -204 224
73355: -234 -78 -204 218
73371: -234 -94 -204 220
73731: -282 -68 -268 225
73843: -290 -117 -268 231
73939: -306 -87 -268 227
73995: -314 -80 -268 226
74011: -314 -96 -268 228
74093: -322 -105 -334 366
74244: -346 -68 -333 297
74247: -346 -68 -336 489
74460: -370 -95 -333 300
74598: -386 -97 -399 437
74606: -386 -105 -399 438
74614: -386 -113 -399 439
74622: -386 -121 -399 440
74758: -410 -68 -399 433
75119: -450 -105 -464 510
75127: -450 -113 -464 511
75135: -450 -121 -464 512
75659: -11 -138 -20 194
75667: -11 -146 -20 195
75675: -11 -154 -20 196
75683: -11 -162 -20 197
75691: -11 -170 -20 198
75699: -11 -178 -20 199
75707: -11 -186 -20 200
76334: -91 -172 -87 398
76924: -163 -189 -149 280
77266: -211 -147 -211 155
77949: -291 -189 -278 360
78015: -299 -190 -280 488
78061: -307 -175 -278 358
78085: -315 -136 -278 353
78101: -315 -152 -278 355
78165: -323 -145 -342 363
78173: -323 -153 -342 364
78189: -323 -169 -342 366
78205: -323 -185 -342 368
78322: -339 -179 -339 175
78416: -355 -149 -337 43
78670: -387 -137 -407 434
78678: -387 -145 -407 435
78686: -387 -153 -407 436
78710: -387 -177 -407 439
78718: -387 -185 -407 440
78794: -403 -139 -403 178
78826: -403 -171 -403 182
78834: -403 -179 -403 183
79199: -451 -153 -472 508
79223: -451 -177 -472 511
79231: -451 -185 -472 512
79354: -467 -187 -467 192
79489: -491 -134 -466 121
79812: -20 -195 -29 257
79828: -20 -211 -29 259
79836: -20 -219 -29 260
79844: -20 -227 -29 261
79852: -20 -235 -29 262
79860: -20 -243 -29 263
79868: -20 -251 -29 264
80210: -68 -209 -91 139
80232: -68 -233 -89 14
80233: -68 -233 -90 78
80234: -68 -233 -91 142
80236: -68 -233 -93 270
80237: -68 -233 -94 334
80238: -68 -233 -95 398
80239: -68 -233 -96 462
80246: -68 -241 -95 399
80248: -68 -249 -89 16
80249: -68 -249 -90 80
80250: -68 -249 -91 144
80252: -68 -249 -93 272
80253: -68 -249 -94 336
80254: -68 -249 -95 400
80255: -68 -249 -96 464
81096: -180 -207 -153 18
81160: -188 -208 -153 18
81233: -196 -209 -218 91
81270: -196 -241 -223 415
81279: -196 -249 -224 480
81305: -204 -218 -218 92
81317: -204 -226 -222 349
81318: -204 -226 -223 413
81319: -204 -226 -224 477
81324: -204 -234 -221 286
81326: -204 -234 -223 414
81327: -204 -234 -224 478
81333: -204 -242 -222 351
81335: -204 -242 -224 479
81341: -204 -250 -222 352
81537: -236 -198 -218 89
81540: -236 -198 -221 281
81572: -236 -230 -221 285
81604: -244 -199 -221 281
81612: -244 -207 -221 282
81797: -268 -194 -286 353
81813: -268 -210 -286 355
81815: -268 -210 -288 483
81817: -268 -218 -282 100
81829: -268 -226 -286 357
81838: -268 -234 -287 422
81839: -268 -234 -288 486
81855: -268 -250 -288 488
82269: -324 -217 -350 364
82285: -324 -233 -350 366
82328: -332 -218 -345 44
82443: -348 -204 -348 234
82475: -348 -236 -348 238
82570: -364 -206 -347 170
82798: -388 -233 -415 438
82806: -388 -241 -415 439
82814: -388 -249 -415 440
83287: -452 -209 -480 507
83295: -452 -217 -480 508
83303: -452 -225 -480 509
83311: -452 -233 -480 510
83319: -452 -241 -480 511
83327: -452 -249 -480 512
83968: -29 -260 -33 1
83984: -29 -276 -33 3
83992: -29 -284 -33 4
84000: -29 -292 -33 5
84008: -29 -300 -33 6
84016: -29 -308 -33 7
84024: -29 -316 -33 8
84640: -109 -294 -97 13
84648: -109 -302 -97 14
84829: -133 -281 -166 340
84863: -133 -313 -168 472
85145: -173 -286 -162 84
85184: -181 -263 -161 17
85248: -189 -264 -161 17
85513: -221 -268 -226 90
85514: -221 -268 -227 154
85516: -221 -268 -229 282
85518: -221 -268 -231 410
85738: -245 -303 -227 158
85802: -253 -304 -227 158
86314: -317 -304 -291 166
86357: -325 -273 -358 363
86381: -325 -297 -358 366
86389: -325 -305 -358 367
86397: -325 -313 -358 368
86456: -333 -314 -353 48
86464: -341 -259 -353 41
86496: -341 -291 -353 45
86541: -349 -268 -358 362
86675: -365 -278 -356 235
86679: -365 -278 -360 491
86720: -373 -263 -353 41
86736: -373 -279 -353 43
86800: -381 -280 -353 43
86870: -389 -273 -423 435
86894: -389 -297 -423 438
86902: -389 -305 -423 439
87383: -453 -273 -488 507
87407: -453 -297 -488 510
87415: -453 -305 -488 511
87423: -453 -313 -488 512
88197: -46 -326 -46 321
88205: -46 -334 -46 322
88213: -46 -342 -46 323
88221: -46 -350 -46 324
88229: -46 -358 -46 325
88237: -46 -366 -46 326
88245: -46 -374 -46 327
88253: -46 -382 -46 328
88556: -86 -363 -109 270
88725: -110 -342 -110 331
88733: -110 -350 -110 332
88741: -110 -358 -110 333
88757: -110 -374 -110 335
88765: -110 -382 -110 336
88772: -118 -327 -109 265
88808: -118 -367 -105 14
88872: -126 -368 -105 14
89152: -166 -325 -169 17
89245: -174 -350 -174 340
89269: -174 -374 -174 343
89277: -174 -382 -174 344
89419: -198 -329 -236 218
89427: -198 -337 -236 219
89443: -198 -353 -236 221
89459: -198 -369 -236 223
89464: -198 -377 -233 32
89512: -206 -362 -233 30
89527: -206 -370 -240 479
89765: -238 -358 -238 349
89789: -238 -382 -238 352
90072: -278 -347 -297 36
90080: -278 -355 -297 37
90090: -278 -363 -299 166
90092: -278 -363 -301 294
90094: -278 -363 -303 422
90095: -278 -363 -304 486
90230: -294 -373 -303 423
90293: -302 -374 -302 359
90301: -302 -382 -302 360
90374: -318 -328 -303 417
90409: -318 -368 -298 102
90410: -318 -368 -299 166
90412: -318 -368 -301 294
90574: -342 -331 -367 426
90590: -342 -347 -367 428
90833: -374 -343 -362 107
90842: -374 -351 -363 172
90875: -374 -383 -364 240
90974: -390 -345 -431 436
91008: -398 -322 -425 49
91072: -406 -323 -425 49
91136: -414 -324 -425 49
91285: -430 -342 -430 371
91416: -446 -352 -425 52
91438: -446 -368 -431 438
91471: -454 -329 -496 506
91511: -454 -369 -496 511
91584: -470 -323 -489 57
91624: -470 -363 -489 62
91648: -478 -324 -489 57
91813: -494 -358 -494 381
91829: -494 -374 -494 383
91864: -502 -351 -489 60
91873: -502 -359 -490 125
92358: -55 -391 -55 385
92366: -55 -399 -55 386
92374: -55 -407 -55 387
92382: -55 -415 -55 388
92390: -55 -423 -55 389
92406: -55 -439 -55 391
92414: -55 -447 -55 392
92886: -119 -407 -119 395
92928: -127 -392 -113 9
93037: -135 -425 -182 342
93053: -135 -441 -182 344
93544: -199 -425 -241 30
93560: -199 -441 -241 32
93568: -207 -386 -241 25
93738: -223 -428 -243 158
93926: -247 -423 -247 413
94354: -303 -406 -307 163
94512: -319 -440 -305 39
94541: -327 -393 -374 362
94549: -327 -401 -374 363
94557: -327 -409 -374 364
94565: -327 -417 -374 365
94589: -327 -441 -374 368
94857: -367 -398 -370 106
95153: -399 -434 -434 119
95567: -455 -393 -504 506
95575: -455 -401 -504 507
95599: -455 -425 -504 510
96045: -511 -432 -502 382
96519: -64 -456 -64 449
96527: -64 -464 -64 450
96535: -64 -472 -64 451
96543: -64 -480 -64 452
96551: -64 -488 -64 453
96559: -64 -496 -64 454
96567: -64 -504 -64 455
96575: -64 -512 -64 456
97055: -128 -480 -128 460
97567: -192 -480 -192 468
97640: -200 -489 -249 30
97725: -208 -506 -254 352
98087: -256 -488 -256 477
98464: -304 -486 -313 37
98465: -304 -486 -314 101
98470: -304 -486 -319 421
98492: -304 -510 -317 296
98591: -320 -480 -320 484
98615: -320 -504 -320 487
98637: -328 -457 -382 362
98645: -328 -465 -382 363
98653: -328 -473 -382 364
98661: -328 -481 -382 365
98677: -328 -497 -382 367
98953: -368 -462 -378 106
99111: -384 -488 -384 493
99150: -392 -457 -447 434
99158: -392 -465 -447 435
99166: -392 -473 -447 436
99182: -392 -489 -447 438
99200: -400 -450 -441 49
99368: -416 -492 -441 54
99599: -448 -464 -448 498
99806: -472 -475 -511 444
99812: -472 -483 -509 317
99886: -480 -492 -511 446
100022: -496 -502 -511 447
100073: -504 -495 -506 126
100085: -504 -503 -510 383
100182: -33 -41
100183: -33 -49
100184: -33 -57
100189: -2 -10
100190: -2 -18
100193: -2 -42
100225: -11 -19
100226: -11 -27
100227: -11 -35
100228: -11 -43
100229: -11 -51
100261: -20 -36
100262: -20 -44
100263: -20 -52
100264: -20 -60
100294: -29 -37
100295: -29 -45
100296: -29 -53
100297: -29 -61
100330: -46 -54
100331: -46 -62
100361: -55 -63
100391: 8 16 24 32 40 48 56 64
100407: -81 -105
100417: -105 -113
100418: -105 -121
100419: -113 -121
100420: 65 73 81 89 97 105 113 121
100442: -90 -122
100449: 66 74 82 90 98 106 114 122
100469: -91 -107
100478: 67 75 83 91 99 107 115 123
100479: -68 -76
100480: -68 -84
100481: -68 -92
100482: -68 -100
100483: -68 -108
100485: -68 -124
100536: 69 77 85 93 101 109 117 125
100550: -86 -94
100565: 70 78 86 94 102 110 118 126
100578: -79 -127
100579: -87 -95
100586: -95 -119
100587: -95 -127
100594: 71 79 87 95 103 111 119 127
100603: -80 -96
100608: -88 -96
100616: -96 -128
100634: -137 -169
100636: -137 -185
100639: -145 -169
100641: -145 -185
100643: -153 -169
100645: -153 -185
100646: -161 -169
100649: -169 -177
100650: -169 -185
100651: -177 -185
100652: 129 137 145 153 161 169 177 185
100681: 130 138 146 154 162 170 178 186
100686: -131 -171
100710: 131 139 147 155 163 171 179 187
100756: -149 -181
100768: 133 141 149 157 165 173 181 189
100772: -134 -166
100774: -134 -182
100775: -134 -190
100797: 134 142 150 158 166 174 182 190
100799: -135 -151
100801: -135 -167
100802: -135 -175
100803: -135 -183
100804: -135 -191
100813: -151 -175
100824: -175 -191
100828: -136 -152
100830: -136 -168
100831: -136 -176
100832: -136 -184
100833: -136 -192
100834: -144 -152
100836: -144 -168
100837: -144 -176
100842: -152 -176
100852: -176 -184
100878: -225 -233
100879: -225 -241
100880: -225 -249
100881: -233 -241
100882: -233 -249
100883: -241 -249
100884: 193 201 209 217 225 233 241 249
100885: -194 -202
100906: -218 -250
100913: 194 202 210 218 226 234 242 250
100942: 195 203 211 219 227 235 243 251
100943: -196 -204
100946: -196 -228
100947: -196 -236
100949: -196 -252
100951: -204 -220
100952: -204 -228
100953: -204 -236
100962: -220 -236
100968: -236 -244
100969: -236 -252
100971: 196 204 212 220 228 236 244 252
100974: -197 -221
100991: -221 -237
101000: 197 205 213 221 229 237 245 253
101001: -198 -206
101006: -198 -246
101007: -198 -254
101011: -206 -238
101012: -206 -246
101013: -206 -254
101022: -222 -254
101030: -199 -207
101032: -199 -223
101033: -199 -231
101034: -199 -239
101036: -199 -255
101037: -207 -215
101038: -207 -223
101040: -207 -239
101049: -223 -239
101059: -200 -208
101061: -200 -224
101062: -200 -232
101063: -200 -240
101067: -208 -224
101069: -208 -240
101070: -208 -248
101077: -224 -232
101078: -224 -240
101081: -232 -240
101107: -281 -297
101108: -281 -305
101109: -281 -313
101113: -297 -305
101114: -297 -313
101115: -305 -313
101116: 257 265 273 281 289 297 305 313
101123: -258 -314
101145: 258 266 274 282 290 298 306 314
101150: -259 -299
101174: 259 267 275 283 291 299 307 315
101238: -262 -310
101246: -278 -286
101250: -278 -318
101257: -294 -318
101261: 262 270 278 286 294 302 310 318
101264: -263 -287
101265: -263 -295
101266: -263 -303
101275: -279 -287
101277: -279 -303
101290: 263 271 279 287 295 303 311 319
101292: -264 -280
101293: -264 -288
101294: -264 -296
101295: -264 -304
101296: -264 -312
101304: -280 -288
101306: -280 -304
101313: -296 -304
101317: -304 -320
101319: 264 272 280 288 296 304 312 320
101327: -329 -337
101328: -329 -345
101329: -329 -353
101332: -329 -377
101334: -337 -353
101336: -337 -369
101338: -345 -353
101344: -353 -377
101347: -369 -377
101348: 321 329 337 345 353 361 369 377
101353: -322 -362
101354: -322 -370
101364: -338 -362
101377: 322 330 338 346 354 362 370 378
101378: -323 -331
101380: -323 -347
101382: -323 -363
101383: -323 -371
101384: -323 -379
101396: -347 -355
101397: -347 -363
101407: -324 -332
101408: -324 -340
101410: -324 -356
101411: -324 -364
101412: -324 -372
101413: -324 -380
101417: -332 -364
101422: -340 -364
101435: 324 332 340 348 356 364 372 380
101436: -325 -333
101438: -325 -349
101439: -325 -357
101440: -325 -365
101441: -325 -373
101442: -325 -381
101464: 325 333 341 349 357 365 373 381
101477: -334 -382
101478: -342 -350
101481: -342 -374
101486: -350 -382
101493: 326 334 342 350 358 366 374 382
101494: -327 -335
101495: -327 -343
101496: -327 -351
101497: -327 -359
101498: -327 -367
101499: -327 -375
101500: -327 -383
101504: -335 -367
101509: -343 -367
101513: -351 -367
101515: -351 -383
101516: -359 -367
101519: -367 -375
101520: -367 -383
101522: 327 335 343 351 359 367 375 383
101523: -328 -336
101524: -328 -344
101525: -328 -352
101526: -328 -360
101527: -328 -368
101528: -328 -376
101533: -336 -368
101536: -344 -352
101538: -344 -368
101542: -352 -368
101543: -352 -376
101545: -360 -368
101548: -368 -376
101549: -368 -384
101562: -393 -425
101564: -393 -441
101567: -401 -425
101569: -401 -441
101571: -409 -425
101574: -417 -425
101576: -417 -441
101578: -425 -441
101580: 385 393 401 409 417 425 433 441
101582: -386 -402
101585: -386 -426
101606: -426 -434
101610: -387 -395
101614: -387 -427
101617: -395 -403
101640: -388 -404
101643: -388 -428
101644: -388 -436
101655: -404 -436
101664: -428 -436
101670: -389 -413
101673: -389 -437
101696: 389 397 405 413 421 429 437 445
101703: -390 -446
101717: -414 -438
101724: -438 -446
101725: 390 398 406 414 422 430 438 446
101754: 391 399 407 415 423 431 439 447
101755: -392 -400
101756: -392 -408
101758: -392 -424
101759: -392 -432
101760: -392 -440
101771: -408 -440
101780: -432 -440
101783: 392 400 408 416 424 432 440 448
101794: -457 -489
101795: -457 -497
101806: -481 -489
101809: -489 -497
101812: 449 457 465 473 481 489 497 505
101814: -450 -466
101815: -450 -474
101817: -450 -490
101818: -450 -498
101819: -450 -506
101841: 450 458 466 474 482 490 498 506
101843: -451 -467
101844: -451 -475
101848: -451 -507
101860: -475 -483
101871: -452 -460
101872: -452 -468
101874: -452 -484
101875: -452 -492
101877: -452 -508
101897: -492 -508
101902: -453 -477
101904: -453 -493
101906: -453 -509
101926: -493 -509
101928: 453 461 469 477 485 493 501 509
101930: -454 -470
101934: -454 -502
101935: -454 -510
101940: -462 -502
101949: -478 -502
101950: -478 -510
101954: -494 -502
101956: -502 -510
101957: 454 462 470 478 486 494 502 510
101959: -455 -471
101960: -455 -479
101961: -455 -487
101962: -455 -495
101964: -455 -511
101976: -479 -487
101979: -479 -511
101984: -495 -511
102005: -480 -488
102006: -480 -496
102015: 456 464 472 480 488 496 504 512
102098: -138 -75 139
102100: -138 -77 267
102101: -138 -78 331
102194: -403 -147 151
102195: -403 -148 215
102197: -403 -150 343
102202: -467 -147 152
102260: -412 -221 287
102268: -476 -221 288
102298: -229 -291 164
102322: -421 -291 167
102336: -46 -361 41
102337: -46 -362 105
102338: -46 -363 169
102339: -46 -364 233
102340: -46 -365 297
102342: -46 -367 425
102343: -46 -368 489
102350: -110 -367 426
102351: -110 -368 490
102355: -174 -364 235
102356: -174 -365 299
102358: -174 -367 427
102359: -174 -368 491
102362: -238 -363 172
102366: -238 -367 428
102367: -238 -368 492
102370: -302 -363 173
102374: -302 -367 429
102375: -302 -368 493
102386: -430 -363 175
102387: -430 -364 239
102388: -430 -365 303
102391: -430 -368 495
102394: -494 -363 176
102396: -494 -365 304
102398: -494 -367 432
102400: -55 -433 49
102401: -55 -434 113
102402: -55 -435 177
102403: -55 -436 241
102404: -55 -437 305
102405: -55 -438 369
102407: -55 -440 497
102464: -64 -505 57
102465: -64 -506 121
102466: -64 -507 185
102467: -64 -508 249
102468: -64 -509 313
102469: -64 -510 377
102470: -64 -511 441
102476: -128 -509 314
102478: -128 -511 442
102483: -192 -508 251
102484: -192 -509 315
102498: -320 -507 189
102502: -320 -511 445
102514: -448 -507 191
102515: -448 -508 255
103850: -149 -278 -171 166
104368: -221 -287 -241 39
104900: -294 -353 -261 297
104903: -294 -353 -264 489
105153: -362 -105 -322 73
105155: -362 -105 -324 201
105156: -362 -105 -325 265
105158: -362 -105 -327 393
105217: -363 -169 -322 81
105220: -363 -169 -325 273
105222: -363 -169 -327 401
105281: -364 -233 -322 89
105282: -364 -233 -323 153
105284: -364 -233 -325 281
105346: -365 -297 -323 161
105347: -365 -297 -324 225
105350: -365 -297 -327 417
105473: -367 -425 -322 113
105474: -367 -425 -323 177
105475: -367 -425 -324 241
105476: -367 -425 -325 305
105537: -368 -489 -322 121
105538: -368 -489 -323 185
105539: -368 -489 -324 249
105540: -368 -489 -325 313
105542: -368 -489 -327 441
105671: -434 -113 -392 457
105796: -436 -241 -389 281
105799: -436 -241 -392 473
105858: -437 -305 -387 161
105861: -437 -305 -390 353
105863: -437 -305 -392 481
106050: -440 -497 -387 185
106051: -440 -497 -388 249
106052: -440 -497 -389 313
106180: -506 -121 -453 265
106182: -506 -121 -455 393
106241: -507 -185 -450 81
106305: -508 -249 -450 89
106306: -508 -249 -451 153
106308: -508 -249 -453 281
106370: -509 -313 -451 161
106371: -509 -313 -452 225
106373: -509 -313 -454 353
106374: -509 -313 -455 417
106435: -510 -377 -452 233
106497: -511 -441 -450 113
106498: -511 -441 -451 177
106499: -511 -441 -452 241
106501: -511 -441 -454 369
107944: -149 -278 -131 38
107974: -150 -337 -179 425
108193: -217 -29 -204 69
108197: -217 -29 -236 325
108433: -221 -283 -204 99
108449: -221 -285 -204 101
108457: -221 -286 -204 102
108465: -221 -287 -204 103
108473: -221 -288 -204 104
108481: -222 -345 -204 105
108505: -222 -348 -204 108
108513: -222 -349 -204 109
108529: -222 -351 -204 111
108537: -222 -352 -204 112
108545: -223 -409 -204 113
108609: -224 -473 -204 121
108633: -224 -476 -204 124
108641: -224 -477 -204 125
109252: -362 -105 -358 265
109313: -363 -169 -334 81
109316: -363 -169 -358 273
109318: -363 -169 -374 401
109377: -364 -233 -334 89
109378: -364 -233 -342 153
109569: -367 -425 -334 113
109570: -367 -425 -342 177
109571: -367 -425 -350 241
109572: -367 -425 -358 305
109623: -367 -431 -382 503
109633: -368 -489 -334 121
109634: -368 -489 -342 185
109635: -368 -489 -350 249
109636: -368 -489 -358 313
109763: -434 -113 -415 201
109764: -434 -113 -423 265
109765: -434 -113 -431 329
109828: -435 -177 -423 273
109889: -436 -241 -399 89
109892: -436 -241 -423 281
109954: -437 -305 -407 161
109955: -437 -305 -415 225
109959: -437 -305 -447 481
110146: -440 -497 -407 185
110148: -440 -497 -423 313
110275: -506 -121 -480 201
110276: -506 -121 -488 265
110277: -506 -121 -496 329
110337: -507 -185 -464 81
110340: -507 -185 -488 273
110401: -508 -249 -464 89
110402: -508 -249 -472 153
110466: -509 -313 -472 161
110469: -509 -313 -496 353
110470: -509 -313 -504 417
110530: -510 -377 -472 169
110531: -510 -377 -480 233
110593: -511 -441 -464 113
110594: -511 -441 -472 177
110595: -511 -441 -480 241
110596: -511 -441 -488 305
110720: -2 -1 -1
110809: -78 -74 -74
111168: -2 -65
111169: -2 -9
111170: -2 -73
111171: -2 -66
111881: -77 -268 -226
111999: -79 -399
112413: -150 -342
112455: -150 -169 -131
112482: -151 -407
112524: -151 -177 -131
112551: -152 -472
112593: -152 -185 -131
112827: -221 -285
112872: -221 -226 -204
112895: -222 -364
112896: -222 -350
112936: -222 -352 -492
112938: -222 -233 -196
112941: -222 -234 -204
112964: -223 -436
112965: -223 -415
113033: -224 -508
113034: -224 -480
113079: -224 -250 -204
113103: -289 -33
113379: -294 -358
113448: -295 -423
113517: -296 -488
113652: -362 -110
113653: -362 -334
113654: -362 -78
113656: -362 -330
113711: -362 -333 -298
113721: -363 -174
113722: -363 -342
113723: -363 -150
113767: -363 -337 -46
113780: -363 -341 -299
113790: -364 -238
113791: -364 -350
113792: -364 -222
113793: -364 -236
113794: -364 -348
113836: -364 -345 -46
113859: -365 -302
113860: -365 -358
113861: -365 -294
113862: -365 -301
113905: -365 -353 -46
113928: -367 -430
113929: -367 -374
113930: -367 -438
113931: -367 -431
113974: -367 -369 -46
113976: -367 -370 -334
113998: -368 -382
113999: -368 -510
114000: -368 -496
114043: -368 -377 -46
114135: -434 -119
114136: -434 -399
114205: -435 -407
114319: -436 -409 -55
114343: -437 -423
114414: -438 -374
114415: -438 -430
114457: -438 -425 -55
114481: -440 -447
114482: -440 -511
114483: -440 -504
114618: -506 -128
114619: -506 -464
114664: -506 -457 -64
114687: -507 -192
114688: -507 -472
114689: -507 -152
114733: -507 -465 -64
114756: -508 -256
114757: -508 -480
114802: -508 -473 -64
114825: -509 -320
114826: -509 -488
114827: -509 -296
114828: -509 -317
114895: -510 -496
114897: -510 -382
114940: -510 -489 -64
114963: -511 -448
114964: -511 -504
114965: -511 -440
114966: -511 -447
115009: -511 -497 -64
115032: 2
115033: 11
115034: 20
115035: 29
115036: 33
115037: 46
115038: 55