6 1 1
UNSAT
7: -2 -3
8: -2 -4
9: -2 -5
10: -2 -6
11: -2 -7
12: -2 -8
42: -11 -12
43: -11 -13
45: -11 -15
46: -11 -16
76: -20 -21
77: -20 -22
78: -20 -23
79: -20 -24
90: -25 -29
109: -29 -30
110: -29 -31
111: -29 -32
120: -33 -38
141: -38 -39
142: -38 -40
150: -41 -47
151: -41 -48
201: -55 -56
289: 73 74 75 76 77 78 79 80
291: -81 -83
318: 81 82 83 84 85 86 87 88
321: -89 -92
347: 89 90 91 92 93 94 95 96
361: -99 -100
376: 97 98 99 100 101 102 103 104
404: -111 -112
407: -113 -115
408: -113 -116
410: -113 -118
412: -113 -120
434: 113 114 115 116 117 118 119 120
440: -121 -127
441: -121 -128
489: -134 -135
490: -134 -136
491: -135 -136
492: 129 130 131 132 133 134 135 136
521: 137 138 139 140 141 142 143 144
523: -145 -147
550: 145 146 147 148 149 150 151 152
579: 153 154 155 156 157 158 159 160
608: 161 162 163 164 165 166 167 168
637: 169 170 171 172 173 174 175 176
643: -177 -183
648: -178 -182
666: 177 178 179 180 181 182 183 184
667: -185 -186
669: -185 -188
670: -185 -189
671: -185 -190
672: -185 -191
695: 185 186 187 188 189 190 191 192
713: -195 -200
724: 193 194 195 196 197 198 199 200
753: 201 202 203 204 205 206 207 208
782: 209 210 211 212 213 214 215 216
811: 217 218 219 220 221 222 223 224
887: -243 -248
898: 241 242 243 244 245 246 247 248
899: -249 -250
902: -249 -253
904: -249 -255
906: -250 -251
927: 249 250 251 252 253 254 255 256
938: -258 -262
943: -259 -262
950: -261 -262
951: -261 -263
953: -262 -263
954: -262 -264
956: 257 258 259 260 261 262 263 264
985: 265 266 267 268 269 270 271 272
989: -273 -277
1004: -276 -277
1014: 273 274 275 276 277 278 279 280
1017: -281 -284
1020: -281 -287
1024: -282 -285
1033: -284 -285
1044: -289 -290
1053: -290 -293
1054: -290 -294
1056: -290 -296
1058: -291 -293
1068: -293 -296
1072: 289 290 291 292 293 294 295 296
1076: -297 -301
1077: -297 -302
1101: 297 298 299 300 301 302 303 304
1114: -306 -312
1123: -308 -312
1130: 305 306 307 308 309 310 311 312
1131: -313 -314
1133: -313 -316
1134: -313 -317
1135: -313 -318
1136: -313 -319
1159: 313 314 315 316 317 318 319 320
1188: 321 322 323 324 325 326 327 328
1219: -337 -339
1223: -337 -343
1224: -337 -344
1234: -339 -343
1235: -339 -344
1238: -340 -343
1243: -342 -343
1245: -343 -344
1249: -345 -348
1252: -345 -351
1267: -348 -351
1274: -351 -352
1275: 345 346 347 348 349 350 351 352
1287: -354 -359
1288: -354 -360
1293: -355 -360
1296: -356 -359
1304: 353 354 355 356 357 358 359 360
1320: -363 -366
1333: 361 362 363 364 365 366 367 368
1334: -369 -370
1335: -369 -371
1336: -369 -372
1362: 369 370 371 372 373 374 375 376
1363: -377 -378
1364: -377 -379
1365: -377 -380
1367: -377 -382
1369: -377 -384
1379: -379 -383
1390: -383 -384
1391: 377 378 379 380 381 382 383 384
1405: -387 -388
1406: -387 -389
1407: -387 -390
1413: -388 -392
1418: -390 -392
1420: 385 386 387 388 389 390 391 392
1426: -393 -399
1431: -394 -398
1433: -394 -400
1437: -395 -399
1446: -398 -399
1449: 393 394 395 396 397 398 399 400
1451: -401 -403
1453: -401 -405
1454: -401 -406
1455: -401 -407
1461: -402 -407
1465: -403 -406
1466: -403 -407
1467: -403 -408
1473: -405 -407
1475: -406 -407
1476: -406 -408
1477: -407 -408
1478: 401 402 403 404 405 406 407 408
1480: -409 -411
1482: -409 -413
1484: -409 -415
1485: -409 -416
1489: -410 -414
1490: -410 -415
1491: -410 -416
1495: -411 -415
1499: -412 -415
1502: -413 -415
1503: -413 -416
1504: -414 -415
1505: -414 -416
1506: -415 -416
1509: -417 -419
1511: -417 -421
1513: -417 -423
1519: -418 -423
1536: 417 418 419 420 421 422 423 424
1537: -425 -426
1540: -425 -429
1541: -425 -430
1542: -425 -431
1543: -425 -432
1548: -426 -431
1549: -426 -432
1553: -427 -431
1554: -427 -432
1560: -429 -431
1562: -430 -431
1563: -430 -432
1564: -431 -432
1565: 425 426 427 428 429 430 431 432
1574: -434 -436
1575: -434 -437
1576: -434 -438
1578: -434 -440
1581: -435 -438
1583: -435 -440
1584: -436 -437
1585: -436 -438
1587: -436 -440
1588: -437 -438
1590: -437 -440
1592: -438 -440
1594: 433 434 435 436 437 438 439 440
1595: -441 -442
1596: -441 -443
1597: -441 -444
1598: -441 -445
1599: -441 -446
1600: -441 -447
1601: -441 -448
1602: -442 -443
1617: -445 -446
1618: -445 -447
1620: -446 -447
1622: -447 -448
1623: 441 442 443 444 445 446 447 448
1631: -450 -451
1632: -450 -452
1634: -450 -454
1637: -451 -452
1638: -451 -453
1639: -451 -454
1643: -452 -454
1652: 449 450 451 452 453 454 455 456
1658: -457 -463
1659: -457 -464
1664: -458 -463
1669: -459 -463
1673: -460 -463
1676: -461 -463
1678: -462 -463
1680: -463 -464
1681: 457 458 459 460 461 462 463 464
1683: -465 -467
1685: -465 -469
1686: -465 -470
1687: -465 -471
1688: -465 -472
1694: -466 -472
1698: -467 -471
1699: -467 -472
1702: -468 -471
1706: -469 -472
1707: -470 -471
1709: -471 -472
1710: 465 466 467 468 469 470 471 472
1713: -473 -476
1714: -473 -477
1716: -473 -479
1717: -473 -480
1719: -474 -476
1728: -475 -480
1731: -476 -479
1735: -477 -480
1737: -478 -480
1739: 473 474 475 476 477 478 479 480
1740: -481 -482
1741: -481 -483
1742: -481 -484
1743: -481 -485
1745: -481 -487
1746: -481 -488
1747: -482 -483
1748: -482 -484
1756: -483 -487
1763: -485 -487
1765: -486 -487
1768: 481 482 483 484 485 486 487 488
1771: -489 -492
1772: -489 -493
1773: -489 -494
1774: -489 -495
1775: -489 -496
1781: -490 -496
1782: -491 -492
1784: -491 -494
1786: -491 -496
1792: -493 -495
1793: -493 -496
1794: -494 -495
1796: -495 -496
1797: 489 490 491 492 493 494 495 496
1798: -497 -498
1799: -497 -499
1800: -497 -500
1802: -497 -502
1808: -498 -502
1813: -499 -502
1817: -500 -502
1820: -501 -502
1826: 497 498 499 500 501 502 503 504
1835: -506 -508
1836: -506 -509
1837: -506 -510
1838: -506 -511
1840: -507 -508
1841: -507 -509
1842: -507 -510
1843: -507 -511
1846: -508 -510
1847: -508 -511
1849: -509 -510
1852: -510 -511
1855: 505 506 507 508 509 510 511 512
1939: -2 -67 -20 25
1948: -2 -68 -29 33
2625: -69 -265 -2 73
2634: -69 -266 -11 81
2643: -69 -267 -20 89
2652: -69 -268 -29 97
2661: -69 -269 -38 105
2664: -69 -270 -41 65
2678: -69 -271 -55 113
2687: -69 -272 -64 121
3018: -131 -146 -11 145
3062: -131 -151 -55 177
3091: -132 -211 -20 153
3109: -132 -213 -38 169
3112: -132 -214 -41 129
3137: -133 -273 -2 137
3201: -134 -337 -2 137
3254: -134 -343 -55 177
3263: -134 -344 -64 185
3265: -135 -401 -2 137
3283: -135 -403 -20 153
3301: -135 -405 -38 169
3304: -135 -406 -41 129
3318: -135 -407 -55 177
3327: -135 -408 -64 185
3329: -136 -465 -2 137
3347: -136 -467 -20 153
3368: -136 -470 -41 129
3391: -136 -472 -64 185
3521: -195 -153 -2 201
3624: -196 -222 -41 193
3676: -197 -284 -29 225
3688: -197 -286 -41 193
3713: -198 -345 -2 201
3766: -198 -351 -55 241
3775: -198 -352 -64 249
3830: -199 -415 -55 241
3903: -200 -480 -64 249
3969: -258 -97 -2 265
3978: -258 -98 -11 273
4008: -258 -102 -41 257
4022: -258 -103 -55 305
4031: -258 -104 -64 313
4033: -259 -161 -2 265
4042: -259 -162 -11 273
4051: -259 -163 -20 281
4060: -259 -164 -29 289
4072: -259 -166 -41 257
4086: -259 -167 -55 305
4095: -259 -168 -64 313
4161: -261 -289 -2 265
4170: -261 -290 -11 273
4200: -261 -294 -41 257
4214: -261 -295 -55 305
4223: -261 -296 -64 313
4225: -262 -353 -2 265
4278: -262 -359 -55 305
4289: -263 -417 -2 265
4342: -263 -423 -55 305
4353: -264 -481 -2 265
4362: -264 -482 -11 273
4392: -264 -486 -41 257
4406: -264 -487 -55 305
4415: -264 -488 -64 313
4417: -321 -41 -2 329
4545: -323 -169 -2 329
4609: -324 -233 -2 329
4764: -326 -364 -29 353
4801: -327 -425 -2 329
4828: -327 -428 -29 353
4837: -327 -429 -38 361
4840: -327 -430 -41 321
4854: -327 -431 -55 369
4863: -327 -432 -64 377
4865: -328 -489 -2 329
4874: -328 -490 -11 337
4892: -328 -492 -29 353
4901: -328 -493 -38 361
4904: -328 -494 -41 321
4918: -328 -495 -55 369
4927: -328 -496 -64 377
4993: -386 -113 -2 393
5011: -386 -115 -20 409
5020: -386 -116 -29 417
5032: -386 -118 -41 385
5055: -386 -120 -64 441
5057: -387 -177 -2 393
5066: -387 -178 -11 401
5075: -387 -179 -20 409
5084: -387 -180 -29 417
5093: -387 -181 -38 425
5096: -387 -182 -41 385
5110: -387 -183 -55 433
5119: -387 -184 -64 441
5121: -388 -241 -2 393
5130: -388 -242 -11 401
5139: -388 -243 -20 409
5148: -388 -244 -29 417
5157: -388 -245 -38 425
5160: -388 -246 -41 385
5174: -388 -247 -55 433
5183: -388 -248 -64 441
5194: -389 -306 -11 401
5203: -389 -307 -20 409
5212: -389 -308 -29 417
5224: -389 -310 -41 385
5247: -389 -312 -64 441
5249: -390 -369 -2 393
5258: -390 -370 -11 401
5267: -390 -371 -20 409
5276: -390 -372 -29 417
5288: -390 -374 -41 385
5302: -390 -375 -55 433
5311: -390 -376 -64 441
5395: -392 -499 -20 409
5404: -392 -500 -29 417
5416: -392 -502 -41 385
5439: -392 -504 -64 441
5505: -450 -121 -2 457
5532: -450 -124 -29 481
5558: -450 -127 -55 497
5569: -451 -185 -2 457
5578: -451 -186 -11 465
5587: -451 -187 -20 473
5596: -451 -188 -29 481
5605: -451 -189 -38 489
5608: -451 -190 -41 449
5622: -451 -191 -55 497
5631: -451 -192 -64 505
5633: -452 -249 -2 457
5642: -452 -250 -11 465
5651: -452 -251 -20 473
5660: -452 -252 -29 481
5669: -452 -253 -38 489
5672: -452 -254 -41 449
5686: -452 -255 -55 497
5695: -452 -256 -64 505
5697: -453 -313 -2 457
5706: -453 -314 -11 465
5715: -453 -315 -20 473
5724: -453 -316 -29 481
5736: -453 -318 -41 449
5750: -453 -319 -55 497
5759: -453 -320 -64 505
5761: -454 -377 -2 457
5770: -454 -378 -11 465
5779: -454 -379 -20 473
5788: -454 -380 -29 481
5800: -454 -382 -41 449
5814: -454 -383 -55 497
5834: -455 -442 -11 465
5843: -455 -443 -20 473
5864: -455 -446 -41 449
5878: -455 -447 -55 497
6143: -11 -136 -128 58
6660: -76 -201 -69 98
6816: -78 -333 -97 66
7000: -137 -20 -89 130
7354: -142 -344 -123 146
7428: -144 -465 -69 162
7472: -144 -471 -113 130
7521: -201 -29 -98 202
7522: -201 -29 -99 210
7526: -201 -29 -103 242
7527: -201 -29 -104 250
7620: -203 -153 -69 226
7921: -207 -415 -114 202
8080: -266 -99 -81 258
8132: -267 -161 -69 290
8388: -271 -417 -69 290
8432: -271 -423 -113 258
8497: -272 -487 -114 266
8504: -272 -488 -121 258
8772: -333 -297 -69 354
8792: -333 -300 -89 322
8816: -333 -303 -113 322
9072: -393 -55 -113 386
9294: -397 -306 -79 434
9435: -399 -436 -92 410
9470: -399 -440 -127 434
9471: -399 -440 -128 442
9481: -400 -498 -74 394
9483: -400 -498 -76 410
9485: -400 -498 -78 426
9487: -400 -498 -80 442
9592: -457 -64 -121 450
9924: -463 -441 -69 482
9929: -463 -442 -74 458
9930: -463 -442 -75 466
9931: -463 -442 -76 474
9933: -463 -442 -78 490
9934: -463 -442 -79 498
9935: -463 -442 -80 506
10011: -464 -508 -92 474
10038: -464 -511 -119 498
10039: -464 -511 -120 506
10248: -20 -194 -137 3
10259: -20 -195 -148 27
10267: -20 -196 -156 27
10272: -20 -197 -161 3
10279: -20 -197 -168 59
10280: -20 -198 -169 3
10287: -20 -198 -176 59
10288: -20 -199 -177 3
10296: -20 -200 -185 3
10576: -81 -11 -145 67
10578: -81 -11 -147 83
10580: -81 -11 -149 99
11098: -145 -20 -155 147
11099: -145 -20 -156 155
11399: -150 -337 -136 187
11651: -210 -89 -132 219
11739: -211 -156 -156 219
11955: -214 -351 -180 219
12018: -215 -415 -179 211
12087: -216 -479 -184 251
12136: -273 -38 -169 259
12137: -273 -38 -170 267
12464: -278 -359 -177 259
12611: -337 -41 -132 347
12614: -337 -41 -135 371
13001: -343 -426 -138 331
13002: -343 -426 -139 339
13005: -343 -426 -142 363
13006: -343 -426 -143 371
13022: -343 -428 -159 371
13040: -343 -431 -177 323
13042: -343 -431 -179 339
13043: -343 -431 -180 347
13044: -343 -431 -181 355
13049: -343 -432 -186 331
13050: -343 -432 -187 339
13054: -343 -432 -191 371
13065: -344 -490 -138 331
13089: -344 -493 -162 331
13091: -344 -493 -164 347
13095: -344 -493 -168 379
13168: -401 -55 -177 387
13170: -401 -55 -179 403
13173: -401 -55 -182 427
13190: -402 -113 -135 435
13416: -405 -310 -169 387
13530: -407 -436 -155 403
13534: -407 -436 -159 435
13545: -407 -438 -170 395
13549: -407 -438 -174 427
13550: -407 -438 -175 435
13586: -408 -499 -147 403
13587: -408 -499 -148 411
13591: -408 -499 -152 443
13688: -465 -64 -185 451
13689: -465 -64 -186 459
13690: -465 -64 -187 467
13691: -465 -64 -188 475
13692: -465 -64 -189 483
13693: -465 -64 -190 491
13703: -466 -121 -136 507
13895: -469 -313 -136 507
13905: -469 -315 -146 459
13928: -469 -318 -169 451
13938: -469 -319 -179 467
13976: -470 -380 -153 451
14018: -471 -441 -131 467
14019: -471 -441 -132 475
14020: -471 -441 -133 483
14023: -471 -441 -136 507
14032: -471 -443 -145 451
14033: -471 -443 -146 459
14034: -471 -443 -147 467
14035: -471 -443 -148 475
14037: -471 -443 -150 491
14038: -471 -443 -151 499
14106: -472 -508 -155 467
14111: -472 -508 -160 507
14121: -472 -510 -170 459
14125: -472 -510 -174 491
14127: -472 -510 -176 507
14130: -472 -511 -179 467
14134: -472 -511 -183 499
14135: -472 -511 -184 507
14415: -29 -258 -208 60
14417: -29 -259 -210 12
14419: -29 -259 -212 28
14422: -29 -259 -215 52
14432: -29 -261 -225 4
14440: -29 -262 -233 4
14445: -29 -262 -238 44
14446: -29 -262 -239 52
14447: -29 -262 -240 60
14448: -29 -263 -241 4
14455: -29 -263 -248 60
14456: -29 -264 -249 4
14457: -29 -264 -250 12
14460: -29 -264 -253 36
14675: -89 -11 -212 92
14676: -89 -11 -213 100
14678: -89 -11 -215 116
14679: -89 -11 -216 124
14841: -91 -144 -250 76
15155: -96 -463 -244 92
15235: -154 -81 -196 156
15618: -160 -465 -195 148
15667: -160 -471 -244 156
16022: -222 -347 -215 244
16059: -222 -352 -252 220
16234: -281 -38 -235 276
16420: -284 -229 -229 292
16440: -284 -232 -249 260
16456: -285 -290 -201 260
16562: -286 -359 -243 276
16655: -288 -482 -208 316
16705: -345 -41 -194 332
16706: -345 -41 -195 340
16707: -345 -41 -196 348
16708: -345 -41 -197 356
16709: -345 -41 -198 364
16710: -345 -41 -199 372
17102: -351 -426 -207 372
17110: -351 -427 -215 372
17138: -351 -431 -243 340
17147: -351 -432 -252 348
17157: -352 -489 -198 364
17264: -409 -55 -241 388
17271: -409 -55 -248 444
17609: -415 -434 -202 396
17615: -415 -434 -208 444
17634: -415 -437 -227 404
17638: -415 -437 -231 436
17645: -415 -438 -238 428
17646: -415 -438 -239 436
17662: -415 -440 -255 436
17784: -473 -64 -249 452
17786: -473 -64 -251 468
18114: -479 -441 -195 468
18115: -479 -441 -196 476
18116: -479 -441 -197 484
18117: -479 -441 -198 492
18160: -479 -447 -241 452
18221: -480 -510 -238 492
18230: -480 -511 -247 500
18231: -480 -511 -248 508
18569: -38 -322 -266 13
18574: -38 -322 -271 53
18575: -38 -322 -272 61
18576: -38 -323 -273 5
18584: -38 -324 -281 5
18588: -38 -324 -285 37
18601: -38 -326 -298 13
18608: -38 -327 -305 5
18616: -38 -328 -313 5
18617: -38 -328 -314 13
18621: -38 -328 -318 45
18622: -38 -328 -319 53
18769: -97 -11 -274 77
18770: -97 -11 -275 85
18772: -97 -11 -277 101
18775: -97 -11 -280 125
19153: -103 -395 -274 77
19206: -104 -457 -263 117
19220: -104 -459 -277 101
19249: -104 -463 -306 77
19261: -104 -464 -318 109
19294: -161 -20 -287 181
19295: -161 -20 -288 189
19768: -168 -472 -313 133
19847: -226 -89 -264 253
19908: -227 -153 -261 229
20366: -290 -98 -271 309
20371: -290 -99 -276 285
20372: -290 -99 -277 293
20373: -290 -99 -278 301
20375: -290 -99 -280 317
20380: -290 -100 -285 293
20408: -290 -104 -313 261
20411: -290 -104 -316 285
20412: -290 -104 -317 293
20413: -290 -104 -318 301
20558: -293 -290 -271 309
20657: -294 -359 -306 269
20748: -296 -482 -269 293
20934: -355 -169 -263 373
20992: -356 -233 -257 325
21011: -356 -235 -276 349
21230: -359 -430 -303 373
21295: -360 -494 -304 381
21303: -360 -495 -312 381
21360: -417 -55 -305 389
21361: -417 -55 -306 397
21362: -417 -55 -307 405
21363: -417 -55 -308 413
21364: -417 -55 -309 421
21365: -417 -55 -310 429
21367: -417 -55 -312 445
21446: -419 -177 -263 437
21598: -421 -308 -287 437
21710: -423 -434 -271 437
21753: -423 -440 -314 397
21757: -423 -440 -318 429
21759: -423 -440 -320 445
21881: -481 -64 -314 461
21882: -481 -64 -315 469
21883: -481 -64 -316 477
22208: -487 -441 -257 453
22210: -487 -441 -259 469
22212: -487 -441 -261 485
22213: -487 -441 -262 493
22215: -487 -441 -264 509
22263: -487 -447 -312 509
22291: -488 -507 -276 477
22344: -41 -2 -329 6
22346: -41 -2 -331 22
22347: -41 -2 -332 30
22349: -41 -2 -334 46
22350: -41 -2 -335 54
22351: -41 -2 -336 62
22864: -105 -11 -337 70
22866: -105 -11 -339 86
22870: -105 -11 -343 118
22977: -107 -137 -322 78
23384: -169 -20 -345 134
23386: -169 -20 -347 150
23389: -169 -20 -350 174
23391: -169 -20 -352 190
23792: -175 -407 -369 134
23864: -176 -472 -377 134
23907: -233 -29 -356 222
23909: -233 -29 -358 238
23910: -233 -29 -359 246
23911: -233 -29 -360 254
23939: -234 -89 -324 222
24053: -235 -159 -374 238
24304: -239 -415 -369 198
24323: -240 -473 -324 222
24376: -240 -480 -377 198
24381: -240 -480 -382 238
24427: -297 -38 -364 286
24592: -300 -227 -337 262
24652: -301 -290 -333 294
24775: -303 -417 -328 318
25025: -363 -169 -322 334
25027: -363 -169 -324 350
25031: -363 -169 -328 382
25456: -425 -55 -369 390
25458: -425 -55 -371 406
25459: -425 -55 -372 414
25461: -425 -55 -374 430
25463: -425 -55 -376 446
25676: -429 -306 -333 422
25682: -429 -307 -339 406
25687: -429 -307 -344 446
25707: -429 -310 -364 414
25709: -429 -310 -366 430
25710: -429 -310 -367 438
25711: -429 -310 -368 446
25804: -431 -434 -333 422
25811: -431 -435 -340 414
25814: -431 -435 -343 438
25818: -431 -436 -347 406
25819: -431 -436 -348 414
25822: -431 -436 -351 438
25854: -431 -440 -383 438
25855: -431 -440 -384 446
25898: -432 -502 -363 406
25899: -432 -502 -364 414
25901: -432 -502 -366 430
25903: -432 -502 -368 446
25976: -489 -64 -377 454
25977: -489 -64 -378 462
25978: -489 -64 -379 470
25979: -489 -64 -380 478
25981: -489 -64 -382 494
25982: -489 -64 -383 502
26055: -491 -185 -328 510
26306: -495 -441 -323 470
26307: -495 -441 -324 478
26309: -495 -441 -326 494
26311: -495 -441 -328 510
26346: -495 -446 -363 470
26347: -495 -446 -364 478
26349: -495 -446 -366 494
26350: -495 -446 -367 502
26380: -496 -506 -333 486
26391: -496 -507 -344 510
26395: -496 -508 -348 478
26399: -496 -508 -352 510
26406: -496 -509 -359 502
26423: -496 -511 -376 510
26829: -55 -386 -398 47
26832: -55 -387 -401 7
26840: -55 -388 -409 7
26841: -55 -388 -410 15
26842: -55 -388 -411 23
26845: -55 -388 -414 47
26847: -55 -388 -416 63
26848: -55 -389 -417 7
26856: -55 -390 -425 7
26960: -113 -11 -401 71
26964: -113 -11 -405 103
26966: -113 -11 -407 119
26967: -113 -11 -408 127
27024: -114 -75 -401 71
27030: -114 -75 -407 119
27038: -114 -76 -415 119
27048: -114 -78 -425 71
27050: -114 -78 -427 87
27053: -114 -78 -430 111
27104: -115 -141 -417 71
27113: -115 -142 -426 79
27296: -118 -333 -417 71
27302: -118 -333 -423 119
27480: -177 -20 -409 135
27485: -177 -20 -414 175
27486: -177 -20 -415 183
27614: -179 -148 -415 183
27616: -179 -149 -417 135
27622: -179 -149 -423 183
27624: -179 -150 -425 135
27827: -182 -343 -436 159
27906: -184 -465 -387 151
27960: -184 -472 -441 135
28000: -241 -29 -417 199
28002: -241 -29 -419 215
28006: -241 -29 -423 247
28035: -242 -89 -388 223
28172: -244 -218 -397 231
28190: -244 -220 -415 247
28192: -244 -221 -417 199
28218: -244 -224 -443 215
28236: -245 -282 -397 231
28254: -245 -284 -415 247
28350: -246 -352 -447 247
28419: -248 -473 -388 223
28463: -248 -478 -432 255
28468: -248 -479 -437 231
28472: -248 -480 -441 199
28520: -305 -38 -425 263
28521: -305 -38 -426 271
28523: -305 -38 -428 287
28525: -305 -38 -430 303
28526: -305 -38 -431 311
28527: -305 -38 -432 319
28549: -306 -97 -390 303
28590: -306 -102 -431 311
28600: -306 -104 -441 263
28932: -312 -481 -389 295
28941: -312 -482 -398 303
28966: -312 -485 -423 311
28993: -369 -41 -386 335
28994: -369 -41 -387 343
28995: -369 -41 -388 351
28996: -369 -41 -389 359
28999: -369 -41 -392 383
29061: -370 -105 -390 367
29206: -372 -235 -407 375
29326: -374 -362 -399 375
29342: -374 -364 -415 375
29432: -375 -432 -441 327
29445: -376 -489 -390 367
29496: -376 -496 -441 327
29502: -376 -496 -447 375
29880: -438 -376 -441 391
30073: -497 -64 -442 463
30074: -497 -64 -443 471
30075: -497 -64 -444 479
30076: -497 -64 -445 487
30077: -497 -64 -446 495
30078: -497 -64 -447 503
30087: -498 -121 -392 511
30147: -499 -185 -388 479
30176: -499 -189 -417 455
30191: -499 -190 -432 511
30193: -499 -191 -434 463
30230: -500 -251 -407 503
30259: -500 -255 -436 479
30279: -501 -313 -392 511
30984: -64 -450 -457 8
30986: -64 -450 -459 24
30987: -64 -450 -460 32
30989: -64 -450 -462 48
30990: -64 -450 -463 56
30992: -64 -451 -465 8
30993: -64 -451 -466 16
30995: -64 -451 -468 32
30996: -64 -451 -469 40
30997: -64 -451 -470 48
30998: -64 -451 -471 56
31000: -64 -452 -473 8
31001: -64 -452 -474 16
31002: -64 -452 -475 24
31005: -64 -452 -478 48
31006: -64 -452 -479 56
31008: -64 -453 -481 8
31009: -64 -453 -482 16
31014: -64 -453 -487 56
31016: -64 -454 -489 8
31017: -64 -454 -490 16
31022: -64 -454 -495 56
31056: -121 -11 -465 72
31060: -121 -11 -469 104
31062: -121 -11 -471 120
31063: -121 -11 -472 128
31119: -122 -74 -464 128
31120: -122 -75 -465 72
31156: -122 -79 -501 104
31425: -127 -393 -450 80
31576: -185 -20 -473 136
31577: -185 -20 -474 144
31582: -185 -20 -479 184
31583: -185 -20 -480 192
31719: -187 -149 -488 192
31720: -187 -150 -489 136
31810: -189 -273 -451 152
31836: -189 -276 -477 168
31839: -189 -276 -480 192
31938: -191 -401 -451 152
31959: -191 -403 -472 192
31995: -191 -408 -508 160
32096: -249 -29 -481 200
32097: -249 -29 -482 208
32099: -249 -29 -484 224
32101: -249 -29 -486 240
32102: -249 -29 -487 248
32103: -249 -29 -488 256
32136: -250 -90 -457 200
32287: -252 -220 -480 256
32439: -254 -351 -504 256
32451: -255 -409 -452 224
32496: -255 -415 -497 200
32616: -313 -38 -489 264
32617: -313 -38 -490 272
32619: -313 -38 -492 288
32622: -313 -38 -495 312
32623: -313 -38 -496 320
32645: -314 -97 -454 304
32737: -315 -165 -482 272
32964: -319 -417 -453 296
33089: -377 -41 -450 336
33090: -377 -41 -451 344
33091: -377 -41 -452 352
33092: -377 -41 -453 360
33093: -377 -41 -454 368
33094: -377 -41 -455 376
33157: -378 -105 -454 368
33420: -382 -362 -461 360
33423: -382 -362 -464 384
33431: -382 -363 -472 384
33439: -382 -364 -480 384
33477: -383 -425 -454 368
33489: -383 -427 -466 336
33519: -383 -430 -496 384
33520: -383 -431 -497 328
33527: -383 -431 -504 384
33531: -383 -432 -508 352
33648: -441 -55 -497 392
33650: -441 -55 -499 408
33651: -441 -55 -500 416
33653: -441 -55 -502 432
33655: -441 -55 -504 448
33917: -445 -312 -510 432
33981: -446 -376 -510 432
33999: -447 -434 -464 448
34007: -447 -435 -472 448
34178: -506 -121 -451 472
34243: -507 -185 -452 480
34308: -508 -249 -453 488
34373: -509 -313 -454 496
34399: -509 -316 -480 512
34957: -41 -2 -70 46
34958: -41 -2 -71 54
34959: -41 -2 -72 62
35302: -81 -69 -271 51
35361: -89 -69 -266 12
35367: -89 -69 -272 60
35425: -97 -69 -266 13
35553: -113 -69 -266 15
35554: -113 -69 -267 23
35555: -113 -69 -268 31
35556: -113 -69 -269 39
35617: -121 -69 -266 16
35619: -121 -69 -268 32
35792: -145 -131 -145 3
36014: -169 -134 -343 54
36015: -169 -134 -344 62
36064: -177 -133 -273 7
36072: -177 -134 -337 7
36088: -177 -136 -465 7
36128: -185 -133 -273 8
36136: -185 -134 -337 8
36526: -233 -198 -351 54
36552: -241 -194 -89 7
36584: -241 -198 -345 7
36586: -241 -198 -347 23
36616: -249 -194 -89 8
36648: -249 -198 -345 8
37061: -305 -257 -38 47
37125: -313 -257 -38 48
38160: -441 -387 -177 8
38162: -441 -387 -179 24
38168: -441 -388 -241 8
38489: -481 -452 -250 13
38603: -497 -450 -124 31
38608: -497 -451 -185 7
38609: -497 -451 -186 15
38610: -497 -451 -187 23
38632: -497 -454 -377 7
38635: -497 -454 -380 31
38736: -2 -11 -129 65
38737: -2 -11 -130 73
38738: -2 -11 -131 81
38739: -2 -11 -132 89
38740: -2 -11 -133 97
38741: -2 -11 -134 105
38742: -2 -11 -135 113
38743: -2 -11 -136 121
39550: -98 -80 -463 117
39646: -114 -76 -207 119
39660: -114 -78 -333 103
39724: -122 -78 -333 104
39928: -146 -144 -465 67
39929: -146 -144 -466 75
39931: -146 -144 -468 91
39935: -146 -144 -472 123
40260: -194 -201 -29 97
40316: -194 -208 -477 97
40328: -202 -202 -89 66
40686: -242 -206 -351 119
40767: -250 -208 -480 128
40944: -274 -271 -417 67
40977: -282 -267 -162 76
41169: -306 -267 -162 79
41200: -306 -271 -417 71
41264: -314 -271 -417 72
41272: -314 -272 -481 72
41278: -314 -272 -487 120
41313: -322 -333 -298 73
41318: -322 -333 -303 113
41319: -322 -333 -304 121
41638: -362 -333 -303 118
41697: -370 -333 -298 79
41842: -386 -399 -435 81
41843: -386 -399 -436 89
41844: -386 -399 -437 97
41864: -394 -394 -113 66
42074: -418 -396 -243 85
42089: -418 -398 -370 77
42211: -434 -397 -308 95
42213: -434 -397 -310 111
42273: -442 -397 -306 80
42281: -442 -398 -370 80
42352: -450 -463 -441 65
42362: -450 -464 -507 81
42363: -450 -464 -508 89
42364: -450 -464 -509 97
42376: -458 -458 -121 66
42481: -466 -463 -442 75
42544: -474 -463 -441 68
42567: -482 -457 -64 125
42609: -482 -463 -442 77
42672: -490 -463 -441 70
42673: -490 -463 -442 78
42742: -498 -463 -447 119
42800: -506 -463 -441 72
42904: -11 -20 -193 130
42905: -11 -20 -194 138
42906: -11 -20 -195 146
42907: -11 -20 -196 154
42908: -11 -20 -197 162
42909: -11 -20 -198 170
42910: -11 -20 -199 178
42911: -11 -20 -200 186
43436: -75 -86 -333 162
43447: -75 -87 -400 186
43454: -75 -88 -463 178
43714: -115 -81 -11 151
44270: -179 -150 -343 183
44335: -187 -150 -344 192
44496: -211 -211 -153 131
44502: -211 -211 -159 179
44869: -259 -273 -38 169
44888: -259 -276 -225 129
44933: -267 -273 -38 170
44952: -267 -276 -225 130
44959: -267 -276 -232 186
45168: -291 -279 -417 133
45253: -307 -273 -38 175
45376: -323 -337 -41 129
45400: -323 -340 -233 129
45427: -323 -343 -428 153
45428: -323 -343 -429 161
45430: -323 -343 -431 177
45439: -323 -344 -496 185
45523: -339 -339 -172 155
45526: -339 -339 -175 179
45527: -339 -339 -176 187
45568: -347 -337 -41 132
45632: -355 -337 -41 133
45696: -363 -337 -41 134
45748: -363 -343 -429 166
45750: -363 -343 -431 182
45760: -371 -337 -41 135
45768: -371 -338 -105 135
45786: -371 -340 -235 151
45941: -387 -407 -438 169
46314: -435 -406 -371 151
46342: -443 -401 -55 184
46407: -451 -465 -64 185
46448: -451 -471 -441 129
46459: -451 -472 -508 153
46460: -451 -472 -509 161
46461: -451 -472 -510 169
46471: -459 -465 -64 186
46512: -459 -471 -441 130
46663: -483 -465 -64 189
46706: -483 -471 -443 149
46768: -491 -471 -441 134
46791: -499 -465 -64 191
46838: -499 -471 -447 183
46874: -507 -468 -251 152
46896: -507 -471 -441 136
46902: -507 -471 -447 184
47072: -20 -29 -257 195
47074: -20 -29 -259 211
47076: -20 -29 -261 227
47077: -20 -29 -262 235
47078: -20 -29 -263 243
47079: -20 -29 -264 251
47490: -76 -89 -11 210
47640: -92 -92 -201 196
47939: -132 -153 -20 217
47992: -132 -160 -465 193
48067: -148 -153 -20 219
48387: -188 -153 -20 224
48431: -188 -158 -344 256
48872: -244 -222 -345 199
49032: -268 -282 -97 194
49093: -276 -281 -38 235
49121: -276 -285 -290 203
49129: -276 -286 -354 203
49176: -284 -284 -225 196
49285: -300 -281 -38 238
49472: -324 -345 -41 193
49488: -324 -347 -169 193
49528: -324 -352 -489 193
49600: -340 -345 -41 195
49792: -364 -345 -41 198
49847: -364 -351 -432 254
49856: -372 -345 -41 199
49910: -372 -351 -431 247
49920: -380 -345 -41 200
49969: -380 -351 -426 208
49983: -380 -352 -496 256
49990: -388 -409 -55 241
50036: -388 -415 -437 225
50039: -388 -415 -440 249
50118: -404 -409 -55 243
50147: -404 -413 -308 219
50401: -436 -413 -306 207
50431: -436 -416 -504 255
50544: -452 -479 -441 193
50557: -452 -480 -510 233
50759: -484 -473 -64 253
50887: -500 -473 -64 255
50934: -500 -479 -447 247
50992: -508 -479 -441 200
50995: -508 -479 -444 224
51241: -29 -38 -322 268
51242: -29 -38 -323 276
51243: -29 -38 -324 284
51245: -29 -38 -326 300
51246: -29 -38 -327 308
51247: -29 -38 -328 316
51522: -69 -97 -11 273
51544: -69 -100 -201 257
51546: -69 -100 -203 273
51564: -69 -102 -333 289
51577: -69 -104 -458 265
51578: -69 -104 -459 273
51579: -69 -104 -460 281
51581: -69 -104 -462 297
51582: -69 -104 -463 305
51583: -69 -104 -464 313
52186: -149 -164 -211 275
52246: -157 -163 -151 308
52321: -165 -165 -274 269
52324: -165 -165 -277 293
52325: -165 -165 -278 301
52543: -189 -168 -472 320
52548: -197 -225 -29 289
52836: -229 -229 -285 293
52932: -245 -225 -29 295
52982: -245 -231 -415 311
53092: -261 -293 -293 289
53178: -269 -296 -483 274
53220: -277 -293 -293 291
53284: -285 -293 -293 292
53632: -333 -353 -41 258
53640: -333 -354 -105 258
53648: -333 -355 -169 258
53656: -333 -356 -233 258
53662: -333 -356 -239 306
53680: -333 -359 -425 258
53684: -333 -359 -429 290
53686: -333 -359 -431 306
53687: -333 -359 -432 314
53688: -333 -360 -489 258
53695: -333 -360 -496 314
54086: -389 -417 -55 305
54214: -405 -417 -55 307
54278: -413 -417 -55 308
54296: -413 -420 -241 260
54369: -421 -421 -306 269
54371: -421 -421 -308 285
54373: -421 -421 -310 301
54375: -421 -421 -312 317
54406: -429 -417 -55 310
54599: -453 -481 -64 313
54649: -453 -488 -506 265
54650: -453 -488 -507 273
54653: -453 -488 -510 297
54663: -461 -481 -64 314
54704: -461 -487 -441 258
54791: -477 -481 -64 316
54832: -477 -487 -441 260
54983: -501 -481 -64 319
55024: -501 -487 -441 263
55088: -509 -487 -441 264
55361: -38 -41 -2 333
55831: -94 -107 -144 380
56002: -118 -105 -11 343
56141: -134 -170 -86 361
56145: -134 -171 -146 329
56190: -134 -176 -471 369
56259: -150 -169 -20 347
56387: -166 -169 -20 349
56495: -174 -174 -344 382
56648: -198 -234 -89 321
56708: -206 -233 -29 354
56836: -222 -233 -29 356
56900: -230 -233 -29 357
57000: -238 -238 -345 326
57006: -238 -238 -351 374
57007: -238 -238 -352 382
57092: -254 -233 -29 360
57157: -262 -297 -38 361
57413: -294 -297 -38 365
57518: -302 -302 -359 374
57541: -310 -297 -38 367
58056: -374 -362 -105 327
58226: -390 -431 -435 337
58227: -390 -431 -436 345
58237: -390 -432 -502 361
58246: -398 -425 -55 370
58248: -398 -426 -113 322
58301: -398 -432 -502 362
58365: -406 -432 -502 363
58374: -414 -425 -55 372
58429: -414 -432 -502 364
58438: -422 -425 -55 373
58440: -422 -426 -113 325
58493: -422 -432 -502 365
58568: -438 -426 -113 327
58584: -438 -428 -241 327
58592: -438 -429 -305 327
58596: -438 -429 -309 359
58597: -438 -429 -310 367
58599: -438 -429 -312 383
58623: -438 -432 -504 383
58630: -446 -425 -55 376
58695: -454 -489 -64 377
58736: -454 -495 -441 321
58741: -454 -495 -446 361
58745: -454 -496 -506 329
58747: -454 -496 -508 345
58749: -454 -496 -510 361
58800: -462 -495 -441 322
58951: -486 -489 -64 381
58992: -486 -495 -441 325
58997: -486 -495 -446 365
59048: -494 -494 -377 326
59079: -502 -489 -64 383
59168: -510 -493 -313 328
59184: -510 -495 -441 328
59190: -510 -495 -447 376
59633: -55 -55 -386 399
59634: -55 -55 -387 407
59635: -55 -55 -388 415
59636: -55 -55 -389 423
59637: -55 -55 -390 431
59639: -55 -55 -392 447
59970: -103 -113 -11 405
60034: -111 -113 -11 406
60149: -119 -119 -398 431
60227: -135 -177 -20 409
60661: -183 -183 -406 431
60662: -183 -183 -407 439
60675: -191 -177 -20 416
60740: -199 -241 -29 417
60872: -215 -242 -89 387
60932: -223 -241 -29 420
60996: -231 -241 -29 421
61060: -239 -241 -29 422
61188: -255 -241 -29 424
61231: -255 -246 -352 448
61317: -271 -305 -38 426
61353: -271 -310 -354 394
61375: -271 -312 -488 442
61381: -279 -305 -38 427
61457: -287 -307 -162 396
61483: -287 -310 -356 412
61686: -311 -311 -423 439
61701: -319 -305 -38 432
61760: -327 -369 -41 385
61888: -343 -369 -41 387
61952: -351 -369 -41 388
62016: -359 -369 -41 389
62024: -359 -370 -105 389
62080: -367 -369 -41 390
62198: -375 -375 -431 439
62208: -383 -369 -41 392
62376: -399 -438 -369 386
62440: -407 -438 -369 387
62442: -407 -438 -371 403
62472: -415 -434 -113 388
62507: -415 -438 -372 412
62584: -423 -440 -497 389
62618: -431 -436 -243 406
62728: -447 -434 -113 392
62755: -447 -437 -308 416
62855: -463 -497 -64 442
62878: -463 -500 -255 434
62919: -471 -497 -64 443
62983: -479 -497 -64 444
63111: -495 -497 -64 446
63216: -503 -503 -441 391
63222: -503 -503 -447 439
63254: -511 -499 -191 440
63272: -511 -502 -377 392
63278: -511 -502 -383 440
63801: -64 -64 -450 464
63802: -64 -64 -451 472
63803: -64 -64 -452 480
63804: -64 -64 -453 488
63805: -64 -64 -454 496
63806: -64 -64 -455 504
63874: -80 -121 -11 466
64087: -104 -123 -144 509
64130: -112 -121 -11 470
64194: -120 -121 -11 471
64318: -128 -128 -463 504
64323: -136 -185 -20 473
64515: -160 -185 -20 476
64707: -184 -185 -20 479
64750: -184 -190 -343 503
64824: -192 -192 -465 456
64900: -208 -249 -29 482
64964: -216 -249 -29 483
65156: -240 -249 -29 486
65220: -248 -249 -29 487
65262: -248 -254 -351 503
65343: -256 -256 -480 512
65449: -272 -318 -354 458
65605: -296 -313 -38 493
65710: -304 -318 -359 502
65733: -312 -313 -38 495
65849: -320 -320 -482 464
65854: -320 -320 -487 504
65856: -328 -377 -41 449
65899: -328 -382 -364 473
66048: -352 -377 -41 452
66112: -360 -377 -41 453
66155: -360 -382 -364 477
66176: -368 -377 -41 454
66240: -376 -377 -41 455
66294: -376 -383 -431 503
66367: -384 -384 -496 512
66418: -392 -447 -435 465
66419: -392 -447 -436 473
66420: -392 -447 -437 481
66421: -392 -447 -438 489
66502: -408 -441 -55 499
66566: -416 -441 -55 500
66607: -416 -446 -376 508
66630: -424 -441 -55 501
66694: -432 -441 -55 502
66758: -440 -441 -55 503
66767: -440 -442 -120 511
66775: -440 -443 -184 511
66792: -440 -446 -369 455
66879: -448 -448 -504 512
66974: -464 -508 -255 498
66976: -464 -509 -313 450
66984: -464 -510 -377 450
67048: -472 -510 -377 451
67050: -472 -510 -379 467
67056: -472 -511 -441 451
67107: -480 -509 -316 476
67144: -488 -506 -121 453
67152: -488 -507 -185 453
67184: -488 -511 -441 453
67304: -504 -510 -377 455
67529: -17 -11 -2 66
67745: -41 -38 -2 69
68044: -81 -11 -69 266
68116: -89 -20 -69 267
68188: -97 -29 -69 268
68260: -105 -38 -69 269
68340: -113 -55 -69 271
68412: -121 -64 -69 272
68486: -137 -2 -135 401
68555: -145 -11 -132 210
68557: -145 -11 -134 338
68558: -145 -11 -135 402
68626: -153 -20 -131 147
68628: -153 -20 -133 275
68629: -153 -20 -134 339
68699: -161 -29 -132 212
68701: -161 -29 -134 340
68702: -161 -29 -135 404
68703: -161 -29 -136 468
68770: -169 -38 -131 149
68771: -169 -38 -132 213
68772: -169 -38 -133 277
68773: -169 -38 -134 341
68774: -169 -38 -135 405
68775: -169 -38 -136 469
68850: -177 -55 -131 151
68851: -177 -55 -132 215
68853: -177 -55 -134 343
68854: -177 -55 -135 407
68855: -177 -55 -136 471
68922: -185 -64 -131 152
68923: -185 -64 -132 216
68924: -185 -64 -133 280
68925: -185 -64 -134 344
68926: -185 -64 -135 408
68927: -185 -64 -136 472
68994: -201 -2 -195 153
68995: -201 -2 -196 217
68996: -201 -2 -197 281
68998: -201 -2 -199 409
69281: -233 -38 -194 93
69284: -233 -38 -197 285
69285: -233 -38 -198 349
69287: -233 -38 -200 477
69362: -241 -55 -195 159
69363: -241 -55 -196 223
69364: -241 -55 -197 287
69365: -241 -55 -198 351
69366: -241 -55 -199 415
69367: -241 -55 -200 479
69433: -249 -64 -194 96
69434: -249 -64 -195 160
69435: -249 -64 -196 224
69436: -249 -64 -197 288
69437: -249 -64 -198 352
69438: -249 -64 -199 416
69439: -249 -64 -200 480
69577: -273 -11 -258 98
69580: -273 -11 -261 290
69581: -273 -11 -262 354
69582: -273 -11 -263 418
69583: -273 -11 -264 482
69650: -281 -20 -259 163
69653: -281 -20 -262 355
69654: -281 -20 -263 419
69655: -281 -20 -264 483
69721: -289 -29 -258 100
69722: -289 -29 -259 164
69725: -289 -29 -262 356
69727: -289 -29 -264 484
69793: -297 -38 -258 101
69796: -297 -38 -261 293
69873: -305 -55 -258 103
69874: -305 -55 -259 167
69876: -305 -55 -261 295
69877: -305 -55 -262 359
69878: -305 -55 -263 423
69879: -305 -55 -264 487
69945: -313 -64 -258 104
69946: -313 -64 -259 168
69948: -313 -64 -261 296
69949: -313 -64 -262 360
69950: -313 -64 -263 424
69951: -313 -64 -264 488
70091: -337 -11 -324 234
70094: -337 -11 -327 426
70095: -337 -11 -328 490
70161: -345 -20 -322 107
70162: -345 -20 -323 171
70165: -345 -20 -326 363
70167: -345 -20 -328 491
70385: -369 -55 -322 111
70386: -369 -55 -323 175
70387: -369 -55 -324 239
70389: -369 -55 -326 367
70390: -369 -55 -327 431
70391: -369 -55 -328 495
70457: -377 -64 -322 112
70458: -377 -64 -323 176
70459: -377 -64 -324 240
70461: -377 -64 -326 368
70462: -377 -64 -327 432
70463: -377 -64 -328 496
70504: -385 -41 -385 54
70530: -393 -2 -387 177
70531: -393 -2 -388 241
70532: -393 -2 -389 305
70533: -393 -2 -390 369
70535: -393 -2 -392 497
70603: -401 -11 -388 242
70605: -401 -11 -390 370
70674: -409 -20 -387 179
70676: -409 -20 -389 307
70746: -417 -29 -387 180
70747: -417 -29 -388 244
70749: -417 -29 -390 372
70751: -417 -29 -392 500
70819: -425 -38 -388 245
70823: -425 -38 -392 501
70969: -441 -64 -386 120
70970: -441 -64 -387 184
70971: -441 -64 -388 248
70972: -441 -64 -389 312
70973: -441 -64 -390 376
70975: -441 -64 -392 504
71016: -449 -41 -449 62
71042: -457 -2 -451 185
71043: -457 -2 -452 249
71044: -457 -2 -453 313
71045: -457 -2 -454 377
71113: -465 -11 -450 122
71117: -465 -11 -454 378
71186: -473 -20 -451 187
71258: -481 -29 -451 188
71259: -481 -29 -452 252
71261: -481 -29 -454 380
71329: -489 -38 -450 125
71330: -489 -38 -451 189
71333: -489 -38 -454 381
71409: -497 -55 -450 127
71410: -497 -55 -451 191
71411: -497 -55 -452 255
71412: -497 -55 -453 319
71413: -497 -55 -454 383
71506: -2 -81 -11 131
71514: -2 -89 -11 132
71522: -2 -97 -11 133
71530: -2 -105 -11 134
71538: -2 -113 -11 135
71546: -2 -121 -11 136
72258: -98 -69 -75 137
72405: -114 -87 -78 331
72625: -138 -114 -138 87
72672: -146 -99 -137 21
72719: -154 -76 -144 466
72770: -162 -69 -139 145
72775: -162 -69 -144 465
73072: -194 -113 -201 31
73137: -202 -114 -202 95
73562: -258 -89 -267 164
73590: -258 -113 -271 423
73599: -258 -121 -272 488
73641: -266 -106 -266 102
73649: -266 -114 -266 103
73793: -290 -69 -266 97
73794: -290 -69 -267 161
73795: -290 -69 -268 225
73798: -290 -69 -271 417
73958: -306 -103 -271 421
74023: -314 -104 -272 485
74027: -314 -112 -268 230
74068: -322 -81 -333 299
74076: -322 -89 -333 300
74084: -322 -97 -333 301
74308: -354 -69 -333 297
74582: -386 -81 -399 435
74590: -386 -89 -399 436
74598: -386 -97 -399 437
74606: -386 -105 -399 438
74622: -386 -121 -399 440
74711: -402 -83 -400 499
74727: -402 -99 -400 501
74817: -418 -69 -394 113
74820: -418 -69 -397 305
74823: -418 -69 -400 497
75095: -450 -81 -464 507
75103: -450 -89 -464 508
75111: -450 -97 -464 509
75119: -450 -105 -464 510
75127: -450 -113 -464 511
75135: -450 -121 -464 512
75222: -466 -83 -463 443
75238: -466 -99 -463 445
75330: -482 -69 -459 185
75331: -482 -69 -460 249
75332: -482 -69 -461 313
75333: -482 -69 -462 377
75335: -482 -69 -464 505
75659: -11 -138 -20 194
75667: -11 -146 -20 195
75675: -11 -154 -20 196
75683: -11 -162 -20 197
75691: -11 -170 -20 198
75699: -11 -178 -20 199
75707: -11 -186 -20 200
76786: -147 -179 -147 151
76884: -163 -149 -149 275
77014: -179 -151 -151 403
77174: -195 -177 -215 415
77250: -211 -131 -211 153
77266: -211 -147 -211 155
77274: -211 -155 -211 156
77282: -211 -163 -211 157
77290: -211 -171 -211 158
77298: -211 -179 -211 159
77306: -211 -187 -211 160
77680: -259 -177 -273 39
77681: -259 -177 -274 103
77686: -259 -177 -279 423
77704: -267 -138 -273 34
77729: -267 -162 -274 101
77731: -267 -162 -276 229
78314: -339 -171 -339 174
78342: -347 -132 -343 425
78399: -347 -188 -344 496
78591: -371 -191 -344 496
78598: -379 -136 -343 425
78646: -379 -184 -343 431
78670: -387 -137 -407 434
78678: -387 -145 -407 435
78686: -387 -153 -407 436
78694: -387 -161 -407 437
78702: -387 -169 -407 438
78710: -387 -177 -407 439
78718: -387 -185 -407 440
78757: -395 -162 -406 373
78853: -411 -132 -406 369
79104: -443 -136 -401 49
79183: -451 -137 -472 506
79191: -451 -145 -472 507
79199: -451 -153 -472 508
79207: -451 -161 -472 509
79215: -451 -169 -472 510
79223: -451 -177 -472 511
79231: -451 -185 -472 512
79360: -475 -132 -465 57
79366: -475 -132 -471 441
79552: -499 -135 -465 57
79812: -20 -195 -29 257
79820: -20 -203 -29 258
79828: -20 -211 -29 259
79836: -20 -219 -29 260
79844: -20 -227 -29 261
79852: -20 -235 -29 262
79860: -20 -243 -29 263
79868: -20 -251 -29 264
80435: -92 -244 -92 207
80742: -132 -225 -159 405
80758: -132 -241 -159 407
80760: -132 -249 -153 24
80767: -132 -249 -160 472
80800: -140 -226 -153 21
80947: -156 -244 -156 215
81633: -244 -231 -218 93
81947: -284 -220 -284 228
81955: -284 -228 -284 229
82148: -308 -231 -285 293
82198: -316 -216 -287 419
82273: -324 -225 -346 109
82278: -324 -225 -351 429
82279: -324 -225 -352 493
82376: -340 -203 -345 42
82491: -348 -252 -348 240
82502: -356 -197 -351 425
82687: -372 -255 -352 496
82704: -380 -216 -345 43
82742: -380 -248 -351 431
82766: -388 -201 -415 434
82774: -388 -209 -415 435
82782: -388 -217 -415 436
82790: -388 -225 -415 437
82798: -388 -233 -415 438
82806: -388 -241 -415 439
82814: -388 -249 -415 440
83279: -452 -201 -480 506
83287: -452 -209 -480 507
83295: -452 -217 -480 508
83303: -452 -225 -480 509
83311: -452 -233 -480 510
83319: -452 -241 -480 511
83327: -452 -249 -480 512
83507: -476 -244 -476 255
83722: -508 -208 -475 186
83725: -508 -208 -478 378
83749: -508 -232 -478 381
83973: -29 -260 -38 321
83981: -29 -268 -38 322
83989: -29 -276 -38 323
83997: -29 -284 -38 324
84005: -29 -292 -38 325
84013: -29 -300 -38 326
84021: -29 -308 -38 327
84029: -29 -316 -38 328
84288: -69 -257 -97 9
84289: -69 -257 -98 73
84290: -69 -257 -99 137
84291: -69 -257 -100 201
84293: -69 -257 -102 329
84294: -69 -257 -103 393
84295: -69 -257 -104 457
84305: -69 -273 -98 75
84306: -69 -273 -99 139
84314: -69 -281 -99 140
84334: -69 -297 -103 398
84336: -69 -305 -97 15
84337: -69 -305 -98 79
84341: -69 -305 -102 335
84342: -69 -305 -103 399
84343: -69 -305 -104 463
84344: -69 -313 -97 16
84345: -69 -313 -98 80
84346: -69 -313 -99 144
84347: -69 -313 -100 208
84349: -69 -313 -102 336
84350: -69 -313 -103 400
84351: -69 -313 -104 464
84848: -133 -305 -161 23
85050: -157 -316 -163 152
85092: -165 -293 -165 277
85360: -197 -305 -225 31
85448: -213 -267 -225 26
85604: -229 -293 -229 285
85841: -261 -273 -290 99
85850: -261 -281 -291 164
85878: -261 -305 -295 423
85953: -277 -259 -290 97
86057: -285 -300 -290 102
86108: -293 -285 -293 292
86140: -293 -317 -293 296
86273: -317 -264 -290 97
86321: -317 -312 -290 103
86402: -333 -258 -355 169
86403: -333 -258 -356 233
86405: -333 -258 -358 361
86406: -333 -258 -359 425
86409: -333 -266 -354 106
86414: -333 -266 -359 426
86415: -333 -266 -360 490
86422: -333 -274 -359 427
86433: -333 -290 -354 109
86438: -333 -290 -359 429
86439: -333 -290 -360 493
86443: -333 -298 -356 238
86446: -333 -298 -359 430
86451: -333 -306 -356 239
86459: -333 -314 -356 240
86854: -389 -257 -423 433
86870: -389 -273 -423 435
86878: -389 -281 -423 436
86886: -389 -289 -423 437
86894: -389 -297 -423 438
86902: -389 -305 -423 439
86910: -389 -313 -423 440
87132: -421 -285 -421 308
87140: -421 -293 -421 309
87304: -445 -272 -417 50
87367: -453 -257 -488 505
87407: -453 -297 -488 510
87415: -453 -305 -488 511
87423: -453 -313 -488 512
87806: -501 -319 -487 448
87809: -509 -264 -482 121
88128: -38 -325 -41 1
88144: -38 -341 -41 3
88152: -38 -349 -41 4
88160: -38 -357 -41 5
88168: -38 -365 -41 6
88176: -38 -373 -41 7
88184: -38 -381 -41 8
89088: -158 -324 -169 17
89299: -182 -343 -172 211
89472: -206 -322 -233 25
89536: -214 -323 -233 25
89789: -238 -382 -238 352
89939: -262 -337 -300 227
89975: -262 -369 -304 487
90337: -310 -359 -298 101
90340: -310 -359 -301 293
90420: -318 -376 -301 295
90458: -326 -345 -363 172
90698: -358 -333 -363 170
90881: -382 -328 -362 105
90883: -382 -328 -364 233
90913: -382 -360 -362 109
90966: -390 -337 -431 435
90974: -390 -345 -431 436
90982: -390 -353 -431 437
90998: -390 -369 -431 439
91006: -390 -377 -431 440
91214: -422 -333 -431 434
91345: -438 -343 -426 115
91347: -438 -343 -428 243
91348: -438 -343 -429 307
91351: -438 -343 -432 499
91353: -438 -351 -426 116
91354: -438 -351 -427 180
91356: -438 -351 -429 308
91472: -454 -337 -489 59
91479: -454 -337 -496 507
91487: -454 -345 -496 508
91495: -454 -353 -496 509
91511: -454 -369 -496 511
91519: -454 -377 -496 512
91722: -486 -333 -491 186
91727: -486 -333 -496 506
91840: -502 -327 -489 57
91921: -510 -344 -490 123
91923: -510 -344 -492 251
91924: -510 -344 -493 315
91930: -510 -352 -491 188
91932: -510 -352 -493 316
92358: -55 -391 -55 385
92366: -55 -399 -55 386
92374: -55 -407 -55 387
92382: -55 -415 -55 388
92390: -55 -423 -55 389
92398: -55 -431 -55 390
92406: -55 -439 -55 391
92414: -55 -447 -55 392
92609: -87 -387 -114 73
92672: -95 -388 -113 9
92673: -95 -388 -114 73
92768: -103 -421 -113 13
92777: -103 -429 -114 78
92850: -111 -438 -115 143
92851: -111 -438 -116 207
92886: -119 -407 -119 395
92894: -119 -415 -119 396
92902: -119 -423 -119 397
92926: -119 -447 -119 400
92977: -127 -440 -114 79
93025: -135 -417 -178 85
93186: -159 -388 -179 145
93312: -175 -390 -177 17
93363: -175 -438 -180 215
93406: -183 -415 -183 404
93422: -183 -431 -183 406
93438: -183 -447 -183 408
93440: -191 -392 -177 17
93490: -191 -440 -179 151
93567: -199 -441 -248 480
93624: -207 -442 -241 32
93683: -215 -435 -244 223
93874: -239 -438 -243 159
93926: -247 -423 -247 413
93934: -247 -431 -247 414
93950: -247 -447 -247 416
94073: -263 -441 -306 104
94077: -263 -441 -310 360
94080: -271 -386 -305 33
94096: -271 -402 -305 35
94129: -271 -434 -306 103
94130: -271 -434 -307 167
94131: -271 -434 -308 231
94132: -271 -434 -309 295
94133: -271 -434 -310 359
94135: -271 -434 -312 487
94176: -279 -419 -305 37
94208: -287 -388 -305 33
94259: -287 -436 -308 231
94260: -287 -436 -309 295
94263: -287 -436 -312 487
94352: -303 -406 -305 35
94422: -311 -407 -311 419
94430: -311 -415 -311 420
94446: -311 -431 -311 422
94464: -319 -392 -305 33
94565: -327 -417 -374 365
94696: -343 -427 -369 46
94760: -351 -428 -369 46
94835: -359 -437 -372 239
94837: -359 -437 -374 367
94839: -359 -437 -376 495
94841: -359 -445 -370 112
94934: -375 -407 -375 427
94942: -375 -415 -375 428
94974: -375 -447 -375 432
95109: -399 -386 -438 369
95167: -399 -442 -440 504
95199: -407 -411 -440 500
95213: -407 -427 -438 374
95249: -415 -404 -434 115
95255: -415 -404 -440 499
95277: -415 -428 -438 374
95279: -415 -428 -440 502
95289: -415 -444 -434 120
95295: -415 -444 -440 504
95311: -423 -397 -440 498
95343: -423 -429 -440 502
95359: -423 -445 -440 504
95423: -431 -446 -440 504
95497: -447 -400 -434 114
95505: -447 -408 -434 115
95529: -447 -432 -434 118
95575: -455 -401 -504 507
95632: -463 -402 -497 59
95656: -463 -426 -497 62
95680: -471 -387 -497 57
95696: -471 -403 -497 59
95712: -471 -419 -497 61
95744: -479 -388 -497 57
95808: -487 -389 -497 57
95810: -487 -389 -499 185
95958: -503 -407 -503 443
95966: -503 -415 -503 444
95982: -503 -431 -503 446
96009: -511 -400 -498 122
96018: -511 -408 -499 187
96045: -511 -432 -502 382
96519: -64 -456 -64 449
96527: -64 -464 -64 450
96535: -64 -472 -64 451
96543: -64 -480 -64 452
96551: -64 -488 -64 453
96559: -64 -496 -64 454
96567: -64 -504 -64 455
96575: -64 -512 -64 456
96824: -96 -508 -121 16
96840: -104 -461 -121 10
97016: -120 -511 -121 16
97047: -128 -472 -128 459
97055: -128 -480 -128 460
97071: -128 -496 -128 462
97567: -192 -480 -192 468
97575: -192 -488 -192 469
97664: -208 -450 -249 25
97880: -232 -477 -249 28
98017: -248 -487 -250 93
98042: -248 -511 -251 160
98045: -248 -511 -254 352
98063: -256 -464 -256 474
98071: -256 -472 -256 475
98087: -256 -488 -256 477
98095: -256 -496 -256 478
98120: -264 -457 -313 34
98166: -264 -497 -319 423
98224: -272 -498 -313 39
98232: -272 -506 -313 40
98234: -272 -506 -315 168
98236: -272 -506 -317 296
98237: -272 -506 -318 360
98240: -280 -451 -313 33
98528: -312 -487 -313 37
98529: -312 -487 -314 101
98530: -312 -487 -315 165
98531: -312 -487 -316 229
98532: -312 -487 -317 293
98533: -312 -487 -318 357
98583: -320 -472 -320 483
98607: -320 -496 -320 486
98757: -344 -451 -382 361
98821: -352 -452 -382 361
98853: -352 -484 -382 365
98942: -360 -509 -383 432
99069: -376 -511 -382 368
99095: -384 -472 -384 491
99150: -392 -457 -447 434
99158: -392 -465 -447 435
99166: -392 -473 -447 436
99174: -392 -481 -447 437
99182: -392 -489 -447 438
99200: -400 -450 -441 49
99232: -400 -482 -441 53
99320: -408 -507 -441 56
99333: -416 -452 -446 369
99360: -416 -484 -441 53
99384: -416 -508 -441 56
99392: -424 -453 -441 49
99424: -424 -485 -441 53
99448: -424 -509 -441 56
99512: -432 -510 -441 56
99529: -440 -463 -442 114
99538: -440 -471 -443 179
99556: -440 -487 -445 309
99557: -440 -487 -446 373
99565: -440 -495 -446 374
99717: -464 -450 -510 377
99739: -464 -474 -508 252
99798: -472 -467 -511 443
99814: -472 -483 -511 445
99820: -472 -491 -509 318
99885: -480 -492 -510 382
99892: -480 -500 -509 319
99930: -488 -477 -507 188
100022: -496 -502 -511 447
100074: -504 -495 -507 190
100185: -41 -49
100186: -41 -57
100189: -2 -10
100191: -2 -26
100192: -2 -34
100193: -2 -42
100194: -2 -50
100195: -2 -58
100226: -11 -27
100227: -11 -35
100228: -11 -43
100229: -11 -51
100230: -11 -59
100260: -20 -28
100261: -20 -36
100262: -20 -44
100263: -20 -52
100264: -20 -60
100294: -29 -37
100295: -29 -45
100296: -29 -53
100297: -29 -61
100327: -38 -46
100328: -38 -54
100329: -38 -62
100361: -55 -63
100391: 8 16 24 32 40 48 56 64
100411: -89 -105
100412: -89 -113
100415: -97 -113
100419: -113 -121
100420: 65 73 81 89 97 105 113 121
100437: -82 -114
100438: -82 -122
100478: 67 75 83 91 99 107 115 123
100493: -84 -100
100508: -69 -77
100509: -69 -85
100510: -69 -93
100511: -69 -101
100512: -69 -109
100513: -69 -117
100514: -69 -125
100594: 71 79 87 95 103 111 119 127
100609: -88 -104
100613: -96 -104
100623: 72 80 88 96 104 112 120 128
100635: -137 -177
100636: -137 -185
100637: -145 -153
100640: -145 -177
100641: -145 -185
100644: -153 -177
100645: -153 -185
100647: -161 -177
100648: -161 -185
100649: -169 -177
100650: -169 -185
100651: -177 -185
100652: 129 137 145 153 161 169 177 185
100681: 130 138 146 154 162 170 178 186
100682: -131 -139
100687: -131 -179
100706: -163 -187
100714: -132 -164
100716: -132 -180
100722: -140 -180
100733: -164 -172
100738: -180 -188
100746: -133 -189
100755: -149 -173
100770: -134 -150
100771: -134 -158
100773: -134 -174
100797: 134 142 150 158 166 174 182 190
100800: -135 -159
100801: -135 -167
100802: -135 -175
100804: -135 -191
100815: -151 -191
100816: -159 -167
100827: -136 -144
100828: -136 -152
100829: -136 -160
100830: -136 -168
100831: -136 -176
100832: -136 -184
100833: -136 -192
100843: -152 -184
100850: -168 -184
100852: -176 -184
100865: -201 -225
100866: -201 -233
100867: -201 -241
100868: -201 -249
100872: -209 -241
100876: -217 -241
100877: -217 -249
100879: -225 -241
100881: -233 -241
100882: -233 -249
100883: -241 -249
100884: 193 201 209 217 225 233 241 249
100913: 194 202 210 218 226 234 242 250
100942: 195 203 211 219 227 235 243 251
100948: -196 -244
100949: -196 -252
100973: -197 -213
100975: -197 -229
100988: -213 -245
100995: -229 -245
101001: -198 -206
101029: 198 206 214 222 230 238 246 254
101036: -199 -255
101043: -215 -223
101058: 199 207 215 223 231 239 247 255
101059: -200 -208
101064: -200 -248
101070: -208 -248
101074: -216 -240
101075: -216 -248
101078: -224 -240
101087: 200 208 216 224 232 240 248 256
101093: -257 -305
101094: -257 -313
101103: -273 -297
101104: -273 -305
101105: -273 -313
101108: -281 -305
101111: -289 -305
101112: -289 -313
101113: -297 -305
101114: -297 -313
101115: -305 -313
101116: 257 265 273 281 289 297 305 313
101117: -258 -266
101140: -290 -306
101145: 258 266 274 282 290 298 306 314
101146: -259 -267
101147: -259 -275
101149: -259 -291
101152: -259 -315
101155: -267 -291
101157: -267 -307
101171: -299 -307
101203: 260 268 276 284 292 300 308 316
101204: -261 -269
101206: -261 -285
101209: -261 -309
101210: -261 -317
101213: -269 -293
101216: -269 -317
101223: -285 -301
101225: -285 -317
101232: 261 269 277 285 293 301 309 317
101236: -262 -294
101238: -262 -310
101261: 262 270 278 286 294 302 310 318
101262: -263 -271
101265: -263 -295
101266: -263 -303
101268: -263 -319
101269: -271 -279
101270: -271 -287
101271: -271 -295
101274: -271 -319
101280: -287 -295
101290: 263 271 279 287 295 303 311 319
101291: -264 -272
101294: -264 -296
101298: -272 -280
101299: -272 -288
101300: -272 -296
101302: -272 -312
101303: -272 -320
101318: -312 -320
101319: 264 272 280 288 296 304 312 320
101336: -337 -369
101337: -337 -377
101340: -345 -369
101341: -345 -377
101343: -353 -369
101344: -353 -377
101347: -369 -377
101348: 321 329 337 345 353 361 369 377
101353: -322 -362
101354: -322 -370
101355: -322 -378
101365: -338 -370
101372: -354 -370
101376: -370 -378
101381: -323 -355
101400: -355 -363
101406: 323 331 339 347 355 363 371 379
101409: -324 -348
101410: -324 -356
101412: -324 -372
101413: -324 -380
101429: -356 -364
101430: -356 -372
101435: 324 332 340 348 356 364 372 380
101470: -326 -374
101493: 326 334 342 350 358 366 374 382
101496: -327 -351
101500: -327 -383
101516: -359 -367
101522: 327 335 343 351 359 367 375 383
101526: -328 -360
101528: -328 -376
101539: -344 -376
101546: -360 -376
101551: 328 336 344 352 360 368 376 384
101561: -393 -417
101564: -393 -441
101566: -401 -417
101569: -401 -441
101570: -409 -417
101571: -409 -425
101573: -409 -441
101574: -417 -425
101576: -417 -441
101578: -425 -441
101580: 385 393 401 409 417 425 433 441
101583: -386 -410
101585: -386 -426
101586: -386 -434
101597: -402 -434
101606: -426 -434
101608: -434 -442
101609: 386 394 402 410 418 426 434 442
101610: -387 -395
101611: -387 -403
101613: -387 -419
101614: -387 -427
101615: -387 -435
101616: -387 -443
101621: -395 -435
101625: -403 -427
101627: -403 -443
101638: 387 395 403 411 419 427 435 443
101639: -388 -396
101640: -388 -404
101642: -388 -420
101643: -388 -428
101644: -388 -436
101645: -388 -444
101650: -396 -436
101666: -436 -444
101668: -389 -397
101670: -389 -413
101672: -389 -429
101674: -389 -445
101683: -405 -429
101684: -405 -437
101693: -429 -437
101695: -437 -445
101696: 389 397 405 413 421 429 437 445
101697: -390 -398
101698: -390 -406
101699: -390 -414
101700: -390 -422
101702: -390 -438
101703: -390 -446
101711: -406 -422
101713: -406 -438
101720: -422 -438
101725: 390 398 406 414 422 430 438 446
101733: -399 -407
101734: -399 -415
101739: -407 -415
101740: -407 -423
101741: -407 -431
101743: -407 -447
101745: -415 -431
101754: 391 399 407 415 423 431 439 447
101755: -392 -400
101756: -392 -408
101757: -392 -416
101759: -392 -432
101760: -392 -440
101766: -400 -440
101771: -408 -440
101773: -416 -424
101774: -416 -432
101775: -416 -440
101778: -424 -440
101780: -432 -440
101782: -440 -448
101783: 392 400 408 416 424 432 440 448
101795: -457 -497
101797: -465 -473
101799: -465 -489
101800: -465 -497
101804: -473 -497
101806: -481 -489
101809: -489 -497
101812: 449 457 465 473 481 489 497 505
101815: -450 -474
101818: -450 -498
101819: -450 -506
101822: -458 -482
101830: -466 -506
101837: -482 -506
101838: -490 -498
101840: -498 -506
101841: 450 458 466 474 482 490 498 506
101842: -451 -459
101843: -451 -467
101844: -451 -475
101845: -451 -483
101846: -451 -491
101847: -451 -499
101848: -451 -507
101858: -467 -499
101868: -491 -507
101870: 451 459 467 475 483 491 499 507
101871: -452 -460
101872: -452 -468
101873: -452 -476
101874: -452 -484
101875: -452 -492
101876: -452 -500
101877: -452 -508
101883: -460 -508
101888: -468 -508
101895: -484 -508
101898: -500 -508
101899: 452 460 468 476 484 492 500 508
101901: -453 -469
101902: -453 -477
101905: -453 -501
101906: -453 -509
101914: -469 -485
101917: -469 -509
101921: -477 -509
101926: -493 -509
101927: -501 -509
101928: 453 461 469 477 485 493 501 509
101929: -454 -462
101931: -454 -478
101932: -454 -486
101934: -454 -502
101935: -454 -510
101949: -478 -502
101952: -486 -502
101957: 454 462 470 478 486 494 502 510
101960: -455 -479
101961: -455 -487
101964: -455 -511
101967: -463 -487
101968: -463 -495
101970: -463 -511
101972: -471 -487
101976: -479 -487
101979: -479 -511
101982: -487 -511
101984: -495 -511
101986: 455 463 471 479 487 495 503 511
101995: -464 -480
102000: -472 -480
102002: -472 -496
102006: -480 -496
102015: 456 464 472 480 488 496 504 512
102101: -138 -78 331
102171: -211 -148 212
102186: -339 -147 150
102201: -467 -146 88
102241: -284 -218 93
102244: -284 -221 285
102245: -284 -222 349
102246: -284 -223 413
102292: -165 -293 291
102297: -229 -290 100
102332: -485 -293 296
102333: -485 -294 360
102334: -485 -295 424
102362: -238 -363 172
102400: -55 -433 49
102401: -55 -434 113
102402: -55 -435 177
102403: -55 -436 241
102404: -55 -437 305
102405: -55 -438 369
102407: -55 -440 497
102413: -119 -438 370
102415: -119 -440 498
102421: -183 -438 371
102423: -183 -440 499
102425: -247 -434 116
102431: -247 -440 500
102433: -311 -434 117
102437: -311 -438 373
102441: -375 -434 118
102447: -375 -440 502
102457: -503 -434 120
102464: -64 -505 57
102465: -64 -506 121
102466: -64 -507 185
102467: -64 -508 249
102468: -64 -509 313
102469: -64 -510 377
102470: -64 -511 441
102475: -128 -508 250
102476: -128 -509 314
102477: -128 -510 378
102485: -192 -510 379
102486: -192 -511 443
102490: -256 -507 188
102492: -256 -509 316
102493: -256 -510 380
102494: -256 -511 444
102498: -320 -507 189
102499: -320 -508 253
102506: -384 -507 190
102510: -384 -511 446
102513: -448 -506 127
102514: -448 -507 191
102516: -448 -509 319
102518: -448 -511 447
103577: -145 -20 -154 68
103580: -145 -20 -157 260
103581: -145 -20 -158 324
103583: -145 -20 -160 452
103875: -150 -337 -132 233
103927: -150 -343 -184 495
103934: -150 -344 -191 432
104133: -218 -89 -198 329
104407: -222 -347 -216 491
104439: -222 -351 -248 495
104618: -289 -38 -299 134
104619: -289 -38 -300 198
104698: -290 -104 -315 144
104703: -290 -104 -320 464
105228: -363 -170 -333 274
105666: -434 -113 -387 137
105668: -434 -113 -389 265
105669: -434 -113 -390 329
105794: -436 -241 -387 153
105858: -437 -305 -387 161
105922: -438 -369 -387 169
105923: -438 -369 -388 233
105924: -438 -369 -389 297
106049: -440 -497 -386 121
106050: -440 -497 -387 185
106051: -440 -497 -388 249
106052: -440 -497 -389 313
106053: -440 -497 -390 377
106178: -506 -121 -451 137
106179: -506 -121 -452 201
106180: -506 -121 -453 265
106181: -506 -121 -454 329
106182: -506 -121 -455 393
106241: -507 -185 -450 81
106243: -507 -185 -452 209
106244: -507 -185 -453 273
106245: -507 -185 -454 337
106246: -507 -185 -455 401
106305: -508 -249 -450 89
106306: -508 -249 -451 153
106309: -508 -249 -454 345
106369: -509 -313 -450 97
106370: -509 -313 -451 161
106371: -509 -313 -452 225
106373: -509 -313 -454 353
106374: -509 -313 -455 417
106434: -510 -377 -451 169
106435: -510 -377 -452 233
106436: -510 -377 -453 297
106438: -510 -377 -455 425
106497: -511 -441 -450 113
106498: -511 -441 -451 177
106499: -511 -441 -452 241
106500: -511 -441 -453 305
106501: -511 -441 -454 369
107350: -76 -203 -114 411
107366: -76 -205 -114 413
107494: -78 -333 -114 429
108713: -289 -38 -269 70
108755: -290 -99 -285 203
108792: -290 -104 -261 16
108801: -291 -161 -269 81
109153: -296 -485 -269 125
109255: -362 -105 -382 457
109319: -363 -169 -382 465
109631: -367 -432 -382 504
109763: -434 -113 -415 201
109764: -434 -113 -423 265
109765: -434 -113 -431 329
109767: -434 -113 -447 457
109831: -435 -177 -447 465
109890: -436 -241 -407 153
109954: -437 -305 -407 161
109955: -437 -305 -415 225
109983: -437 -308 -447 484
110019: -438 -369 -415 233
110020: -438 -369 -423 297
110145: -440 -497 -399 121
110146: -440 -497 -407 185
110147: -440 -497 -415 249
110148: -440 -497 -423 313
110149: -440 -497 -431 377
110275: -506 -121 -480 201
110277: -506 -121 -496 329
110278: -506 -121 -504 393
110337: -507 -185 -464 81
110340: -507 -185 -488 273
110341: -507 -185 -496 337
110342: -507 -185 -504 401
110401: -508 -249 -464 89
110402: -508 -249 -472 153
110405: -508 -249 -496 345
110465: -509 -313 -464 97
110466: -509 -313 -472 161
110529: -510 -377 -464 105
110530: -510 -377 -472 169
110531: -510 -377 -480 233
110534: -510 -377 -504 425
110593: -511 -441 -464 113
110594: -511 -441 -472 177
110595: -511 -441 -480 241
110596: -511 -441 -488 305
110597: -511 -441 -496 369
110720: -2 -1 -1
111168: -2 -65
111169: -2 -9
111170: -2 -73
111171: -2 -66
111767: -75 -81 -11
111783: -75 -87 -114
111786: -75 -88 -122
111789: -76 -202
111792: -76 -204
111929: -78 -362
111990: -78 -111 -114
111999: -79 -399
112039: -79 -400 -498
112068: -80 -464
112103: -80 -463 -442
112203: -146 -83
112205: -146 -75
112211: -146 -81 -11
112412: -150 -363
112482: -151 -407
112522: -151 -408 -499
112524: -151 -177 -131
112551: -152 -472
112586: -152 -471 -443
112749: -218 -207 -244
112965: -223 -415
113034: -224 -480
113186: -290 -99 -275
113202: -290 -102 -333
113448: -295 -423
113517: -296 -488
113559: -296 -313 -261
113586: -361 -41
113856: -364 -352 -382
113931: -367 -431
114000: -368 -496
114035: -368 -495 -446
114135: -434 -119
114136: -434 -399
114137: -434 -79
114138: -434 -114
114139: -434 -394
114181: -434 -393 -55
114189: -434 -396 -415
114205: -435 -407
114206: -435 -151
114250: -435 -401 -55
114274: -436 -415
114275: -436 -223
114277: -436 -412
114319: -436 -409 -55
114341: -436 -416 -500
114343: -437 -423
114344: -437 -295
114346: -437 -421
114388: -437 -417 -55
114411: -438 -375
114412: -438 -431
114413: -438 -367
114414: -438 -374
114415: -438 -430
114457: -438 -425 -55
114479: -438 -432 -502
114480: -440 -503
114481: -440 -447
114482: -440 -511
114483: -440 -504
114526: -440 -441 -55
114531: -440 -443 -407
114618: -506 -128
114619: -506 -464
114687: -507 -192
114688: -507 -472
114689: -507 -152
114733: -507 -465 -64
114752: -507 -471 -443
114756: -508 -256
114757: -508 -480
114758: -508 -224
114759: -508 -252
114760: -508 -476
114802: -508 -473 -64
114825: -509 -320
114826: -509 -488
114827: -509 -296
114871: -509 -481 -64
114894: -510 -384
114895: -510 -496
114896: -510 -368
114897: -510 -382
114898: -510 -494
114940: -510 -489 -64
114959: -510 -495 -446
114964: -511 -504
114966: -511 -447
115009: -511 -497 -64
115032: 2
115033: 11
115034: 20
115035: 29
115036: 38
115037: 41
115038: 55