7 1
UNSAT
7: -2 -3
8: -2 -4
9: -2 -5
10: -2 -6
11: -2 -7
12: -2 -8
42: -11 -12
43: -11 -13
44: -11 -14
45: -11 -15
46: -11 -16
76: -20 -21
77: -20 -22
78: -20 -23
79: -20 -24
90: -25 -29
109: -29 -30
110: -29 -31
111: -29 -32
120: -33 -38
141: -38 -39
142: -38 -40
150: -41 -47
172: -47 -48
180: -49 -56
268: -74 -75
269: -74 -76
270: -74 -77
272: -74 -79
273: -74 -80
289: 73 74 75 76 77 78 79 80
290: -81 -82
291: -81 -83
292: -81 -84
303: -83 -84
304: -83 -85
306: -83 -87
307: -83 -88
318: 81 82 83 84 85 86 87 88
321: -89 -92
322: -89 -93
324: -89 -95
325: -89 -96
343: -93 -96
347: 89 90 91 92 93 94 95 96
349: -97 -99
351: -97 -101
366: -100 -101
368: -100 -103
369: -100 -104
376: 97 98 99 100 101 102 103 104
389: -106 -112
395: -108 -109
398: -108 -112
401: -109 -112
405: 105 106 107 108 109 110 111 112
408: -113 -116
434: 113 114 115 116 117 118 119 120
456: -124 -128
458: -125 -127
462: -127 -128
477: -131 -132
479: -131 -134
480: -131 -135
481: -131 -136
482: -132 -133
483: -132 -134
484: -132 -135
485: -132 -136
487: -133 -135
490: -134 -136
491: -135 -136
492: 129 130 131 132 133 134 135 136
521: 137 138 139 140 141 142 143 144
523: -145 -147
524: -145 -148
528: -145 -152
542: -148 -151
550: 145 146 147 148 149 150 151 152
552: -153 -155
558: -154 -155
562: -154 -159
579: 153 154 155 156 157 158 159 160
580: -161 -162
587: -162 -163
603: -165 -167
608: 161 162 163 164 165 166 167 168
609: -169 -170
611: -169 -172
613: -169 -174
615: -169 -176
617: -170 -172
619: -170 -174
620: -170 -175
625: -171 -175
638: -177 -178
643: -177 -183
650: -178 -184
666: 177 178 179 180 181 182 183 184
667: -185 -186
668: -185 -187
670: -185 -189
671: -185 -190
672: -185 -191
673: -185 -192
675: -186 -188
695: 185 186 187 188 189 190 191 192
708: -194 -200
717: -196 -200
723: -199 -200
724: 193 194 195 196 197 198 199 200
732: -202 -203
737: -202 -208
739: -203 -205
742: -203 -208
749: -205 -208
753: 201 202 203 204 205 206 207 208
755: -209 -211
766: -210 -216
767: -211 -212
771: -211 -216
772: -212 -213
775: -212 -216
782: 209 210 211 212 213 214 215 216
811: 217 218 219 220 221 222 223 224
829: -227 -232
842: -233 -235
869: 233 234 235 236 237 238 239 240
875: -241 -247
876: -241 -248
880: -242 -246
881: -242 -247
887: -243 -248
898: 241 242 243 244 245 246 247 248
900: -249 -251
902: -249 -253
903: -249 -254
904: -249 -255
927: 249 250 251 252 253 254 255 256
956: 257 258 259 260 261 262 263 264
969: -266 -272
977: -268 -271
980: -269 -271
983: -270 -272
984: -271 -272
985: 265 266 267 268 269 270 271 272
1003: -275 -280
1006: -276 -279
1007: -276 -280
1009: -277 -279
1012: -278 -280
1013: -279 -280
1014: 273 274 275 276 277 278 279 280
1028: -283 -284
1035: -284 -287
1040: -286 -287
1042: -287 -288
1072: 289 290 291 292 293 294 295 296
1099: -302 -304
1101: 297 298 299 300 301 302 303 304
1104: -305 -308
1105: -305 -309
1106: -305 -310
1107: -305 -311
1108: -305 -312
1130: 305 306 307 308 309 310 311 312
1131: -313 -314
1132: -313 -315
1133: -313 -316
1135: -313 -318
1136: -313 -319
1138: -314 -315
1159: 313 314 315 316 317 318 319 320
1165: -321 -327
1188: 321 322 323 324 325 326 327 328
1201: -330 -336
1217: 329 330 331 332 333 334 335 336
1242: -341 -344
1246: 337 338 339 340 341 342 343 344
1247: -345 -346
1248: -345 -347
1253: -345 -352
1275: 345 346 347 348 349 350 351 352
1300: -357 -360
1305: -361 -362
1309: -361 -366
1315: -362 -366
1316: -362 -367
1326: -364 -368
1333: 361 362 363 364 365 366 367 368
1346: -370 -376
1356: -373 -374
1358: -373 -376
1362: 369 370 371 372 373 374 375 376
1363: -377 -378
1391: 377 378 379 380 381 382 383 384
1400: -386 -388
1404: -386 -392
1413: -388 -392
1420: 385 386 387 388 389 390 391 392
1450: -401 -402
1453: -401 -405
1458: -402 -404
1461: -402 -407
1462: -402 -408
1467: -403 -408
1478: 401 402 403 404 405 406 407 408
1479: -409 -410
1481: -409 -412
1482: -409 -413
1484: -409 -415
1486: -410 -411
1496: -411 -416
1500: -412 -416
1503: -413 -416
1507: 409 410 411 412 413 414 415 416
1509: -417 -419
1510: -417 -420
1516: -418 -420
1520: -418 -424
1522: -419 -421
1525: -419 -424
1529: -420 -424
1532: -421 -424
1536: 417 418 419 420 421 422 423 424
1544: -426 -427
1545: -426 -428
1549: -426 -432
1550: -427 -428
1551: -427 -429
1558: -428 -432
1561: -429 -432
1564: -431 -432
1565: 425 426 427 428 429 430 431 432
1582: -435 -439
1594: 433 434 435 436 437 438 439 440
1596: -441 -443
1597: -441 -444
1598: -441 -445
1600: -441 -447
1601: -441 -448
1613: -444 -445
1619: -445 -448
1623: 441 442 443 444 445 446 447 448
1631: -450 -451
1632: -450 -452
1634: -450 -454
1635: -450 -455
1637: -451 -452
1638: -451 -453
1639: -451 -454
1640: -451 -455
1642: -452 -453
1643: -452 -454
1644: -452 -455
1649: -454 -455
1652: 449 450 451 452 453 454 455 456
1659: -457 -464
1660: -458 -459
1661: -458 -460
1662: -458 -461
1669: -459 -463
1670: -459 -464
1681: 457 458 459 460 461 462 463 464
1682: -465 -466
1683: -465 -467
1684: -465 -468
1686: -465 -470
1687: -465 -471
1688: -465 -472
1694: -466 -472
1698: -467 -471
1709: -471 -472
1710: 465 466 467 468 469 470 471 472
1711: -473 -474
1712: -473 -475
1713: -473 -476
1714: -473 -477
1716: -473 -479
1717: -473 -480
1718: -474 -475
1723: -474 -480
1724: -475 -476
1725: -475 -477
1727: -475 -479
1728: -475 -480
1730: -476 -478
1732: -476 -480
1733: -477 -478
1735: -477 -480
1736: -478 -479
1737: -478 -480
1738: -479 -480
1739: 473 474 475 476 477 478 479 480
1740: -481 -482
1746: -481 -488
1754: -483 -485
1757: -483 -488
1761: -484 -488
1766: -486 -488
1767: -487 -488
1768: 481 482 483 484 485 486 487 488
1771: -489 -492
1772: -489 -493
1773: -489 -494
1774: -489 -495
1779: -490 -494
1783: -491 -493
1784: -491 -494
1797: 489 490 491 492 493 494 495 496
1798: -497 -498
1799: -497 -499
1801: -497 -501
1803: -497 -503
1804: -497 -504
1805: -498 -499
1810: -498 -504
1814: -499 -503
1815: -499 -504
1818: -500 -503
1826: 497 498 499 500 501 502 503 504
1836: -506 -509
1837: -506 -510
1838: -506 -511
1840: -507 -508
1841: -507 -509
1842: -507 -510
1845: -508 -509
1847: -508 -511
1849: -509 -510
1850: -509 -511
1852: -510 -511
1855: 505 506 507 508 509 510 511 512
1939: -2 -67 -20 25
1948: -2 -68 -29 33
1957: -2 -69 -38 41
2689: -70 -329 -2 73
2698: -70 -330 -11 81
2707: -70 -331 -20 89
2716: -70 -332 -29 97
2725: -70 -333 -38 105
2734: -70 -334 -47 113
2736: -70 -335 -49 65
2751: -70 -336 -64 121
3036: -131 -148 -29 161
3045: -131 -149 -38 169
3054: -131 -150 -47 177
3056: -131 -151 -49 129
3071: -131 -152 -64 185
3073: -132 -209 -2 137
3082: -132 -210 -11 145
3091: -132 -211 -20 153
3100: -132 -212 -29 161
3109: -132 -213 -38 169
3118: -132 -214 -47 177
3120: -132 -215 -49 129
3135: -132 -216 -64 185
3146: -133 -274 -11 145
3155: -133 -275 -20 153
3164: -133 -276 -29 161
3182: -133 -278 -47 177
3184: -133 -279 -49 129
3199: -133 -280 -64 185
3201: -134 -337 -2 137
3265: -135 -401 -2 137
3274: -135 -402 -11 145
3283: -135 -403 -20 153
3292: -135 -404 -29 161
3301: -135 -405 -38 169
3312: -135 -407 -49 129
3327: -135 -408 -64 185
3329: -136 -465 -2 137
3374: -136 -470 -47 177
3376: -136 -471 -49 129
3391: -136 -472 -64 185
3457: -194 -89 -2 201
3621: -196 -221 -38 233
3630: -196 -222 -47 241
3632: -196 -223 -49 193
3647: -196 -224 -64 249
3711: -197 -288 -64 249
3713: -198 -345 -2 201
3731: -198 -347 -20 217
3749: -198 -349 -38 233
3758: -198 -350 -47 241
3760: -198 -351 -49 193
3775: -198 -352 -64 249
3777: -199 -409 -2 201
3839: -199 -416 -64 249
3841: -200 -473 -2 201
3903: -200 -480 -64 249
3969: -258 -97 -2 265
4097: -260 -225 -2 265
4170: -261 -290 -11 273
4179: -261 -291 -20 281
4206: -261 -294 -47 305
4208: -261 -295 -49 257
4289: -263 -417 -2 265
4307: -263 -419 -20 281
4351: -263 -424 -64 313
4415: -264 -488 -64 313
4481: -322 -105 -2 329
4517: -322 -109 -38 361
4545: -323 -169 -2 329
4609: -324 -233 -2 329
4654: -324 -238 -47 369
4799: -326 -368 -64 377
4837: -327 -429 -38 361
4848: -327 -431 -49 321
4863: -327 -432 -64 377
4865: -328 -489 -2 329
4927: -328 -496 -64 377
4929: -385 -49 -2 393
4993: -386 -113 -2 393
5057: -387 -177 -2 393
5121: -388 -241 -2 393
5183: -388 -248 -64 441
5185: -389 -305 -2 393
5194: -389 -306 -11 401
5212: -389 -308 -29 417
5221: -389 -309 -38 425
5230: -389 -310 -47 433
5232: -389 -311 -49 385
5247: -389 -312 -64 441
5322: -391 -434 -11 401
5331: -391 -435 -20 409
5377: -392 -497 -2 393
5439: -392 -504 -64 441
5505: -450 -121 -2 457
5532: -450 -124 -29 481
5541: -450 -125 -38 489
5552: -450 -127 -49 449
5567: -450 -128 -64 505
5569: -451 -185 -2 457
5578: -451 -186 -11 465
5587: -451 -187 -20 473
5596: -451 -188 -29 481
5605: -451 -189 -38 489
5614: -451 -190 -47 497
5616: -451 -191 -49 449
5631: -451 -192 -64 505
5642: -452 -250 -11 465
5651: -452 -251 -20 473
5660: -452 -252 -29 481
5678: -452 -254 -47 497
5680: -452 -255 -49 449
5695: -452 -256 -64 505
5706: -453 -314 -11 465
5715: -453 -315 -20 473
5724: -453 -316 -29 481
5733: -453 -317 -38 489
5742: -453 -318 -47 497
5744: -453 -319 -49 449
5770: -454 -378 -11 465
5779: -454 -379 -20 473
5788: -454 -380 -29 481
5797: -454 -381 -38 489
5806: -454 -382 -47 497
5808: -454 -383 -49 449
5823: -454 -384 -64 505
5825: -455 -441 -2 457
5834: -455 -442 -11 465
5843: -455 -443 -20 473
5852: -455 -444 -29 481
5861: -455 -445 -38 489
5872: -455 -447 -49 449
5887: -455 -448 -64 505
6105: -11 -132 -90 10
6106: -11 -132 -91 18
6107: -11 -132 -92 26
6110: -11 -132 -95 50
6111: -11 -132 -96 58
6114: -11 -133 -99 18
6116: -11 -133 -101 34
6129: -11 -135 -114 10
6131: -11 -135 -116 26
6134: -11 -135 -119 50
6138: -11 -136 -123 18
6139: -11 -136 -124 26
6140: -11 -136 -125 34
6142: -11 -136 -127 50
6661: -76 -201 -70 106
6713: -76 -208 -122 74
6725: -77 -265 -70 106
6888: -79 -398 -105 66
6891: -79 -398 -108 90
6936: -80 -460 -89 66
6950: -80 -461 -103 114
6955: -80 -462 -108 90
7000: -137 -20 -89 130
7045: -138 -81 -70 170
7088: -138 -87 -113 130
7177: -140 -210 -74 138
7210: -140 -214 -107 146
7258: -141 -276 -91 146
7290: -141 -280 -123 146
7365: -143 -401 -70 170
7520: -201 -29 -97 194
7521: -201 -29 -98 202
7526: -201 -29 -103 242
7527: -201 -29 -104 250
7634: -203 -155 -83 210
7954: -208 -475 -83 210
7955: -208 -475 -84 218
7959: -208 -475 -88 250
7977: -208 -478 -106 202
7983: -208 -478 -112 250
8041: -265 -38 -106 266
8047: -265 -38 -112 314
8325: -270 -353 -70 298
8489: -272 -486 -106 266
8592: -330 -107 -81 322
8602: -330 -108 -91 338
8610: -330 -109 -99 338
8645: -331 -169 -70 362
8649: -331 -170 -74 330
8658: -331 -171 -83 338
8709: -332 -233 -70 362
8722: -332 -235 -83 338
8761: -332 -240 -122 330
8849: -334 -363 -82 330
8850: -334 -363 -83 338
8854: -334 -363 -87 370
8859: -334 -364 -92 346
8863: -334 -364 -96 378
8880: -334 -367 -113 322
8965: -336 -489 -70 362
8969: -336 -490 -74 330
9016: -336 -496 -121 322
9349: -398 -369 -70 426
9353: -398 -370 -74 394
9368: -398 -372 -89 386
9376: -398 -373 -97 386
9383: -398 -373 -104 442
9401: -398 -376 -122 394
9406: -398 -376 -127 434
9605: -458 -121 -70 490
9669: -459 -185 -70 490
9679: -459 -186 -80 506
9816: -461 -316 -89 450
9870: -462 -378 -79 498
9952: -463 -445 -97 450
10019: -464 -509 -100 474
10022: -464 -509 -103 498
10023: -464 -509 -104 506
10264: -20 -196 -153 3
10268: -20 -196 -157 35
10280: -20 -198 -169 3
10283: -20 -198 -172 27
10288: -20 -199 -177 3
10290: -20 -199 -179 19
10291: -20 -199 -180 27
10296: -20 -200 -185 3
10299: -20 -200 -188 27
10576: -81 -11 -145 67
10578: -81 -11 -147 83
10579: -81 -11 -148 91
10581: -81 -11 -150 107
10728: -83 -142 -169 67
10729: -83 -142 -170 75
10741: -83 -143 -182 107
10744: -83 -144 -185 67
10759: -84 -201 -136 123
10820: -85 -265 -133 99
10823: -85 -265 -136 123
10984: -87 -398 -169 67
10985: -87 -398 -170 75
10990: -87 -398 -175 115
11058: -88 -463 -179 83
11098: -145 -20 -155 147
11099: -145 -20 -156 155
11103: -145 -20 -160 187
11469: -151 -402 -142 171
11616: -209 -29 -161 195
11618: -209 -29 -163 211
11619: -209 -29 -164 219
11620: -209 -29 -165 227
11622: -209 -29 -167 243
11623: -209 -29 -168 251
11651: -210 -89 -132 219
11720: -211 -154 -137 195
11739: -211 -156 -156 219
11852: -213 -282 -141 227
11907: -214 -345 -132 219
11942: -214 -349 -167 243
12039: -216 -473 -136 251
12047: -216 -474 -144 251
12063: -216 -476 -160 251
12087: -216 -479 -184 251
12090: -216 -480 -187 211
12143: -273 -38 -176 315
12164: -274 -97 -133 291
12216: -274 -104 -185 259
12475: -278 -360 -188 283
12554: -280 -482 -139 275
12559: -280 -482 -144 315
12594: -280 -487 -179 275
12599: -280 -487 -184 315
12603: -280 -488 -188 283
12604: -280 -488 -189 291
12658: -337 -47 -179 339
12925: -341 -304 -190 363
13060: -344 -489 -133 355
13122: -401 -49 -131 403
13123: -401 -49 -132 411
13124: -401 -49 -133 419
13127: -401 -49 -136 443
13190: -402 -113 -135 435
13272: -403 -180 -153 387
13315: -404 -241 -132 411
13319: -404 -241 -136 443
13407: -405 -308 -160 443
13574: -408 -497 -135 435
13575: -408 -497 -136 443
13577: -408 -498 -138 395
13583: -408 -498 -144 443
13688: -465 -64 -185 451
13689: -465 -64 -186 459
13690: -465 -64 -187 467
13691: -465 -64 -188 475
13692: -465 -64 -189 483
13693: -465 -64 -190 491
13694: -465 -64 -191 499
13703: -466 -121 -136 507
13959: -470 -377 -136 507
14000: -470 -383 -177 451
14032: -471 -443 -145 451
14036: -471 -443 -149 483
14039: -471 -443 -152 507
14105: -472 -508 -154 459
14106: -472 -508 -155 467
14111: -472 -508 -160 507
14119: -472 -509 -168 507
14134: -472 -511 -183 499
14135: -472 -511 -184 507
14416: -29 -259 -209 4
14419: -29 -259 -212 28
14420: -29 -259 -213 36
14422: -29 -259 -215 52
14423: -29 -259 -216 60
14428: -29 -260 -221 36
14440: -29 -262 -233 4
14445: -29 -262 -238 44
14447: -29 -262 -240 60
14449: -29 -263 -242 12
14455: -29 -263 -248 60
14456: -29 -264 -249 4
14459: -29 -264 -252 28
14672: -89 -11 -209 68
14673: -89 -11 -210 76
14674: -89 -11 -211 84
14675: -89 -11 -212 92
14676: -89 -11 -213 100
14677: -89 -11 -214 108
14679: -89 -11 -216 124
14818: -91 -141 -227 84
14824: -91 -142 -233 68
14840: -91 -144 -249 68
14880: -92 -205 -225 68
14895: -92 -206 -240 124
14903: -92 -207 -248 124
15080: -95 -398 -233 68
15084: -95 -398 -237 100
15133: -96 -460 -222 108
15260: -154 -84 -221 164
15346: -155 -151 -243 148
15481: -157 -280 -250 140
15557: -159 -401 -198 172
15622: -160 -465 -199 180
15840: -219 -157 -225 196
15847: -219 -157 -232 252
16087: -223 -411 -216 252
16232: -281 -38 -233 260
16239: -281 -38 -240 316
16636: -287 -424 -253 292
16638: -287 -424 -255 308
16648: -288 -482 -201 260
16679: -288 -485 -232 316
16690: -288 -487 -243 276
16702: -288 -488 -255 308
16753: -345 -47 -242 332
16759: -345 -47 -248 380
17021: -349 -304 -254 364
17085: -350 -368 -254 364
17144: -351 -432 -249 324
17217: -409 -49 -194 396
17219: -409 -49 -196 412
17220: -409 -49 -197 420
17221: -409 -49 -198 428
17348: -411 -177 -197 420
17679: -416 -498 -208 444
17721: -416 -504 -250 396
17784: -473 -64 -249 452
17785: -473 -64 -250 460
17786: -473 -64 -251 468
17787: -473 -64 -252 476
17788: -473 -64 -253 484
17789: -473 -64 -254 492
17790: -473 -64 -255 500
17880: -475 -188 -217 452
17881: -475 -188 -218 460
17882: -475 -188 -219 468
18075: -478 -380 -220 476
18185: -480 -506 -202 460
18186: -480 -506 -203 468
18211: -480 -509 -228 476
18212: -480 -509 -229 484
18215: -480 -509 -232 508
18223: -480 -510 -240 508
18225: -480 -511 -242 460
18226: -480 -511 -243 468
18229: -480 -511 -246 492
18230: -480 -511 -247 500
18231: -480 -511 -248 508
18572: -38 -322 -269 37
18575: -38 -322 -272 61
18582: -38 -323 -279 53
18583: -38 -323 -280 61
18586: -38 -324 -283 21
18590: -38 -324 -287 53
18591: -38 -324 -288 61
18605: -38 -326 -302 45
18607: -38 -326 -304 61
18608: -38 -327 -305 5
18613: -38 -327 -310 45
18615: -38 -327 -312 61
18616: -38 -328 -313 5
18768: -97 -11 -273 69
18769: -97 -11 -274 77
18770: -97 -11 -275 85
18772: -97 -11 -277 101
18773: -97 -11 -278 109
18775: -97 -11 -280 125
18873: -98 -80 -314 77
19000: -100 -208 -313 69
19176: -103 -398 -297 69
19295: -161 -20 -288 189
19344: -162 -83 -273 133
19639: -166 -343 -312 189
19708: -167 -408 -317 165
19768: -168 -472 -313 133
19841: -226 -89 -258 205
19927: -227 -155 -280 253
20088: -229 -288 -313 197
20226: -232 -473 -259 213
20227: -232 -473 -260 221
20656: -294 -359 -305 261
20668: -294 -360 -317 293
20695: -295 -419 -280 317
20849: -353 -47 -306 333
20852: -353 -47 -309 357
21112: -357 -304 -313 325
21125: -358 -361 -262 365
21128: -358 -362 -265 325
21129: -358 -362 -266 333
21130: -358 -362 -267 341
21135: -358 -362 -272 381
21142: -358 -363 -279 373
21168: -358 -367 -305 325
21198: -359 -426 -271 373
21206: -359 -427 -279 373
21214: -359 -428 -287 373
21263: -360 -490 -272 381
21271: -360 -491 -280 381
21279: -360 -492 -288 381
21295: -360 -494 -304 381
21296: -360 -495 -305 325
21300: -360 -495 -309 357
21301: -360 -495 -310 365
21313: -417 -49 -258 397
21316: -417 -49 -261 421
21317: -417 -49 -262 429
21319: -417 -49 -264 445
21441: -419 -177 -258 397
21442: -419 -177 -259 405
21444: -419 -177 -261 421
21773: -424 -498 -270 429
21774: -424 -498 -271 437
21781: -424 -499 -278 429
21783: -424 -499 -280 445
21817: -424 -504 -314 397
21880: -481 -64 -313 453
21881: -481 -64 -314 461
21882: -481 -64 -315 469
21883: -481 -64 -316 477
21884: -481 -64 -317 485
21885: -481 -64 -318 493
21886: -481 -64 -319 501
21956: -483 -185 -261 485
21957: -483 -185 -262 493
21958: -483 -185 -263 501
22281: -488 -506 -266 461
22319: -488 -510 -304 509
22729: -47 -386 -330 14
22730: -47 -386 -331 22
22731: -47 -386 -332 30
22735: -47 -386 -336 62
22742: -47 -387 -343 54
22744: -47 -388 -345 6
22747: -47 -388 -348 30
22752: -47 -389 -353 6
22754: -47 -389 -355 22
22757: -47 -389 -358 46
22759: -47 -389 -360 62
22768: -47 -391 -369 6
22774: -47 -391 -375 54
22776: -47 -392 -377 6
22866: -105 -11 -339 86
22869: -105 -11 -342 110
22871: -105 -11 -344 126
23316: -112 -459 -341 102
23384: -169 -20 -345 134
23385: -169 -20 -346 142
23389: -169 -20 -350 174
23391: -169 -20 -352 190
24011: -235 -154 -332 222
24323: -240 -473 -324 222
24329: -240 -474 -330 206
24333: -240 -474 -334 238
24361: -240 -478 -362 206
24375: -240 -479 -376 254
24382: -240 -480 -383 246
24855: -304 -483 -344 318
24861: -304 -484 -350 302
24863: -304 -484 -352 318
24945: -361 -47 -370 334
24949: -361 -47 -374 366
24950: -361 -47 -375 374
25018: -362 -112 -379 342
25019: -362 -112 -380 350
25021: -362 -112 -382 366
25022: -362 -112 -383 374
25100: -364 -234 -333 358
25337: -367 -432 -378 334
25664: -429 -305 -321 390
25871: -432 -498 -336 446
25895: -432 -501 -360 446
25918: -432 -504 -383 438
25976: -489 -64 -377 454
25977: -489 -64 -378 462
25978: -489 -64 -379 470
25979: -489 -64 -380 478
25980: -489 -64 -381 486
25981: -489 -64 -382 494
25982: -489 -64 -383 502
26077: -491 -188 -350 494
26088: -491 -190 -361 454
26090: -491 -190 -363 470
26091: -491 -190 -364 478
26093: -491 -190 -366 494
26094: -491 -190 -367 502
26095: -491 -190 -368 510
26153: -492 -254 -362 462
26255: -494 -378 -336 510
26279: -494 -381 -360 510
26440: -49 -2 -393 7
26441: -49 -2 -394 15
26442: -49 -2 -395 23
26443: -49 -2 -396 31
26444: -49 -2 -397 39
26446: -49 -2 -399 55
26447: -49 -2 -400 63
26960: -113 -11 -401 71
26961: -113 -11 -402 79
26962: -113 -11 -403 87
26963: -113 -11 -404 95
26964: -113 -11 -405 103
26966: -113 -11 -407 119
26967: -113 -11 -408 127
27064: -114 -80 -441 71
27073: -115 -137 -386 79
27196: -116 -208 -445 103
27375: -119 -398 -432 127
27480: -177 -20 -409 135
27482: -177 -20 -411 151
27483: -177 -20 -412 159
27484: -177 -20 -413 167
27486: -177 -20 -415 183
27487: -177 -20 -416 191
27536: -178 -83 -401 135
27704: -180 -216 -441 135
27769: -181 -280 -442 143
27960: -184 -472 -441 135
28000: -241 -29 -417 199
28002: -241 -29 -419 215
28003: -241 -29 -420 223
28006: -241 -29 -423 247
28007: -241 -29 -424 255
28035: -242 -89 -388 223
28038: -242 -89 -391 247
28282: -245 -288 -443 215
28472: -248 -480 -441 199
28520: -305 -38 -425 263
28521: -305 -38 -426 271
28522: -305 -38 -427 279
28523: -305 -38 -428 287
28524: -305 -38 -429 295
28526: -305 -38 -431 311
28527: -305 -38 -432 319
28548: -306 -97 -389 295
28593: -306 -103 -434 271
28732: -308 -232 -445 295
28932: -312 -481 -389 295
28941: -312 -482 -398 303
29044: -369 -47 -437 359
29254: -373 -297 -391 375
29264: -373 -299 -401 327
29305: -373 -304 -442 335
29325: -374 -362 -398 367
29337: -374 -364 -410 335
29343: -374 -364 -416 383
29368: -374 -368 -441 327
29633: -435 -177 -386 399
29635: -435 -177 -388 415
29638: -435 -177 -391 439
29700: -436 -241 -389 423
30072: -497 -64 -441 455
30073: -497 -64 -442 463
30074: -497 -64 -443 471
30075: -497 -64 -444 479
30076: -497 -64 -445 487
30078: -497 -64 -447 503
30194: -499 -191 -435 471
30195: -499 -191 -436 479
30196: -499 -191 -437 487
30198: -499 -191 -439 503
30199: -499 -191 -440 511
30274: -501 -313 -387 471
30275: -501 -313 -388 479
30278: -501 -313 -391 503
30285: -501 -314 -398 495
30385: -502 -383 -434 463
30390: -502 -383 -439 503
30413: -503 -442 -398 495
30477: -504 -506 -398 495
30481: -504 -507 -402 463
30487: -504 -507 -408 511
30489: -504 -508 -410 463
30491: -504 -508 -412 479
30495: -504 -508 -416 511
30500: -504 -509 -421 487
30503: -504 -509 -424 511
30984: -64 -450 -457 8
30987: -64 -450 -460 32
30989: -64 -450 -462 48
30990: -64 -450 -463 56
30992: -64 -451 -465 8
30993: -64 -451 -466 16
30995: -64 -451 -468 32
30996: -64 -451 -469 40
30997: -64 -451 -470 48
30998: -64 -451 -471 56
31000: -64 -452 -473 8
31002: -64 -452 -475 24
31004: -64 -452 -477 40
31005: -64 -452 -478 48
31006: -64 -452 -479 56
31008: -64 -453 -481 8
31009: -64 -453 -482 16
31010: -64 -453 -483 24
31016: -64 -454 -489 8
31017: -64 -454 -490 16
31018: -64 -454 -491 24
31020: -64 -454 -493 40
31022: -64 -454 -495 56
31024: -64 -455 -497 8
31026: -64 -455 -499 24
31027: -64 -455 -500 32
31029: -64 -455 -502 48
31056: -121 -11 -465 72
31058: -121 -11 -467 88
31059: -121 -11 -468 96
31060: -121 -11 -469 104
31061: -121 -11 -470 112
31063: -121 -11 -472 128
31119: -122 -74 -464 128
31120: -122 -75 -465 72
31135: -122 -76 -480 128
31171: -123 -137 -452 96
31174: -123 -137 -455 120
31183: -123 -138 -464 128
31199: -123 -140 -480 128
31223: -123 -143 -504 128
31464: -127 -398 -489 72
31467: -127 -398 -492 96
31471: -127 -398 -496 128
31576: -185 -20 -473 136
31577: -185 -20 -474 144
31579: -185 -20 -476 160
31581: -185 -20 -478 176
31582: -185 -20 -479 184
31583: -185 -20 -480 192
31683: -187 -145 -452 160
31759: -188 -210 -464 192
31760: -188 -211 -465 136
31775: -188 -212 -480 192
31804: -188 -216 -509 168
31857: -189 -279 -498 144
31868: -189 -280 -509 168
31874: -190 -337 -451 152
31904: -190 -341 -481 136
31932: -190 -344 -509 168
31939: -191 -401 -452 160
31952: -191 -403 -465 136
31967: -191 -404 -480 192
32096: -249 -29 -481 200
32097: -249 -29 -482 208
32098: -249 -29 -483 216
32100: -249 -29 -485 232
32101: -249 -29 -486 240
32102: -249 -29 -487 248
32103: -249 -29 -488 256
32130: -250 -89 -451 216
32131: -250 -89 -452 224
32144: -250 -91 -465 200
32188: -250 -96 -509 232
32344: -253 -284 -473 200
32405: -254 -347 -470 240
32444: -254 -352 -509 232
32471: -255 -411 -472 256
32616: -313 -38 -489 264
32617: -313 -38 -490 272
32618: -313 -38 -491 280
32619: -313 -38 -492 288
32621: -313 -38 -494 304
32622: -313 -38 -495 312
32623: -313 -38 -496 320
32843: -317 -290 -460 288
32855: -317 -291 -472 320
32872: -317 -294 -489 264
32884: -317 -295 -501 296
32885: -317 -295 -502 304
32935: -318 -357 -488 320
32957: -318 -360 -510 304
33136: -377 -47 -497 328
33137: -377 -47 -498 336
33138: -377 -47 -499 344
33139: -377 -47 -500 352
33140: -377 -47 -501 360
33142: -377 -47 -503 376
33143: -377 -47 -504 384
33249: -379 -173 -482 336
33296: -380 -235 -465 328
33404: -381 -304 -509 360
33455: -382 -366 -496 384
33456: -382 -367 -497 328
33601: -441 -49 -450 400
33602: -441 -49 -451 408
33603: -441 -49 -452 416
33604: -441 -49 -453 424
33605: -441 -49 -454 432
33666: -442 -113 -451 408
33668: -442 -113 -453 424
33670: -442 -113 -455 440
33677: -442 -114 -462 432
33680: -442 -115 -465 392
33689: -442 -116 -474 400
33703: -442 -117 -488 448
33719: -442 -119 -504 448
33723: -442 -120 -508 416
33724: -442 -120 -509 424
33729: -443 -177 -450 400
33731: -443 -177 -452 416
33734: -443 -177 -455 440
33737: -443 -178 -458 400
33738: -443 -178 -459 408
33739: -443 -178 -460 416
33744: -443 -179 -465 392
33752: -443 -180 -473 392
33759: -443 -180 -480 448
33761: -443 -181 -482 400
33793: -444 -241 -450 400
33798: -444 -241 -455 440
33806: -444 -242 -463 440
33808: -444 -243 -465 392
33879: -445 -307 -472 448
33880: -445 -308 -473 392
33908: -445 -311 -501 424
33998: -447 -434 -463 440
34351: -508 -254 -496 512
34438: -510 -377 -455 504
34493: -510 -384 -510 496
34527: -511 -444 -480 512
34535: -511 -445 -488 512
35022: -49 -2 -71 55
35023: -49 -2 -72 63
35369: -89 -70 -330 12
35373: -89 -70 -334 44
35433: -97 -70 -330 13
35437: -97 -70 -334 45
35561: -113 -70 -330 15
35625: -121 -70 -330 16
35626: -121 -70 -331 24
35792: -145 -131 -145 3
35804: -145 -132 -213 35
35805: -145 -132 -214 43
35869: -153 -132 -214 44
35959: -161 -135 -408 61
36060: -177 -132 -213 39
36064: -177 -133 -273 7
36090: -177 -136 -467 23
36122: -185 -132 -211 24
36124: -185 -132 -213 40
36125: -185 -132 -214 48
36128: -185 -133 -273 8
36136: -185 -134 -337 8
36473: -225 -200 -474 13
36616: -249 -194 -89 8
36643: -249 -197 -284 32
36648: -249 -198 -345 8
36656: -249 -199 -409 8
36677: -257 -257 -38 41
37080: -305 -260 -225 7
37128: -313 -258 -97 8
37136: -313 -259 -161 8
37137: -313 -259 -162 16
37139: -313 -259 -164 32
37168: -313 -263 -417 8
37594: -369 -324 -235 23
37638: -377 -321 -47 56
37875: -401 -391 -436 27
38170: -441 -388 -243 24
38370: -465 -453 -315 19
38388: -465 -455 -445 35
38412: -473 -450 -125 36
38610: -497 -451 -187 23
38619: -497 -452 -252 31
38620: -497 -452 -253 39
38626: -497 -453 -315 23
38736: -2 -11 -129 65
38737: -2 -11 -130 73
38738: -2 -11 -131 81
38739: -2 -11 -132 89
38740: -2 -11 -133 97
38741: -2 -11 -134 105
38742: -2 -11 -135 113
38743: -2 -11 -136 121
39548: -98 -80 -461 101
39816: -138 -138 -81 66
39962: -154 -140 -211 84
40127: -170 -144 -472 126
40248: -186 -144 -465 72
40260: -194 -201 -29 97
40295: -194 -205 -288 121
40319: -194 -208 -480 121
40570: -226 -208 -475 85
40680: -242 -206 -345 71
40760: -250 -208 -473 72
40773: -258 -265 -38 105
41029: -290 -265 -38 109
41143: -298 -271 -424 126
41271: -314 -271 -424 128
41279: -314 -272 -488 128
41306: -322 -332 -235 81
41354: -330 -330 -107 82
41355: -330 -330 -108 90
41359: -330 -330 -112 122
41579: -354 -334 -364 93
41720: -370 -336 -489 71
41744: -378 -331 -169 72
41745: -378 -331 -170 80
41784: -378 -336 -489 72
41964: -402 -398 -373 99
42156: -426 -398 -373 102
42220: -434 -398 -373 103
42282: -442 -398 -371 88
42287: -442 -398 -376 128
42321: -450 -459 -186 73
42365: -450 -464 -510 105
42376: -458 -458 -121 66
42379: -458 -458 -124 90
42491: -466 -464 -508 91
42641: -490 -459 -186 78
42649: -490 -460 -250 78
42657: -490 -461 -314 78
42660: -490 -461 -317 102
42782: -506 -460 -255 120
42801: -506 -463 -442 80
42803: -506 -463 -444 96
42804: -506 -463 -445 104
42904: -11 -20 -193 130
42905: -11 -20 -194 138
42907: -11 -20 -196 154
42908: -11 -20 -197 162
42909: -11 -20 -198 170
42910: -11 -20 -199 178
42911: -11 -20 -200 186
43394: -75 -81 -11 146
43472: -83 -83 -137 131
43522: -91 -81 -11 148
43573: -91 -87 -398 172
43586: -99 -81 -11 149
43714: -115 -81 -11 151
43778: -123 -81 -11 152
43838: -123 -88 -463 184
43839: -123 -88 -464 192
43858: -131 -147 -147 145
44099: -163 -145 -20 157
44145: -163 -151 -402 141
44291: -187 -145 -20 160
44343: -187 -151 -408 192
44919: -259 -279 -424 185
44921: -259 -280 -482 137
44926: -259 -280 -487 177
44927: -259 -280 -488 185
45011: -275 -275 -164 155
45015: -275 -275 -168 187
45118: -283 -280 -487 180
45175: -291 -279 -424 189
45182: -291 -280 -487 181
45367: -315 -279 -424 192
45375: -315 -280 -488 192
45382: -323 -337 -47 177
45451: -331 -338 -108 154
45477: -331 -341 -302 170
45521: -339 -339 -170 139
45876: -379 -343 -429 168
45882: -379 -344 -491 152
45888: -387 -401 -49 129
45896: -387 -402 -113 129
45951: -387 -408 -504 185
46032: -403 -403 -177 131
46168: -419 -404 -241 133
46208: -427 -401 -49 134
46240: -427 -405 -305 134
46272: -435 -401 -49 135
46344: -443 -402 -113 136
46392: -443 -408 -497 136
46399: -443 -408 -504 192
46457: -451 -472 -506 137
46461: -451 -472 -510 169
46462: -451 -472 -511 177
46471: -459 -465 -64 186
46494: -459 -468 -255 178
46506: -459 -470 -379 146
46514: -459 -471 -443 146
46544: -467 -467 -185 131
46599: -475 -465 -64 188
46642: -475 -471 -443 148
46663: -483 -465 -64 189
46727: -491 -465 -64 190
46770: -491 -471 -443 150
46855: -507 -465 -64 192
46859: -507 -466 -124 160
47073: -20 -29 -258 203
47074: -20 -29 -259 211
47075: -20 -29 -260 219
47076: -20 -29 -261 227
47077: -20 -29 -262 235
47078: -20 -29 -263 243
47079: -20 -29 -264 251
47490: -76 -89 -11 210
47554: -84 -89 -11 211
47640: -92 -92 -201 196
47642: -92 -92 -203 212
47643: -92 -92 -204 220
47647: -92 -92 -208 252
47682: -100 -89 -11 213
47746: -108 -89 -11 214
47810: -116 -89 -11 215
47874: -124 -89 -11 216
47939: -132 -153 -20 217
47946: -132 -154 -83 209
47975: -132 -157 -280 249
47984: -132 -159 -401 193
47991: -132 -159 -408 249
48072: -148 -154 -81 195
48387: -188 -153 -20 224
48392: -188 -154 -81 200
48447: -188 -160 -472 256
48951: -252 -223 -416 256
49015: -260 -287 -424 249
49022: -260 -288 -487 241
49032: -268 -282 -97 194
49093: -276 -281 -38 235
49143: -276 -287 -424 251
49151: -276 -288 -488 251
49176: -284 -284 -225 196
49183: -284 -284 -232 252
49488: -324 -347 -169 193
49542: -332 -345 -47 242
49592: -332 -352 -489 194
49984: -388 -409 -49 193
50002: -388 -411 -179 209
50019: -388 -413 -308 217
50112: -404 -409 -49 195
50200: -412 -412 -241 196
50202: -412 -412 -243 212
50204: -412 -412 -245 228
50240: -420 -409 -49 197
50368: -436 -409 -49 199
50429: -436 -416 -502 239
50432: -444 -409 -49 200
50488: -444 -416 -497 200
50553: -452 -480 -506 201
50556: -452 -480 -509 225
50557: -452 -480 -510 233
50558: -452 -480 -511 241
50567: -460 -473 -64 250
50631: -468 -473 -64 251
50714: -476 -476 -251 212
50759: -484 -473 -64 253
50771: -484 -475 -188 221
50823: -492 -473 -64 254
50887: -500 -473 -64 255
50952: -508 -474 -121 200
50955: -508 -474 -124 224
50960: -508 -475 -185 200
50963: -508 -475 -188 224
50987: -508 -478 -380 224
51240: -29 -38 -321 260
51241: -29 -38 -322 268
51242: -29 -38 -323 276
51243: -29 -38 -324 284
51245: -29 -38 -326 300
51246: -29 -38 -327 308
51247: -29 -38 -328 316
51586: -77 -97 -11 274
51608: -77 -100 -201 258
51650: -85 -97 -11 275
51701: -85 -103 -398 299
51714: -93 -97 -11 276
51765: -93 -103 -398 300
51808: -101 -101 -265 261
51893: -109 -103 -398 302
51906: -117 -97 -11 279
52035: -133 -161 -20 281
52042: -133 -162 -83 273
52072: -133 -166 -337 257
52073: -133 -166 -338 265
52077: -133 -166 -342 297
52080: -133 -167 -401 257
52088: -133 -168 -465 257
52095: -133 -168 -472 313
52099: -141 -161 -20 282
52168: -149 -162 -81 259
52216: -149 -168 -465 259
52223: -149 -168 -472 315
52327: -165 -165 -280 317
52535: -189 -167 -408 320
52543: -189 -168 -472 320
52548: -197 -225 -29 289
52740: -221 -225 -29 292
52794: -221 -232 -475 276
52904: -237 -230 -345 262
53008: -253 -227 -153 264
53055: -253 -232 -480 320
53092: -261 -293 -293 289
53239: -277 -295 -424 315
53303: -285 -295 -424 316
53431: -301 -295 -424 318
53520: -317 -291 -161 264
53559: -317 -295 -424 320
53751: -341 -359 -432 315
53766: -349 -353 -47 308
53856: -357 -357 -297 261
53862: -357 -357 -303 309
53958: -373 -353 -47 311
54080: -389 -417 -49 257
54088: -389 -418 -113 257
54104: -389 -420 -241 257
54208: -405 -417 -49 259
54272: -413 -417 -49 260
54400: -429 -417 -49 262
54464: -437 -417 -49 263
54528: -445 -417 -49 264
54591: -445 -424 -504 320
54650: -453 -488 -507 273
54653: -453 -488 -510 297
54654: -453 -488 -511 305
54800: -477 -483 -185 260
54808: -477 -484 -249 260
55057: -509 -483 -186 272
55058: -509 -483 -187 280
55060: -509 -483 -189 296
55064: -509 -484 -249 264
55068: -509 -484 -253 296
55085: -509 -486 -382 304
55088: -509 -487 -441 264
55409: -38 -47 -386 333
55410: -38 -47 -387 341
55411: -38 -47 -388 349
55412: -38 -47 -389 357
55414: -38 -47 -391 373
55415: -38 -47 -392 381
55618: -70 -105 -11 337
55633: -70 -107 -138 329
55647: -70 -108 -208 377
55648: -70 -109 -265 321
55655: -70 -109 -272 377
55669: -70 -111 -398 361
55676: -70 -112 -461 353
56200: -142 -170 -81 322
56259: -150 -169 -20 347
56266: -150 -170 -83 339
56295: -150 -173 -280 379
56394: -166 -170 -83 341
56440: -166 -176 -465 325
56615: -190 -173 -280 384
56639: -190 -176 -472 384
56644: -198 -233 -29 353
56656: -198 -235 -153 321
56696: -198 -240 -473 321
56703: -198 -240 -480 377
56767: -206 -240 -480 378
56772: -214 -233 -29 355
57127: -254 -237 -288 384
57151: -254 -240 -480 384
57157: -262 -297 -38 361
57183: -262 -300 -232 377
57215: -262 -304 -488 377
57413: -294 -297 -38 365
57445: -294 -301 -294 365
57471: -294 -304 -488 381
57605: -318 -297 -38 368
57679: -326 -362 -112 377
57744: -334 -363 -169 322
57798: -342 -361 -47 371
57837: -342 -366 -366 363
57850: -342 -368 -491 339
57932: -358 -362 -109 357
57946: -358 -364 -235 341
57965: -358 -366 -366 365
57976: -358 -368 -489 325
58240: -398 -425 -49 322
58255: -398 -426 -120 378
58256: -398 -427 -177 322
58264: -398 -428 -241 322
58272: -398 -429 -305 322
58277: -398 -429 -310 362
58296: -398 -432 -497 322
58297: -398 -432 -498 330
58302: -398 -432 -503 370
58303: -398 -432 -504 378
58745: -454 -496 -506 329
58747: -454 -496 -508 345
58750: -454 -496 -511 369
58759: -462 -489 -64 378
58773: -462 -491 -190 362
58823: -470 -489 -64 379
58887: -478 -489 -64 380
58951: -486 -489 -64 381
58953: -486 -490 -122 333
58965: -486 -491 -190 365
58973: -486 -492 -254 365
58996: -486 -495 -445 357
59143: -510 -489 -64 384
59157: -510 -491 -190 368
59165: -510 -492 -254 368
59168: -510 -493 -313 328
59169: -510 -493 -314 336
59172: -510 -493 -317 360
59173: -510 -493 -318 368
59190: -510 -495 -447 376
59521: -47 -49 -2 398
59778: -79 -113 -11 402
59842: -87 -113 -11 403
59906: -95 -113 -11 404
59970: -103 -113 -11 405
59992: -103 -116 -201 389
60034: -111 -113 -11 406
60149: -119 -119 -398 431
60162: -127 -113 -11 408
60238: -135 -178 -87 433
60263: -135 -181 -280 441
60280: -135 -184 -465 385
60287: -135 -184 -472 441
60291: -143 -177 -20 410
60296: -143 -178 -81 386
60327: -143 -181 -280 442
60355: -151 -177 -20 411
60547: -175 -177 -20 414
60656: -183 -183 -401 391
60663: -183 -183 -408 447
60728: -191 -184 -465 392
60733: -191 -184 -470 432
60751: -199 -242 -96 441
60799: -199 -248 -480 441
60991: -223 -248 -480 444
61060: -239 -241 -29 422
61175: -247 -247 -416 447
61317: -271 -305 -38 426
61381: -279 -305 -38 427
61445: -287 -305 -38 428
61509: -295 -305 -38 429
61573: -303 -305 -38 430
61681: -311 -311 -418 399
61687: -311 -311 -424 447
61823: -327 -376 -496 441
62199: -375 -375 -432 447
62842: -455 -504 -507 401
62843: -455 -504 -508 409
62845: -455 -504 -510 425
62855: -463 -497 -64 442
62919: -471 -497 -64 443
62998: -479 -499 -191 436
63022: -479 -502 -383 436
63047: -487 -497 -64 445
63111: -495 -497 -64 446
63112: -495 -498 -121 390
63134: -495 -500 -255 438
63256: -511 -500 -249 392
63801: -64 -64 -450 464
63802: -64 -64 -451 472
63803: -64 -64 -452 480
63804: -64 -64 -453 488
63805: -64 -64 -454 496
63806: -64 -64 -455 504
63938: -88 -121 -11 467
63989: -88 -127 -398 491
64002: -96 -121 -11 468
64130: -112 -121 -11 470
64194: -120 -121 -11 471
64245: -120 -127 -398 495
64368: -136 -191 -401 449
64451: -152 -185 -20 475
64515: -160 -185 -20 476
64707: -184 -185 -20 479
64824: -192 -192 -465 456
64836: -200 -249 -29 481
64964: -216 -249 -29 483
65092: -232 -249 -29 485
65156: -240 -249 -29 486
65187: -240 -253 -284 478
65343: -256 -256 -480 512
65413: -272 -313 -38 490
65477: -280 -313 -38 491
65541: -288 -313 -38 492
65553: -288 -315 -162 460
65639: -296 -317 -296 509
65669: -304 -313 -38 494
65733: -312 -313 -38 495
65772: -312 -318 -357 487
65855: -320 -320 -488 512
65926: -336 -377 -47 498
65990: -344 -377 -47 499
66065: -352 -379 -170 460
66099: -352 -383 -428 476
66118: -360 -377 -47 501
66164: -360 -383 -429 485
66246: -376 -377 -47 503
66368: -392 -441 -49 449
66496: -408 -441 -49 451
66560: -416 -441 -49 452
66624: -424 -441 -49 453
66688: -432 -441 -49 454
66752: -440 -441 -49 455
66968: -464 -508 -249 450
66970: -464 -508 -251 466
67049: -472 -510 -378 459
67058: -472 -511 -443 467
67082: -480 -506 -123 468
67083: -480 -506 -124 476
67122: -480 -511 -443 468
67289: -504 -508 -250 463
67529: -17 -11 -2 66
67817: -49 -47 -2 70
68045: -81 -11 -70 330
68117: -89 -20 -70 331
68189: -97 -29 -70 332
68261: -105 -38 -70 333
68333: -113 -47 -70 334
68413: -121 -64 -70 336
68482: -137 -2 -131 145
68483: -137 -2 -132 209
68484: -137 -2 -133 273
68486: -137 -2 -135 401
68487: -137 -2 -136 465
68555: -145 -11 -132 210
68556: -145 -11 -133 274
68558: -145 -11 -135 402
68559: -145 -11 -136 466
68626: -153 -20 -131 147
68627: -153 -20 -132 211
68628: -153 -20 -133 275
68629: -153 -20 -134 339
68630: -153 -20 -135 403
68631: -153 -20 -136 467
68698: -161 -29 -131 148
68699: -161 -29 -132 212
68700: -161 -29 -133 276
68702: -161 -29 -135 404
68703: -161 -29 -136 468
68771: -169 -38 -132 213
68772: -169 -38 -133 277
68774: -169 -38 -135 405
68775: -169 -38 -136 469
68842: -177 -47 -131 150
68843: -177 -47 -132 214
68844: -177 -47 -133 278
68845: -177 -47 -134 342
68846: -177 -47 -135 406
68847: -177 -47 -136 470
68922: -185 -64 -131 152
68923: -185 -64 -132 216
68924: -185 -64 -133 280
68925: -185 -64 -134 344
68926: -185 -64 -135 408
68927: -185 -64 -136 472
68993: -201 -2 -194 89
68995: -201 -2 -196 217
68996: -201 -2 -197 281
68997: -201 -2 -198 345
68999: -201 -2 -200 473
69069: -209 -11 -198 346
69143: -217 -20 -200 475
69209: -225 -29 -194 92
69211: -225 -29 -196 220
69212: -225 -29 -197 284
69213: -225 -29 -198 348
69214: -225 -29 -199 412
69215: -225 -29 -200 476
69283: -233 -38 -196 221
69287: -233 -38 -200 477
69353: -241 -47 -194 94
69355: -241 -47 -196 222
69356: -241 -47 -197 286
69358: -241 -47 -199 414
69433: -249 -64 -194 96
69435: -249 -64 -196 224
69436: -249 -64 -197 288
69437: -249 -64 -198 352
69438: -249 -64 -199 416
69439: -249 -64 -200 480
69507: -265 -2 -260 225
69653: -281 -20 -262 355
69793: -297 -38 -258 101
69794: -297 -38 -259 165
69797: -297 -38 -262 357
69798: -297 -38 -263 421
69865: -305 -47 -258 102
69866: -305 -47 -259 166
69868: -305 -47 -261 294
69869: -305 -47 -262 358
69870: -305 -47 -263 422
69945: -313 -64 -258 104
69946: -313 -64 -259 168
69947: -313 -64 -260 232
69948: -313 -64 -261 296
69949: -313 -64 -262 360
69950: -313 -64 -263 424
69951: -313 -64 -264 488
70089: -337 -11 -322 106
70093: -337 -11 -326 362
70094: -337 -11 -327 426
70161: -345 -20 -322 107
70166: -345 -20 -327 427
70457: -377 -64 -322 112
70458: -377 -64 -323 176
70459: -377 -64 -324 240
70461: -377 -64 -326 368
70462: -377 -64 -327 432
70463: -377 -64 -328 496
70603: -401 -11 -388 242
70604: -401 -11 -389 306
70606: -401 -11 -391 434
70673: -409 -20 -386 115
70678: -409 -20 -391 435
70746: -417 -29 -387 180
70750: -417 -29 -391 436
70751: -417 -29 -392 500
70970: -441 -64 -387 184
70971: -441 -64 -388 248
70972: -441 -64 -389 312
70974: -441 -64 -391 440
71024: -449 -49 -449 63
71042: -457 -2 -451 185
71043: -457 -2 -452 249
71044: -457 -2 -453 313
71045: -457 -2 -454 377
71046: -457 -2 -455 441
71113: -465 -11 -450 122
71115: -465 -11 -452 250
71116: -465 -11 -453 314
71117: -465 -11 -454 378
71118: -465 -11 -455 442
71185: -473 -20 -450 123
71186: -473 -20 -451 187
71188: -473 -20 -453 315
71190: -473 -20 -455 443
71257: -481 -29 -450 124
71258: -481 -29 -451 188
71259: -481 -29 -452 252
71261: -481 -29 -454 380
71330: -489 -38 -451 189
71331: -489 -38 -452 253
71332: -489 -38 -453 317
71334: -489 -38 -455 445
71401: -497 -47 -450 126
71402: -497 -47 -451 190
71403: -497 -47 -452 254
71405: -497 -47 -454 382
71406: -497 -47 -455 446
71506: -2 -81 -11 131
71514: -2 -89 -11 132
71522: -2 -97 -11 133
71530: -2 -105 -11 134
71538: -2 -113 -11 135
71546: -2 -121 -11 136
72081: -74 -82 -74 75
72089: -74 -90 -74 76
72097: -74 -98 -74 77
72105: -74 -106 -74 78
72113: -74 -114 -74 79
72121: -74 -122 -74 80
72322: -106 -70 -75 137
72323: -106 -70 -76 201
72585: -138 -74 -138 82
72835: -170 -70 -140 209
72838: -170 -70 -143 401
72911: -178 -79 -144 466
72926: -178 -95 -143 404
73048: -194 -89 -201 28
73063: -194 -97 -208 477
73097: -202 -74 -202 90
73274: -218 -124 -203 160
73346: -234 -70 -203 153
73351: -234 -70 -208 473
73439: -242 -95 -208 476
73586: -258 -113 -267 167
73958: -306 -103 -271 421
74022: -314 -104 -271 421
74074: -322 -89 -331 172
74083: -322 -97 -332 237
74101: -322 -113 -334 367
74111: -322 -121 -336 496
74121: -330 -74 -330 106
74137: -330 -90 -330 108
74153: -330 -106 -330 110
74370: -362 -70 -331 169
74371: -362 -70 -332 233
74453: -370 -87 -334 363
74469: -370 -103 -334 365
74543: -378 -112 -336 494
74546: -378 -120 -331 175
74597: -386 -97 -398 373
74605: -386 -105 -398 374
74709: -402 -83 -398 371
74733: -402 -107 -398 374
74797: -410 -108 -398 374
74853: -418 -101 -398 373
74885: -426 -70 -398 369
74965: -434 -87 -398 371
75095: -450 -81 -464 507
75103: -450 -89 -464 508
75111: -450 -97 -464 509
75119: -450 -105 -464 510
75127: -450 -113 -464 511
75145: -458 -74 -458 122
75234: -466 -99 -459 189
75306: -474 -108 -459 190
75393: -490 -70 -458 121
75394: -490 -70 -459 185
75395: -490 -70 -460 249
75396: -490 -70 -461 313
75397: -490 -70 -462 377
75398: -490 -70 -463 441
75399: -490 -70 -464 505
75483: -498 -95 -460 252
75539: -506 -88 -460 251
75540: -506 -88 -461 315
75541: -506 -88 -462 379
75542: -506 -88 -463 443
75550: -506 -96 -463 444
75659: -11 -138 -20 194
75667: -11 -146 -20 195
75675: -11 -154 -20 196
75683: -11 -162 -20 197
75691: -11 -170 -20 198
75699: -11 -178 -20 199
75707: -11 -186 -20 200
76234: -83 -139 -83 138
76242: -83 -147 -83 139
76250: -83 -155 -83 140
76258: -83 -163 -83 141
76274: -83 -179 -83 143
76296: -91 -140 -81 10
76624: -131 -145 -145 19
76643: -131 -161 -148 213
76652: -131 -169 -149 278
76671: -131 -185 -152 472
77079: -187 -152 -152 467
77096: -187 -176 -145 22
77104: -187 -184 -145 23
77250: -211 -131 -211 153
77319: -219 -132 -216 473
77599: -251 -160 -216 476
77654: -259 -145 -279 419
77794: -275 -163 -275 165
78015: -299 -190 -280 488
78023: -307 -135 -280 481
78080: -315 -136 -273 33
78200: -323 -185 -337 48
78241: -331 -162 -338 109
78464: -363 -134 -337 41
78545: -371 -151 -338 107
78592: -379 -136 -337 41
78597: -379 -136 -342 361
78632: -379 -176 -337 46
78633: -379 -176 -338 110
78635: -379 -176 -340 238
78637: -379 -176 -342 366
78638: -379 -176 -343 430
78719: -387 -185 -408 504
78802: -403 -147 -403 179
78834: -403 -179 -403 183
78855: -411 -132 -408 497
78911: -411 -188 -408 504
78919: -419 -133 -408 497
79105: -443 -136 -402 113
79108: -443 -136 -405 305
79110: -443 -136 -407 433
79111: -443 -136 -408 497
79140: -443 -168 -405 309
79183: -451 -137 -472 506
79191: -451 -145 -472 507
79199: -451 -153 -472 508
79207: -451 -161 -472 509
79215: -451 -169 -472 510
79223: -451 -177 -472 511
79231: -451 -185 -472 512
79306: -467 -139 -467 186
79314: -467 -147 -467 187
79354: -467 -187 -467 192
79360: -475 -132 -465 57
79364: -475 -132 -469 313
79366: -475 -132 -471 441
79400: -475 -172 -465 62
79408: -475 -180 -465 63
79419: -475 -188 -468 256
79424: -483 -133 -465 57
79430: -483 -133 -471 441
79440: -483 -149 -465 59
79488: -491 -134 -465 57
79489: -491 -134 -466 121
79493: -491 -134 -470 377
79494: -491 -134 -471 441
79496: -491 -142 -465 58
79504: -491 -150 -465 59
79549: -491 -190 -470 384
79550: -491 -190 -471 448
79552: -499 -135 -465 57
79812: -20 -195 -29 257
79820: -20 -203 -29 258
79828: -20 -211 -29 259
79836: -20 -219 -29 260
79844: -20 -227 -29 261
79852: -20 -235 -29 262
79860: -20 -243 -29 263
79868: -20 -251 -29 264
80427: -92 -236 -92 206
80513: -108 -198 -90 73
80537: -108 -222 -90 76
80640: -124 -200 -89 9
80664: -124 -224 -89 12
80743: -132 -225 -160 469
80745: -132 -233 -154 86
80750: -132 -233 -159 406
80751: -132 -233 -160 470
80759: -132 -241 -160 471
80760: -132 -249 -153 24
81023: -164 -253 -160 472
81161: -188 -208 -154 82
81193: -188 -240 -154 86
81194: -188 -240 -155 150
81196: -188 -240 -157 278
81198: -188 -240 -159 406
81233: -196 -209 -218 91
81240: -196 -217 -217 28
81260: -196 -233 -221 286
81695: -252 -224 -224 476
81790: -260 -249 -287 424
81979: -284 -252 -284 232
82111: -300 -254 -288 488
82119: -308 -199 -288 481
82296: -324 -249 -345 48
82308: -332 -194 -349 297
82356: -332 -242 -349 303
82364: -332 -250 -349 304
82732: -380 -240 -349 302
82791: -388 -225 -416 501
82793: -388 -233 -410 118
82798: -388 -233 -415 438
82799: -388 -233 -416 502
82815: -388 -249 -416 504
82995: -412 -244 -412 247
83143: -436 -199 -416 497
83218: -444 -216 -411 179
83241: -444 -240 -410 118
83244: -444 -240 -413 310
83246: -444 -240 -415 438
83279: -452 -201 -480 506
83287: -452 -209 -480 507
83295: -452 -217 -480 508
83303: -452 -225 -480 509
83311: -452 -233 -480 510
83319: -452 -241 -480 511
83327: -452 -249 -480 512
83328: -460 -194 -473 57
83418: -468 -219 -475 188
83536: -484 -213 -473 59
83584: -492 -198 -473 57
83593: -492 -206 -474 122
83608: -492 -222 -473 60
83648: -500 -199 -473 57
83709: -500 -255 -478 384
83722: -508 -208 -475 186
83724: -508 -208 -477 314
83725: -508 -208 -478 378
83733: -508 -216 -478 379
83745: -508 -232 -474 125
83746: -508 -232 -475 189
83749: -508 -232 -478 381
83973: -29 -260 -38 321
83981: -29 -268 -38 322
83989: -29 -276 -38 323
83997: -29 -284 -38 324
84005: -29 -292 -38 325
84013: -29 -300 -38 326
84021: -29 -308 -38 327
84029: -29 -316 -38 328
84416: -85 -259 -97 9
84556: -101 -269 -101 266
84580: -101 -293 -101 269
84609: -109 -262 -98 73
84857: -133 -313 -162 88
84858: -133 -313 -163 152
84859: -133 -313 -164 216
84863: -133 -313 -168 472
85076: -165 -277 -165 275
85092: -165 -293 -165 277
85271: -189 -280 -168 467
85368: -197 -313 -225 32
85877: -261 -305 -294 359
86140: -293 -317 -293 296
86289: -317 -280 -290 99
86313: -317 -304 -290 102
86318: -317 -304 -295 422
86541: -349 -268 -358 362
86883: -389 -289 -420 245
86983: -405 -259 -424 497
87039: -405 -315 -424 504
87047: -413 -260 -424 497
87087: -413 -300 -424 502
87140: -421 -293 -421 309
87156: -421 -309 -421 311
87175: -429 -262 -424 497
87263: -437 -287 -424 500
87314: -445 -280 -419 179
87375: -453 -265 -488 506
87383: -453 -273 -488 507
87391: -453 -281 -488 508
87399: -453 -289 -488 509
87407: -453 -297 -488 510
87415: -453 -305 -488 511
87423: -453 -313 -488 512
87504: -469 -275 -481 59
87676: -485 -317 -485 320
87693: -493 -270 -486 378
87801: -501 -319 -482 128
87803: -501 -319 -484 256
87806: -501 -319 -487 448
87821: -509 -272 -486 378
87822: -509 -272 -487 442
87825: -509 -280 -482 123
87827: -509 -280 -484 251
87829: -509 -280 -486 379
87830: -509 -280 -487 443
87834: -509 -288 -483 188
87837: -509 -288 -486 380
87838: -509 -288 -487 444
87849: -509 -304 -482 126
87851: -509 -304 -484 254
87854: -509 -304 -487 446
87857: -509 -312 -482 127
88134: -38 -325 -47 385
88142: -38 -333 -47 386
88150: -38 -341 -47 387
88158: -38 -349 -47 388
88166: -38 -357 -47 389
88174: -38 -365 -47 390
88182: -38 -373 -47 391
88190: -38 -381 -47 392
88384: -70 -321 -105 9
88386: -70 -321 -107 137
88388: -70 -321 -109 265
88390: -70 -321 -111 393
88391: -70 -321 -112 457
88401: -70 -337 -106 75
88407: -70 -337 -112 459
88408: -70 -345 -105 12
88410: -70 -345 -107 140
88412: -70 -345 -109 268
88415: -70 -345 -112 460
88424: -70 -361 -105 14
88428: -70 -361 -109 270
88431: -70 -361 -112 462
88432: -70 -369 -105 15
88440: -70 -377 -105 16
88441: -70 -377 -106 80
88442: -70 -377 -107 144
88443: -70 -377 -108 208
88444: -70 -377 -109 272
88446: -70 -377 -111 400
88447: -70 -377 -112 464
89088: -158 -324 -169 17
89097: -158 -332 -170 82
89464: -198 -377 -233 32
89481: -206 -330 -234 90
89483: -206 -330 -236 218
89485: -206 -330 -238 346
89544: -214 -331 -233 26
89612: -222 -332 -237 282
89789: -238 -382 -238 352
89792: -246 -327 -233 25
89871: -254 -336 -240 474
89890: -254 -360 -235 157
89911: -254 -376 -240 479
89975: -262 -369 -304 487
89993: -270 -330 -298 98
90407: -318 -360 -304 485
90537: -334 -362 -362 110
90546: -334 -370 -363 175
90555: -334 -378 -364 240
90557: -334 -378 -366 368
90805: -366 -374 -366 367
90862: -374 -367 -367 430
90914: -382 -360 -363 173
91009: -398 -322 -426 113
91011: -398 -322 -428 241
91012: -398 -322 -429 305
91017: -398 -330 -426 114
91018: -398 -330 -427 178
91019: -398 -330 -428 242
91020: -398 -330 -429 306
91022: -398 -330 -431 434
91023: -398 -330 -432 498
91030: -398 -338 -431 435
91031: -398 -338 -432 499
91039: -398 -346 -432 500
91054: -398 -362 -431 438
91055: -398 -362 -432 502
91064: -398 -378 -425 56
91066: -398 -378 -427 184
91067: -398 -378 -428 248
91068: -398 -378 -429 312
91070: -398 -378 -431 440
91071: -398 -378 -432 504
91463: -454 -321 -496 505
91479: -454 -337 -496 507
91487: -454 -345 -496 508
91495: -454 -353 -496 509
91503: -454 -361 -496 510
91511: -454 -369 -496 511
91519: -454 -377 -496 512
91529: -462 -330 -490 122
91530: -462 -330 -491 186
91532: -462 -330 -493 314
91533: -462 -330 -494 378
91579: -462 -378 -492 256
91592: -470 -331 -489 58
91594: -470 -331 -491 186
91602: -470 -339 -491 187
91618: -470 -355 -491 189
91626: -470 -363 -491 190
91642: -470 -379 -491 192
91648: -478 -324 -489 57
91658: -478 -332 -491 186
91730: -486 -341 -491 187
91738: -486 -349 -491 188
91746: -486 -357 -491 189
91914: -510 -336 -491 186
91923: -510 -344 -492 251
91934: -510 -352 -495 444
91939: -510 -360 -492 253
91942: -510 -360 -495 445
91953: -510 -376 -490 127
91954: -510 -376 -491 191
91955: -510 -376 -492 255
92288: -47 -390 -49 1
92304: -47 -406 -49 3
92312: -47 -414 -49 4
92320: -47 -422 -49 5
92328: -47 -430 -49 6
92336: -47 -438 -49 7
92344: -47 -446 -49 8
92634: -87 -411 -115 140
92636: -87 -411 -117 268
92736: -103 -389 -113 9
92743: -103 -389 -120 457
92792: -103 -445 -113 16
92799: -103 -445 -120 464
92932: -127 -392 -117 265
92951: -127 -408 -120 459
92952: -127 -416 -113 12
92968: -127 -432 -113 14
93055: -135 -441 -184 472
93186: -159 -388 -179 145
93250: -167 -389 -179 145
93322: -175 -398 -179 146
93382: -183 -391 -183 401
93441: -191 -392 -178 81
94079: -263 -441 -312 488
94279: -295 -389 -312 481
94347: -303 -398 -308 226
94406: -311 -391 -311 417
94438: -311 -423 -311 421
94487: -319 -408 -312 483
95020: -383 -432 -373 302
95575: -455 -401 -504 507
95583: -455 -409 -504 508
95591: -455 -417 -504 509
95599: -455 -425 -504 510
95615: -455 -441 -504 512
95632: -463 -402 -497 59
95674: -463 -442 -499 192
95677: -463 -442 -502 384
95728: -471 -435 -497 63
95805: -479 -444 -502 384
95826: -487 -405 -499 187
95882: -495 -398 -499 186
95883: -495 -398 -500 250
95884: -495 -398 -501 314
96017: -511 -408 -498 123
96020: -511 -408 -501 315
96021: -511 -408 -502 379
96025: -511 -416 -498 124
96026: -511 -416 -499 188
96028: -511 -416 -501 316
96029: -511 -416 -502 380
96035: -511 -424 -500 253
96037: -511 -424 -502 381
96519: -64 -456 -64 449
96527: -64 -464 -64 450
96535: -64 -472 -64 451
96543: -64 -480 -64 452
96551: -64 -488 -64 453
96559: -64 -496 -64 454
96567: -64 -504 -64 455
96575: -64 -512 -64 456
96712: -88 -459 -121 10
96728: -88 -475 -121 12
96763: -88 -507 -124 208
96768: -96 -452 -121 9
96792: -96 -476 -121 12
96817: -96 -500 -122 79
96832: -104 -453 -121 9
96842: -104 -461 -123 138
96866: -104 -485 -123 141
96905: -112 -462 -122 74
96907: -112 -462 -124 202
96937: -112 -494 -122 78
96944: -112 -502 -121 15
96958: -112 -510 -127 400
96963: -120 -455 -124 201
96966: -120 -455 -127 393
97022: -120 -511 -127 400
97047: -128 -472 -128 459
97055: -128 -480 -128 460
97063: -128 -488 -128 461
97071: -128 -496 -128 462
97079: -128 -504 -128 463
97134: -136 -489 -191 406
97198: -144 -490 -191 406
97262: -152 -491 -191 406
97283: -160 -452 -188 209
97286: -160 -452 -191 401
97336: -160 -508 -185 24
97344: -168 -453 -185 17
97400: -168 -509 -185 24
97402: -168 -509 -187 152
97403: -168 -509 -188 216
97510: -184 -487 -191 405
97528: -184 -511 -185 24
97530: -184 -511 -187 152
97534: -184 -511 -191 408
97567: -192 -480 -192 468
97575: -192 -488 -192 469
97583: -192 -496 -192 470
97625: -200 -473 -250 92
97665: -208 -450 -250 89
97667: -208 -450 -252 217
97773: -216 -491 -254 350
97784: -216 -507 -249 32
97786: -216 -507 -251 160
97787: -216 -507 -252 224
97864: -232 -461 -249 26
97880: -232 -477 -249 28
97913: -232 -509 -250 96
97915: -232 -509 -252 224
97945: -240 -478 -250 92
97947: -240 -478 -252 220
97948: -240 -478 -253 284
97950: -240 -478 -255 412
97965: -240 -494 -254 350
97977: -240 -510 -250 96
97979: -240 -510 -252 224
97984: -248 -455 -249 25
97985: -248 -455 -250 89
98040: -248 -511 -249 32
98071: -256 -472 -256 475
98087: -256 -488 -256 477
98240: -280 -451 -313 33
98248: -280 -459 -313 34
98256: -280 -467 -313 35
98258: -280 -467 -315 163
98260: -280 -467 -317 291
98264: -280 -475 -313 36
98268: -280 -475 -317 292
98284: -280 -491 -317 294
98288: -280 -499 -313 39
98300: -280 -507 -317 296
98304: -288 -452 -313 33
98324: -288 -468 -317 291
98328: -288 -476 -313 36
98336: -288 -484 -313 37
98356: -288 -500 -317 295
98360: -288 -508 -313 40
98496: -312 -455 -313 33
98537: -312 -495 -314 102
98545: -312 -503 -314 103
98553: -312 -511 -314 104
98554: -312 -511 -315 168
98556: -312 -511 -317 296
98583: -320 -472 -320 483
98607: -320 -496 -320 486
98725: -336 -482 -382 365
98744: -336 -506 -377 48
98745: -336 -506 -378 112
98746: -336 -506 -379 176
98747: -336 -506 -380 240
98749: -336 -506 -382 368
98750: -336 -506 -383 432
98752: -344 -451 -377 41
98793: -344 -491 -378 110
98825: -352 -460 -378 106
98873: -352 -508 -378 112
98877: -352 -508 -382 368
98880: -360 -453 -377 41
98888: -360 -461 -377 42
98889: -360 -461 -378 106
98912: -360 -485 -377 45
98938: -360 -509 -379 176
98941: -360 -509 -382 368
98977: -368 -486 -378 109
99016: -376 -463 -377 42
99032: -376 -479 -377 44
99048: -376 -495 -377 46
99095: -384 -472 -384 491
99103: -384 -480 -384 492
99111: -384 -488 -384 493
99127: -384 -504 -384 495
99154: -392 -465 -443 179
99155: -392 -465 -444 243
99282: -408 -467 -443 179
99292: -408 -475 -445 308
99305: -408 -491 -442 118
99326: -408 -507 -447 440
99338: -416 -460 -443 178
99450: -424 -509 -443 184
99457: -432 -454 -442 113
99459: -432 -454 -444 241
99462: -432 -454 -447 433
99468: -432 -462 -445 306
99473: -432 -470 -442 115
99505: -432 -502 -442 119
99506: -432 -502 -443 183
99508: -432 -502 -445 311
99510: -432 -502 -447 439
99514: -432 -510 -443 184
99607: -448 -472 -448 499
99623: -448 -488 -448 501
99631: -448 -496 -448 502
99718: -464 -450 -511 441
99788: -472 -459 -509 314
99804: -472 -475 -509 316
99812: -472 -483 -509 317
99820: -472 -491 -509 318
99860: -480 -468 -509 315
99876: -480 -484 -509 317
99884: -480 -492 -509 318
100042: -504 -463 -507 186
100187: -49 -57
100189: -2 -10
100190: -2 -18
100191: -2 -26
100192: -2 -34
100193: -2 -42
100194: -2 -50
100195: -2 -58
100225: -11 -19
100226: -11 -27
100227: -11 -35
100228: -11 -43
100230: -11 -59
100260: -20 -28
100261: -20 -36
100262: -20 -44
100263: -20 -52
100264: -20 -60
100294: -29 -37
100295: -29 -45
100296: -29 -53
100297: -29 -61
100327: -38 -46
100328: -38 -54
100329: -38 -62
100359: -47 -55
100360: -47 -63
100391: 8 16 24 32 40 48 56 64
100406: -81 -97
100410: -89 -97
100412: -89 -113
100413: -89 -121
100416: -97 -121
100420: 65 73 81 89 97 105 113 121
100438: -82 -122
100442: -90 -122
100449: 66 74 82 90 98 106 114 122
100457: -75 -83
100463: -83 -91
100464: -83 -99
100465: -83 -107
100466: -83 -115
100471: -91 -123
100477: -115 -123
100478: 67 75 83 91 99 107 115 123
100488: -76 -100
100489: -76 -108
100500: -92 -124
100501: -100 -108
100507: 68 76 84 92 100 108 116 124
100517: -77 -101
100518: -77 -109
100530: -101 -109
100533: -109 -117
100535: -117 -125
100536: 69 77 85 93 101 109 117 125
100537: -70 -78
100538: -70 -86
100539: -70 -94
100540: -70 -102
100541: -70 -110
100542: -70 -118
100543: -70 -126
100576: -79 -111
100582: -87 -119
100594: 71 79 87 95 103 111 119 127
100604: -80 -104
100618: -104 -120
100623: 72 80 88 96 104 112 120 128
100631: -137 -145
100636: -137 -185
100637: -145 -153
100638: -145 -161
100639: -145 -169
100640: -145 -177
100641: -145 -185
100645: -153 -185
100649: -169 -177
100650: -169 -185
100652: 129 137 145 153 161 169 177 185
100677: -162 -186
100681: 130 138 146 154 162 170 178 186
100682: -131 -139
100683: -131 -147
100688: -131 -187
100710: 131 139 147 155 163 171 179 187
100711: -132 -140
100712: -132 -148
100715: -132 -172
100716: -132 -180
100717: -132 -188
100718: -140 -148
100732: -156 -188
100739: 132 140 148 156 164 172 180 188
100740: -133 -141
100741: -133 -149
100742: -133 -157
100743: -133 -165
100744: -133 -173
100746: -133 -189
100752: -141 -189
100756: -149 -181
100757: -149 -189
100767: -181 -189
100768: 133 141 149 157 165 173 181 189
100772: -134 -166
100775: -134 -190
100783: -150 -166
100785: -150 -182
100786: -150 -190
100793: -166 -190
100796: -182 -190
100797: 134 142 150 158 166 174 182 190
100798: -135 -143
100799: -135 -151
100801: -135 -167
100802: -135 -175
100803: -135 -183
100804: -135 -191
100805: -143 -151
100812: -151 -167
100826: 135 143 151 159 167 175 183 191
100828: -136 -152
100829: -136 -160
100831: -136 -176
100832: -136 -184
100837: -144 -176
100847: -160 -184
100855: 136 144 152 160 168 176 184 192
100868: -201 -249
100873: -209 -249
100877: -217 -249
100880: -225 -249
100882: -233 -249
100883: -241 -249
100884: 193 201 209 217 225 233 241 249
100885: -194 -202
100887: -194 -218
100891: -194 -250
100905: -218 -242
100906: -218 -250
100908: -226 -242
100913: 194 202 210 218 226 234 242 250
100942: 195 203 211 219 227 235 243 251
100945: -196 -220
100949: -196 -252
100971: 196 204 212 220 228 236 244 252
100973: -197 -213
100976: -197 -237
100977: -197 -245
100978: -197 -253
100989: -213 -253
101000: 197 205 213 221 229 237 245 253
101001: -198 -206
101002: -198 -214
101003: -198 -222
101007: -198 -254
101009: -206 -222
101013: -206 -254
101017: -214 -246
101022: -222 -254
101028: -246 -254
101029: 198 206 214 222 230 238 246 254
101032: -199 -223
101035: -199 -247
101036: -199 -255
101062: -200 -232
101063: -200 -240
101066: -208 -216
101069: -208 -240
101072: -216 -224
101073: -216 -232
101077: -224 -232
101078: -224 -240
101081: -232 -240
101082: -232 -248
101087: 200 208 216 224 232 240 248 256
101099: -265 -305
101100: -265 -313
101104: -273 -305
101112: -289 -313
101114: -297 -313
101115: -305 -313
101116: 257 265 273 281 289 297 305 313
101117: -258 -266
101120: -258 -290
101123: -258 -314
101131: -274 -290
101141: -290 -314
101144: -306 -314
101147: -259 -275
101149: -259 -291
101150: -259 -299
101152: -259 -315
101169: -291 -307
101170: -291 -315
101174: 259 267 275 283 291 299 307 315
101176: -260 -276
101203: 260 268 276 284 292 300 308 316
101210: -261 -317
101213: -269 -293
101216: -269 -317
101221: -277 -317
101232: 261 269 277 285 293 301 309 317
101233: -262 -270
101234: -262 -278
101236: -262 -294
101240: -270 -278
101241: -270 -286
101246: -278 -286
101255: -294 -302
101259: -302 -318
101260: -310 -318
101261: 262 270 278 286 294 302 310 318
101265: -263 -295
101267: -263 -311
101280: -287 -295
101290: 263 271 279 287 295 303 311 319
101292: -264 -280
101304: -280 -288
101305: -280 -296
101306: -280 -304
101307: -280 -312
101309: -288 -296
101319: 264 272 280 288 296 304 312 320
101325: -321 -369
101326: -321 -377
101344: -353 -377
101345: -361 -369
101346: -361 -377
101347: -369 -377
101348: 321 329 337 345 353 361 369 377
101349: -322 -330
101353: -322 -362
101355: -322 -378
101356: -330 -338
101357: -330 -346
101359: -330 -362
101361: -330 -378
101375: -362 -378
101377: 322 330 338 346 354 362 370 378
101378: -323 -331
101381: -323 -355
101382: -323 -363
101384: -323 -379
101387: -331 -355
101388: -331 -363
101389: -331 -371
101390: -331 -379
101395: -339 -379
101404: -363 -379
101405: -371 -379
101406: 323 331 339 347 355 363 371 379
101407: -324 -332
101411: -324 -364
101413: -324 -380
101414: -332 -340
101415: -332 -348
101417: -332 -364
101419: -332 -380
101464: 325 333 341 349 357 365 373 381
101465: -326 -334
101468: -326 -358
101470: -326 -374
101471: -326 -382
101474: -334 -358
101475: -334 -366
101476: -334 -374
101477: -334 -382
101488: -358 -374
101493: 326 334 342 350 358 366 374 382
101500: -327 -383
101522: 327 335 343 351 359 367 375 383
101523: -328 -336
101530: -336 -344
101531: -336 -352
101532: -336 -360
101533: -336 -368
101535: -336 -384
101537: -344 -360
101542: -352 -368
101545: -360 -368
101546: -360 -376
101551: 328 336 344 352 360 368 376 384
101565: -401 -409
101566: -401 -417
101569: -401 -441
101573: -409 -441
101576: -417 -441
101578: -425 -441
101580: 385 393 401 409 417 425 433 441
101585: -386 -426
101587: -386 -442
101598: -402 -442
101600: -410 -426
101609: 386 394 402 410 418 426 434 442
101611: -387 -403
101612: -387 -411
101614: -387 -427
101616: -387 -443
101626: -403 -435
101627: -403 -443
101638: 387 395 403 411 419 427 435 443
101640: -388 -404
101641: -388 -412
101643: -388 -428
101645: -388 -444
101652: -404 -412
101653: -404 -420
101660: -412 -444
101666: -436 -444
101667: 388 396 404 412 420 428 436 444
101669: -389 -405
101670: -389 -413
101671: -389 -421
101672: -389 -429
101674: -389 -445
101685: -405 -445
101692: -421 -445
101696: 389 397 405 413 421 429 437 445
101754: 391 399 407 415 423 431 439 447
101756: -392 -408
101757: -392 -416
101769: -408 -424
101770: -408 -432
101771: -408 -440
101774: -416 -432
101783: 392 400 408 416 424 432 440 448
101798: -465 -481
101799: -465 -489
101800: -465 -497
101807: -481 -497
101812: 449 457 465 473 481 489 497 505
101814: -450 -466
101816: -450 -482
101817: -450 -490
101818: -450 -498
101821: -458 -474
101823: -458 -490
101827: -466 -482
101830: -466 -506
101831: -474 -482
101834: -474 -506
101835: -482 -490
101836: -482 -498
101840: -498 -506
101841: 450 458 466 474 482 490 498 506
101842: -451 -459
101843: -451 -467
101844: -451 -475
101845: -451 -483
101846: -451 -491
101847: -451 -499
101849: -459 -467
101850: -459 -475
101852: -459 -491
101854: -459 -507
101855: -467 -475
101861: -475 -491
101863: -475 -507
101870: 451 459 467 475 483 491 499 507
101871: -452 -460
101872: -452 -468
101873: -452 -476
101874: -452 -484
101875: -452 -492
101876: -452 -500
101877: -452 -508
101883: -460 -508
101887: -468 -500
101888: -468 -508
101893: -484 -492
101895: -484 -508
101896: -492 -500
101898: -500 -508
101899: 452 460 468 476 484 492 500 508
101900: -453 -461
101901: -453 -469
101902: -453 -477
101904: -453 -493
101905: -453 -501
101906: -453 -509
101912: -461 -509
101915: -469 -493
101917: -469 -509
101921: -477 -509
101926: -493 -509
101927: -501 -509
101928: 453 461 469 477 485 493 501 509
101929: -454 -462
101930: -454 -470
101932: -454 -486
101934: -454 -502
101935: -454 -510
101941: -462 -510
101944: -470 -494
101946: -470 -510
101950: -478 -510
101951: -486 -494
101952: -486 -502
101956: -502 -510
101957: 454 462 470 478 486 494 502 510
101958: -455 -463
101960: -455 -479
101961: -455 -487
101962: -455 -495
101964: -455 -511
101970: -463 -511
101975: -471 -511
101980: -487 -495
101982: -487 -511
101983: -495 -503
101984: -495 -511
101986: 455 463 471 479 487 495 503 511
101994: -464 -472
101995: -464 -480
101996: -464 -488
101998: -464 -504
102000: -472 -480
102001: -472 -488
102003: -472 -504
102005: -480 -488
102007: -480 -504
102010: -488 -504
102015: 456 464 472 480 488 496 504 512
102123: -330 -76 206
102124: -330 -77 270
102127: -330 -80 462
102140: -458 -77 272
102142: -458 -79 400
102152: -83 -145 18
102156: -83 -149 274
102157: -83 -150 338
102158: -83 -151 402
102159: -83 -152 466
102170: -211 -147 148
102171: -211 -148 212
102172: -211 -149 276
102174: -211 -151 404
102175: -211 -152 468
102178: -275 -147 149
102182: -275 -151 405
102183: -275 -152 469
102184: -339 -145 22
102192: -403 -145 23
102200: -467 -145 24
102203: -467 -148 216
102204: -467 -149 280
102205: -467 -150 344
102206: -467 -151 408
102219: -92 -220 218
102251: -348 -220 222
102254: -348 -223 414
102257: -412 -218 95
102259: -412 -220 223
102266: -476 -219 160
102286: -101 -295 418
102294: -165 -295 419
102313: -357 -290 102
102314: -357 -291 166
102316: -357 -293 294
102317: -357 -294 358
102318: -357 -295 422
102319: -357 -296 486
102321: -421 -290 103
102334: -485 -295 424
102369: -302 -362 109
102394: -494 -363 176
102395: -494 -364 240
102399: -494 -368 496
102457: -503 -434 120
102464: -64 -505 57
102465: -64 -506 121
102466: -64 -507 185
102467: -64 -508 249
102468: -64 -509 313
102469: -64 -510 377
102470: -64 -511 441
102476: -128 -509 314
102483: -192 -508 251
102484: -192 -509 315
102492: -256 -509 316
102498: -320 -507 189
102499: -320 -508 253
102506: -384 -507 190
102507: -384 -508 254
102508: -384 -509 318
102514: -448 -507 191
102515: -448 -508 255
102516: -448 -509 319
103278: -76 -206 -111 414
103301: -77 -265 -70 353
103342: -77 -270 -111 422
103465: -79 -398 -106 118
103467: -79 -398 -108 246
103468: -79 -398 -109 310
103471: -79 -398 -112 502
103522: -80 -461 -99 189
103524: -80 -461 -101 317
103577: -145 -20 -154 68
103580: -145 -20 -157 260
103581: -145 -20 -158 324
103582: -145 -20 -159 388
103869: -149 -280 -190 360
103939: -151 -401 -132 241
103940: -151 -401 -133 305
103969: -151 -405 -162 117
104178: -218 -95 -243 143
104381: -221 -288 -254 360
104471: -223 -411 -216 499
104517: -224 -473 -198 377
104744: -291 -166 -297 22
105143: -361 -47 -376 455
105215: -362 -112 -384 464
105732: -435 -177 -389 273
105805: -436 -242 -398 346
105859: -437 -305 -388 225
106241: -507 -185 -450 81
106246: -507 -185 -455 401
106305: -508 -249 -450 89
106306: -508 -249 -451 153
106310: -508 -249 -455 409
106369: -509 -313 -450 97
106371: -509 -313 -452 225
106374: -509 -313 -455 417
106433: -510 -377 -450 105
106478: -510 -382 -495 430
106498: -511 -441 -451 177
106499: -511 -441 -452 241
107374: -76 -206 -114 414
107438: -77 -270 -114 422
107439: -77 -270 -122 486
107563: -79 -398 -90 246
107564: -79 -398 -98 310
107566: -79 -398 -114 438
107567: -79 -398 -122 502
107627: -80 -462 -90 254
107673: -145 -20 -139 68
107677: -145 -20 -171 324
107896: -148 -216 -131 32
107928: -149 -276 -131 36
107960: -149 -280 -131 40
107965: -149 -280 -171 360
108045: -151 -402 -171 370
108199: -217 -29 -252 453
108719: -289 -38 -317 454
109116: -295 -424 -293 312
109233: -361 -47 -334 71
109254: -362 -105 -374 393
109280: -362 -109 -326 13
109313: -363 -169 -334 81
109377: -364 -233 -334 89
109398: -364 -235 -374 411
109414: -364 -237 -374 413
109422: -364 -238 -374 414
109593: -367 -428 -334 116
109652: -368 -491 -358 315
109816: -434 -120 -391 16
110278: -506 -121 -504 393
110337: -507 -185 -464 81
110401: -508 -249 -464 89
110402: -508 -249 -472 153
110406: -508 -249 -504 409
110413: -508 -250 -496 346
110421: -508 -251 -496 347
110438: -508 -253 -504 413
110465: -509 -313 -464 97
110466: -509 -313 -472 161
110467: -509 -313 -480 225
110470: -509 -313 -504 417
110529: -510 -377 -464 105
110593: -511 -441 -464 113
110720: -2 -1 -1
111053: -368 -366 -366
111168: -2 -65
111169: -2 -9
111170: -2 -73
111171: -2 -66
111790: -76 -90
111791: -76 -218
111859: -77 -98
111998: -79 -434
112065: -80 -458
112066: -80 -122
112088: -80 -460 -250
112197: -145 -135 -179
112319: -148 -153 -20
112342: -149 -163
112386: -149 -161 -131
112390: -149 -162 -83
112480: -151 -179
112551: -152 -472
112758: -219 -155
112763: -219 -153 -20
112963: -223 -244
113034: -224 -480
113049: -224 -475 -188
113170: -290 -269
113235: -290 -272 -317
113304: -291 -280 -317
113517: -296 -488
113679: -362 -109 -357
113690: -362 -111 -398
113703: -362 -331 -342
113709: -362 -333 -358
113769: -363 -338 -334
113787: -363 -344 -382
113793: -364 -236
113838: -364 -346 -334
113999: -368 -510
114000: -368 -496
114069: -433 -49
114483: -440 -504
114618: -506 -128
114619: -506 -464
114620: -506 -80
114622: -506 -458
114687: -507 -192
114688: -507 -472
114689: -507 -152
114733: -507 -465 -64
114756: -508 -256
114757: -508 -480
114758: -508 -224
114759: -508 -252
114760: -508 -476
114802: -508 -473 -64
114809: -508 -475 -188
114819: -508 -479 -504
114825: -509 -320
114826: -509 -488
114827: -509 -296
114828: -509 -317
114829: -509 -485
114871: -509 -481 -64
114873: -509 -482 -464
114890: -509 -487 -445
114896: -510 -368
114898: -510 -494
114963: -511 -448
114964: -511 -504
114965: -511 -440
114966: -511 -447
114967: -511 -503
115009: -511 -497 -64
115032: 2
115033: 11
115034: 20
115035: 29
115036: 38
115037: 47
115038: 49